"idGame","slugTeam","lineup","lineupStint","numberPeriod","initialScoreTeam","initialScoreOpp","finalScoreTeam","finalScoreOpp","initialTime","finalTime","totalScoreTeam","totalScoreOpp","netScoreTeam","totalTime"
"22100001","BKN","Blake Griffin, James Harden, Joe Harris, Kevin Durant, Nic Claxton",0,"1",0,0,8,15,0,286,8,15,-7,286
"22100001","MIL","Brook Lopez, Giannis Antetokounmpo, Grayson Allen, Jrue Holiday, Khris Middleton",0,"1",0,0,10,6,0,235,10,6,4,235
"22100001","BKN","Blake Griffin, James Harden, Kevin Durant, Nic Claxton, Patty Mills",1,"1",8,15,12,23,286,407,4,8,-4,121
"22100001","MIL","Giannis Antetokounmpo, Grayson Allen, Jrue Holiday, Khris Middleton, Pat Connaughton",1,"1",10,6,23,12,235,407,13,6,7,172
"22100001","BKN","James Harden, Kevin Durant, Nic Claxton, Patty Mills, Paul Millsap",2,"1",12,23,12,23,407,407,0,0,0,0
"22100001","MIL","George Hill, Giannis Antetokounmpo, Jrue Holiday, Khris Middleton, Pat Connaughton",2,"1",23,12,25,12,407,456,2,0,2,49
"22100001","BKN","Kevin Durant, LaMarcus Aldridge, Nic Claxton, Patty Mills, Paul Millsap",3,"1",12,23,12,23,407,407,0,0,0,0
"22100001","MIL","George Hill, Jrue Holiday, Khris Middleton, Pat Connaughton, Thanasis Antetokounmpo",3,"1",25,12,25,12,456,471,0,0,0,15
"22100001","BKN","Jevon Carter, Kevin Durant, LaMarcus Aldridge, Patty Mills, Paul Millsap",4,"1",12,23,15,31,407,536,3,8,-5,129
"22100001","MIL","Brook Lopez, George Hill, Jrue Holiday, Pat Connaughton, Thanasis Antetokounmpo",4,"1",25,12,31,15,471,536,6,3,3,65
"22100001","BKN","James Harden, Jevon Carter, LaMarcus Aldridge, Patty Mills, Paul Millsap",5,"1",15,31,17,33,536,560,2,2,0,24
"22100001","MIL","Brook Lopez, George Hill, Jordan Nwora, Pat Connaughton, Thanasis Antetokounmpo",5,"1",31,15,37,25,536,720,6,10,-4,184
"22100001","BKN","James Harden, Joe Harris, LaMarcus Aldridge, Patty Mills, Paul Millsap",6,"1",17,33,25,37,560,720,8,4,4,160
"22100001","MIL","Giannis Antetokounmpo, Grayson Allen, Jordan Nwora, Jrue Holiday, Sandro Mamukelashvili",6,"2",37,25,50,37,720,994,13,12,1,274
"22100001","BKN","James Harden, James Johnson, Joe Harris, Nic Claxton, Patty Mills",7,"2",25,37,31,39,720,805,6,2,4,85
"22100001","MIL","Brook Lopez, Giannis Antetokounmpo, Grayson Allen, Jrue Holiday, Sandro Mamukelashvili",7,"2",50,37,50,37,994,994,0,0,0,0
"22100001","BKN","James Harden, James Johnson, Jevon Carter, Joe Harris, Nic Claxton",8,"2",31,39,37,50,805,994,6,11,-5,189
"22100001","MIL","Brook Lopez, Giannis Antetokounmpo, Grayson Allen, Jrue Holiday, Khris Middleton",8,"2",50,37,55,37,994,1100,5,0,5,106
"22100001","BKN","James Harden, Jevon Carter, Joe Harris, Kevin Durant, Nic Claxton",9,"2",37,50,37,50,994,1013,0,0,0,19
"22100001","MIL","Brook Lopez, Giannis Antetokounmpo, Jrue Holiday, Khris Middleton, Pat Connaughton",9,"2",55,37,55,37,1100,1100,0,0,0,0
"22100001","BKN","James Harden, Jevon Carter, Joe Harris, Kevin Durant, LaMarcus Aldridge",10,"2",37,50,37,55,1013,1100,0,5,-5,87
"22100001","MIL","Brook Lopez, George Hill, Jrue Holiday, Khris Middleton, Pat Connaughton",10,"2",55,37,61,48,1100,1247,6,11,-5,147
"22100001","BKN","Jevon Carter, Joe Harris, Kevin Durant, LaMarcus Aldridge, Patty Mills",11,"2",37,55,40,57,1100,1128,3,2,1,28
"22100001","MIL","Brook Lopez, George Hill, Jordan Nwora, Khris Middleton, Pat Connaughton",11,"2",61,48,61,50,1247,1288,0,2,-2,41
"22100001","BKN","Blake Griffin, Joe Harris, Kevin Durant, LaMarcus Aldridge, Patty Mills",12,"2",40,57,53,61,1128,1341,13,4,9,213
"22100001","MIL","George Hill, Giannis Antetokounmpo, Jordan Nwora, Khris Middleton, Pat Connaughton",12,"2",61,50,66,59,1288,1440,5,9,-4,152
"22100001","BKN","Blake Griffin, James Harden, Kevin Durant, LaMarcus Aldridge, Patty Mills",13,"2",53,61,53,61,1341,1341,0,0,0,0
"22100001","MIL","Brook Lopez, George Hill, Giannis Antetokounmpo, Grayson Allen, Khris Middleton",13,"3",66,59,79,68,1440,1696,13,9,4,256
"22100001","BKN","Blake Griffin, James Harden, Kevin Durant, Nic Claxton, Patty Mills",14,"2",53,61,59,66,1341,1440,6,5,1,99
"22100001","MIL","Brook Lopez, Giannis Antetokounmpo, Grayson Allen, Khris Middleton, Pat Connaughton",14,"3",79,68,81,70,1696,1752,2,2,0,56
"22100001","BKN","Blake Griffin, James Harden, Joe Harris, Kevin Durant, Nic Claxton",15,"3",59,66,68,79,1440,1696,9,13,-4,256
"22100001","MIL","Giannis Antetokounmpo, Grayson Allen, Jordan Nwora, Khris Middleton, Pat Connaughton",15,"3",81,70,84,73,1752,1837,3,3,0,85
"22100001","BKN","Blake Griffin, James Harden, Joe Harris, Kevin Durant, LaMarcus Aldridge",16,"3",68,79,70,81,1696,1752,2,2,0,56
"22100001","MIL","Giannis Antetokounmpo, Jordan Nwora, Justin Robinson, Khris Middleton, Pat Connaughton",16,"3",84,73,85,74,1837,1862,1,1,0,25
"22100001","BKN","Blake Griffin, Joe Harris, Kevin Durant, LaMarcus Aldridge, Patty Mills",17,"3",70,81,73,84,1752,1837,3,3,0,85
"22100001","MIL","Jordan Nwora, Justin Robinson, Khris Middleton, Pat Connaughton, Thanasis Antetokounmpo",17,"3",85,74,88,75,1862,1947,3,1,2,85
"22100001","BKN","James Johnson, Joe Harris, Kevin Durant, LaMarcus Aldridge, Patty Mills",18,"3",73,84,73,84,1837,1837,0,0,0,0
"22100001","MIL","George Hill, Jordan Nwora, Justin Robinson, Khris Middleton, Thanasis Antetokounmpo",18,"3",88,75,88,75,1947,1947,0,0,0,0
"22100001","BKN","James Johnson, Jevon Carter, Kevin Durant, LaMarcus Aldridge, Patty Mills",19,"3",73,84,77,90,1837,1997,4,6,-2,160
"22100001","MIL","Brook Lopez, George Hill, Jordan Nwora, Khris Middleton, Thanasis Antetokounmpo",19,"3",88,75,90,77,1947,1997,2,2,0,50
"22100001","BKN","James Harden, James Johnson, Kevin Durant, LaMarcus Aldridge, Patty Mills",20,"3",77,90,77,90,1997,1997,0,0,0,0
"22100001","MIL","Brook Lopez, George Hill, Jordan Nwora, Pat Connaughton, Thanasis Antetokounmpo",20,"3",90,77,97,85,1997,2160,7,8,-1,163
"22100001","BKN","James Harden, James Johnson, Joe Harris, LaMarcus Aldridge, Patty Mills",21,"3",77,90,77,90,1997,1997,0,0,0,0
"22100001","MIL","Brook Lopez, George Hill, Giannis Antetokounmpo, Jordan Nwora, Pat Connaughton",21,"4",97,85,97,85,2160,2176,0,0,0,16
"22100001","BKN","James Harden, James Johnson, Joe Harris, Nic Claxton, Patty Mills",22,"3",77,90,85,97,1997,2160,8,7,1,163
"22100001","BKN","James Harden, James Johnson, Joe Harris, Nic Claxton, Patty Mills",22,"4",85,97,93,103,2160,2379,8,6,2,219
"22100001","MIL","Brook Lopez, Giannis Antetokounmpo, Grayson Allen, Jordan Nwora, Pat Connaughton",22,"4",97,85,103,93,2176,2379,6,8,-2,203
"22100001","BKN","James Harden, James Johnson, Jevon Carter, Nic Claxton, Patty Mills",23,"4",93,103,93,103,2379,2379,0,0,0,0
"22100001","MIL","Giannis Antetokounmpo, Grayson Allen, Jordan Nwora, Justin Robinson, Pat Connaughton",23,"4",103,93,103,93,2379,2379,0,0,0,0
"22100001","BKN","James Harden, Jevon Carter, Kevin Durant, Nic Claxton, Patty Mills",24,"4",93,103,93,106,2379,2392,0,3,-3,13
"22100001","MIL","Giannis Antetokounmpo, Grayson Allen, Jordan Nwora, Justin Robinson, Khris Middleton",24,"4",103,93,106,93,2379,2392,3,0,3,13
"22100001","BKN","Blake Griffin, James Harden, Jevon Carter, Kevin Durant, Patty Mills",25,"4",93,106,95,112,2392,2453,2,6,-4,61
"22100001","MIL","George Hill, Giannis Antetokounmpo, Grayson Allen, Jordan Nwora, Khris Middleton",25,"4",106,93,112,95,2392,2464,6,2,4,72
"22100001","BKN","Blake Griffin, James Johnson, Jevon Carter, Kevin Durant, Patty Mills",26,"4",95,112,101,115,2453,2655,6,3,3,202
"22100001","MIL","George Hill, Giannis Antetokounmpo, Grayson Allen, Khris Middleton, Pat Connaughton",26,"4",112,95,112,95,2464,2530,0,0,0,66
"22100001","BKN","DeAndre' Bembry, James Johnson, Jevon Carter, Kevin Durant, Patty Mills",27,"4",101,115,101,115,2655,2655,0,0,0,0
"22100001","MIL","Brook Lopez, George Hill, Grayson Allen, Khris Middleton, Pat Connaughton",27,"4",112,95,115,101,2530,2655,3,6,-3,125
"22100001","BKN","Cam Thomas, DeAndre' Bembry, James Johnson, Jevon Carter, Patty Mills",28,"4",101,115,101,115,2655,2655,0,0,0,0
"22100001","MIL","Brook Lopez, Grayson Allen, Jordan Nwora, Khris Middleton, Pat Connaughton",28,"4",115,101,115,101,2655,2655,0,0,0,0
"22100001","BKN","Bruce Brown, Cam Thomas, DeAndre' Bembry, James Johnson, Jevon Carter",29,"4",101,115,104,127,2655,2880,3,12,-9,225
"22100001","MIL","Brook Lopez, Giannis Antetokounmpo, Jordan Nwora, Khris Middleton, Pat Connaughton",29,"4",115,101,117,102,2655,2698,2,1,1,43
"22100001","MIL","Giannis Antetokounmpo, Jordan Nwora, Khris Middleton, Pat Connaughton, Thanasis Antetokounmpo",30,"4",117,102,117,102,2698,2732,0,0,0,34
"22100001","MIL","Jordan Nwora, Khris Middleton, Pat Connaughton, Sandro Mamukelashvili, Thanasis Antetokounmpo",31,"4",117,102,119,102,2732,2762,2,0,2,30
"22100001","MIL","Jordan Nwora, Justin Robinson, Pat Connaughton, Sandro Mamukelashvili, Thanasis Antetokounmpo",32,"4",119,102,125,104,2762,2804,6,2,4,42
"22100001","MIL","Georgios Kalaitzakis, Jordan Nwora, Justin Robinson, Sandro Mamukelashvili, Thanasis Antetokounmpo",33,"4",125,104,127,104,2804,2880,2,0,2,76
"22100002","GSW","Andrew Wiggins, Draymond Green, Jordan Poole, Kevon Looney, Stephen Curry",0,"1",0,0,12,14,0,309,12,14,-2,309
"22100002","LAL","Anthony Davis, DeAndre Jordan, Kent Bazemore, LeBron James, Russell Westbrook",0,"1",0,0,17,14,0,380,17,14,3,380
"22100002","GSW","Andrew Wiggins, Draymond Green, Jordan Poole, Nemanja Bjelica, Stephen Curry",1,"1",12,14,12,14,309,309,0,0,0,0
"22100002","LAL","Anthony Davis, DeAndre Jordan, Kent Bazemore, LeBron James, Rajon Rondo",1,"1",17,14,17,14,380,380,0,0,0,0
"22100002","GSW","Andre Iguodala, Draymond Green, Jordan Poole, Nemanja Bjelica, Stephen Curry",2,"1",12,14,12,14,309,346,0,0,0,37
"22100002","LAL","Anthony Davis, Carmelo Anthony, Kent Bazemore, LeBron James, Rajon Rondo",2,"1",17,14,23,18,380,506,6,4,2,126
"22100002","GSW","Andre Iguodala, Damion Lee, Draymond Green, Nemanja Bjelica, Stephen Curry",3,"1",12,14,16,20,346,448,4,6,-2,102
"22100002","LAL","Anthony Davis, Carmelo Anthony, Kent Bazemore, Malik Monk, Rajon Rondo",3,"1",23,18,30,21,506,592,7,3,4,86
"22100002","GSW","Andre Iguodala, Damion Lee, Juan Toscano-Anderson, Nemanja Bjelica, Stephen Curry",4,"1",16,20,32,34,448,720,16,14,2,272
"22100002","LAL","Anthony Davis, Carmelo Anthony, Malik Monk, Rajon Rondo, Russell Westbrook",4,"1",30,21,34,32,592,720,4,11,-7,128
"22100002","GSW","Andre Iguodala, Damion Lee, Jordan Poole, Nemanja Bjelica, Otto Porter Jr.",5,"2",32,34,39,41,720,939,7,7,0,219
"22100002","LAL","Carmelo Anthony, Dwight Howard, LeBron James, Malik Monk, Russell Westbrook",5,"2",34,32,40,39,720,926,6,7,-1,206
"22100002","GSW","Andre Iguodala, Jordan Poole, Moses Moody, Nemanja Bjelica, Otto Porter Jr.",6,"2",39,41,41,41,939,971,2,0,2,32
"22100002","LAL","Carmelo Anthony, Dwight Howard, LeBron James, Malik Monk, Rajon Rondo",6,"2",40,39,46,41,926,1049,6,2,4,123
"22100002","GSW","Andre Iguodala, Jordan Poole, Kevon Looney, Moses Moody, Otto Porter Jr.",7,"2",41,41,41,41,971,971,0,0,0,0
"22100002","LAL","Anthony Davis, Dwight Howard, LeBron James, Malik Monk, Rajon Rondo",7,"2",46,41,46,41,1049,1108,0,0,0,59
"22100002","GSW","Andrew Wiggins, Jordan Poole, Kevon Looney, Moses Moody, Otto Porter Jr.",8,"2",41,41,41,46,971,1049,0,5,-5,78
"22100002","LAL","Anthony Davis, Dwight Howard, Kent Bazemore, Malik Monk, Rajon Rondo",8,"2",46,41,46,41,1108,1108,0,0,0,0
"22100002","GSW","Andrew Wiggins, Draymond Green, Jordan Poole, Kevon Looney, Moses Moody",9,"2",41,46,41,46,1049,1108,0,0,0,59
"22100002","LAL","Anthony Davis, Dwight Howard, Kent Bazemore, Rajon Rondo, Russell Westbrook",9,"2",46,41,50,47,1108,1273,4,6,-2,165
"22100002","GSW","Andrew Wiggins, Draymond Green, Kevon Looney, Moses Moody, Stephen Curry",10,"2",41,46,47,50,1108,1273,6,4,2,165
"22100002","LAL","Anthony Davis, Dwight Howard, Kent Bazemore, LeBron James, Russell Westbrook",10,"2",50,47,50,47,1273,1273,0,0,0,0
"22100002","GSW","Andrew Wiggins, Damion Lee, Draymond Green, Kevon Looney, Stephen Curry",11,"2",47,50,49,54,1273,1341,2,4,-2,68
"22100002","LAL","Anthony Davis, Carmelo Anthony, Kent Bazemore, LeBron James, Russell Westbrook",11,"2",50,47,59,53,1273,1440,9,6,3,167
"22100002","GSW","Andrew Wiggins, Damion Lee, Draymond Green, Nemanja Bjelica, Stephen Curry",12,"2",49,54,53,59,1341,1440,4,5,-1,99
"22100002","LAL","Anthony Davis, DeAndre Jordan, Kent Bazemore, LeBron James, Russell Westbrook",12,"3",59,53,74,69,1440,1835,15,16,-1,395
"22100002","GSW","Andrew Wiggins, Draymond Green, Jordan Poole, Kevon Looney, Stephen Curry",13,"3",53,59,61,68,1440,1689,8,9,-1,249
"22100002","LAL","Anthony Davis, DeAndre Jordan, Kent Bazemore, LeBron James, Rajon Rondo",13,"3",74,69,74,69,1835,1835,0,0,0,0
"22100002","GSW","Andrew Wiggins, Draymond Green, Jordan Poole, Juan Toscano-Anderson, Stephen Curry",14,"3",61,68,72,77,1689,1889,11,9,2,200
"22100002","LAL","Anthony Davis, Carmelo Anthony, Kent Bazemore, LeBron James, Rajon Rondo",14,"3",74,69,77,72,1835,1889,3,3,0,54
"22100002","GSW","Andre Iguodala, Andrew Wiggins, Draymond Green, Juan Toscano-Anderson, Stephen Curry",15,"3",72,77,72,77,1889,1889,0,0,0,0
"22100002","LAL","Anthony Davis, Carmelo Anthony, Kent Bazemore, Malik Monk, Rajon Rondo",15,"3",77,72,84,76,1889,2036,7,4,3,147
"22100002","GSW","Andre Iguodala, Damion Lee, Draymond Green, Juan Toscano-Anderson, Stephen Curry",16,"3",72,77,76,84,1889,2036,4,7,-3,147
"22100002","LAL","Anthony Davis, Carmelo Anthony, Malik Monk, Rajon Rondo, Russell Westbrook",16,"3",84,76,85,83,2036,2160,1,7,-6,124
"22100002","GSW","Andre Iguodala, Damion Lee, Juan Toscano-Anderson, Nemanja Bjelica, Stephen Curry",17,"3",76,84,83,85,2036,2153,7,1,6,117
"22100002","LAL","Carmelo Anthony, Dwight Howard, LeBron James, Malik Monk, Russell Westbrook",17,"4",85,83,90,96,2160,2376,5,13,-8,216
"22100002","GSW","Andre Iguodala, Draymond Green, Juan Toscano-Anderson, Nemanja Bjelica, Stephen Curry",18,"3",83,85,83,85,2153,2153,0,0,0,0
"22100002","LAL","Anthony Davis, Carmelo Anthony, LeBron James, Malik Monk, Russell Westbrook",18,"4",90,96,90,98,2376,2386,0,2,-2,10
"22100002","GSW","Andre Iguodala, Draymond Green, Gary Payton II, Juan Toscano-Anderson, Stephen Curry",19,"3",83,85,83,85,2153,2160,0,0,0,7
"22100002","LAL","Anthony Davis, Avery Bradley, Carmelo Anthony, LeBron James, Malik Monk",19,"4",90,98,90,98,2386,2386,0,0,0,0
"22100002","GSW","Andre Iguodala, Damion Lee, Jordan Poole, Nemanja Bjelica, Otto Porter Jr.",20,"4",83,85,100,96,2160,2481,17,11,6,321
"22100002","LAL","Anthony Davis, Avery Bradley, Carmelo Anthony, LeBron James, Rajon Rondo",20,"4",90,98,98,103,2386,2563,8,5,3,177
"22100002","GSW","Andre Iguodala, Damion Lee, Nemanja Bjelica, Otto Porter Jr., Stephen Curry",21,"4",100,96,100,98,2481,2526,0,2,-2,45
"22100002","LAL","Anthony Davis, Avery Bradley, Carmelo Anthony, LeBron James, Russell Westbrook",21,"4",98,103,98,103,2563,2563,0,0,0,0
"22100002","GSW","Andre Iguodala, Damion Lee, Draymond Green, Nemanja Bjelica, Stephen Curry",22,"4",100,98,103,98,2526,2563,3,0,3,37
"22100002","LAL","Anthony Davis, Avery Bradley, Kent Bazemore, LeBron James, Russell Westbrook",22,"4",98,103,109,119,2563,2855,11,16,-5,292
"22100002","GSW","Andrew Wiggins, Damion Lee, Draymond Green, Nemanja Bjelica, Stephen Curry",23,"4",103,98,117,106,2563,2838,14,8,6,275
"22100002","LAL","Anthony Davis, Avery Bradley, Kent Bazemore, Malik Monk, Russell Westbrook",23,"4",109,119,114,121,2855,2880,5,2,3,25
"22100002","GSW","Andre Iguodala, Andrew Wiggins, Damion Lee, Draymond Green, Stephen Curry",24,"4",117,106,121,114,2838,2880,4,8,-4,42
"22100003","CHA","Gordon Hayward, Kelly Oubre Jr., LaMelo Ball, Mason Plumlee, Miles Bridges",0,"1",0,0,10,17,0,286,10,17,-7,286
"22100003","IND","Chris Duarte, Domantas Sabonis, Justin Holiday, Malcolm Brogdon, Myles Turner",0,"1",0,0,17,10,0,286,17,10,7,286
"22100003","CHA","Cody Martin, Kelly Oubre Jr., LaMelo Ball, Mason Plumlee, Miles Bridges",1,"1",10,17,14,19,286,364,4,2,2,78
"22100003","IND","Chris Duarte, Domantas Sabonis, Malcolm Brogdon, Myles Turner, Torrey Craig",1,"1",17,10,17,10,286,286,0,0,0,0
"22100003","CHA","Cody Martin, Ish Smith, Kelly Oubre Jr., LaMelo Ball, Mason Plumlee",2,"1",14,19,14,19,364,364,0,0,0,0
"22100003","IND","Domantas Sabonis, Jeremy Lamb, Malcolm Brogdon, Myles Turner, Torrey Craig",2,"1",17,10,23,14,286,437,6,4,2,151
"22100003","CHA","Cody Martin, Ish Smith, Jalen McDaniels, Kelly Oubre Jr., LaMelo Ball",3,"1",14,19,14,19,364,364,0,0,0,0
"22100003","IND","Jeremy Lamb, Malcolm Brogdon, Myles Turner, T.J. McConnell, Torrey Craig",3,"1",23,14,27,21,437,592,4,7,-3,155
"22100003","CHA","Cody Martin, Ish Smith, Jalen McDaniels, Kelly Oubre Jr., P.J. Washington",4,"1",14,19,14,23,364,437,0,4,-4,73
"22100003","IND","Chris Duarte, Jeremy Lamb, Myles Turner, T.J. McConnell, Torrey Craig",4,"1",27,21,27,21,592,592,0,0,0,0
"22100003","CHA","Cody Martin, Gordon Hayward, Ish Smith, Jalen McDaniels, P.J. Washington",5,"1",14,23,21,27,437,592,7,4,3,155
"22100003","IND","Chris Duarte, Domantas Sabonis, Jeremy Lamb, T.J. McConnell, Torrey Craig",5,"1",27,21,30,25,592,625,3,4,-1,33
"22100003","CHA","Gordon Hayward, Ish Smith, Jalen McDaniels, Miles Bridges, P.J. Washington",6,"1",21,27,27,38,592,720,6,11,-5,128
"22100003","IND","Chris Duarte, Domantas Sabonis, Justin Holiday, T.J. McConnell, Torrey Craig",6,"1",30,25,38,27,625,720,8,2,6,95
"22100003","CHA","Gordon Hayward, Kelly Oubre Jr., LaMelo Ball, Mason Plumlee, Miles Bridges",7,"2",27,38,38,46,720,925,11,8,3,205
"22100003","IND","Chris Duarte, Domantas Sabonis, Jeremy Lamb, T.J. McConnell, Torrey Craig",7,"2",38,27,38,33,720,824,0,6,-6,104
"22100003","CHA","Cody Martin, Gordon Hayward, Kelly Oubre Jr., LaMelo Ball, Mason Plumlee",8,"2",38,46,38,46,925,925,0,0,0,0
"22100003","IND","Chris Duarte, Domantas Sabonis, Jeremy Lamb, Justin Holiday, T.J. McConnell",8,"2",38,33,46,38,824,925,8,5,3,101
"22100003","CHA","Cody Martin, Kelly Oubre Jr., LaMelo Ball, Mason Plumlee, P.J. Washington",9,"2",38,46,38,46,925,968,0,0,0,43
"22100003","IND","Chris Duarte, Jeremy Lamb, Justin Holiday, Malcolm Brogdon, T.J. McConnell",9,"2",46,38,46,38,925,925,0,0,0,0
"22100003","CHA","Cody Martin, Jalen McDaniels, Kelly Oubre Jr., LaMelo Ball, P.J. Washington",10,"2",38,46,38,50,968,1021,0,4,-4,53
"22100003","IND","Chris Duarte, Justin Holiday, Malcolm Brogdon, Myles Turner, T.J. McConnell",10,"2",46,38,50,40,925,1030,4,2,2,105
"22100003","CHA","Cody Martin, Ish Smith, Jalen McDaniels, Kelly Oubre Jr., P.J. Washington",11,"2",38,50,40,55,1021,1092,2,5,-3,71
"22100003","IND","Chris Duarte, Jeremy Lamb, Justin Holiday, Malcolm Brogdon, Myles Turner",11,"2",50,40,55,40,1030,1092,5,0,5,62
"22100003","CHA","Cody Martin, Gordon Hayward, Ish Smith, Jalen McDaniels, P.J. Washington",12,"2",40,55,42,57,1092,1137,2,2,0,45
"22100003","IND","Chris Duarte, Domantas Sabonis, Jeremy Lamb, Malcolm Brogdon, Myles Turner",12,"2",55,40,55,40,1092,1092,0,0,0,0
"22100003","CHA","Cody Martin, Gordon Hayward, Ish Smith, Mason Plumlee, P.J. Washington",13,"2",42,57,46,60,1137,1198,4,3,1,61
"22100003","IND","Chris Duarte, Domantas Sabonis, Jeremy Lamb, Malcolm Brogdon, Torrey Craig",13,"2",55,40,57,42,1092,1137,2,2,0,45
"22100003","CHA","Cody Martin, Gordon Hayward, Ish Smith, LaMelo Ball, Mason Plumlee",14,"2",46,60,55,71,1198,1341,9,11,-2,143
"22100003","IND","Domantas Sabonis, Jeremy Lamb, Malcolm Brogdon, T.J. McConnell, Torrey Craig",14,"2",57,42,67,51,1137,1278,10,9,1,141
"22100003","CHA","Cody Martin, Gordon Hayward, Ish Smith, Kelly Oubre Jr., Mason Plumlee",15,"2",55,71,55,71,1341,1341,0,0,0,0
"22100003","IND","Domantas Sabonis, Jeremy Lamb, Justin Holiday, Malcolm Brogdon, T.J. McConnell",15,"2",67,51,71,55,1278,1341,4,4,0,63
"22100003","CHA","Gordon Hayward, Ish Smith, Kelly Oubre Jr., Mason Plumlee, Miles Bridges",16,"2",55,71,59,75,1341,1424,4,4,0,83
"22100003","IND","Domantas Sabonis, Justin Holiday, Malcolm Brogdon, T.J. McConnell, Torrey Craig",16,"2",71,55,75,59,1341,1440,4,4,0,99
"22100003","CHA","Gordon Hayward, Kelly Oubre Jr., LaMelo Ball, Mason Plumlee, Miles Bridges",17,"2",59,75,59,75,1424,1440,0,0,0,16
"22100003","CHA","Gordon Hayward, Kelly Oubre Jr., LaMelo Ball, Mason Plumlee, Miles Bridges",17,"3",59,75,80,84,1440,1846,21,9,12,406
"22100003","IND","Chris Duarte, Domantas Sabonis, Justin Holiday, Malcolm Brogdon, Myles Turner",17,"3",75,59,84,80,1440,1846,9,21,-12,406
"22100003","CHA","Cody Martin, Kelly Oubre Jr., LaMelo Ball, Mason Plumlee, Miles Bridges",18,"3",80,84,82,84,1846,1950,2,0,2,104
"22100003","IND","Domantas Sabonis, Justin Holiday, Malcolm Brogdon, Myles Turner, T.J. McConnell",18,"3",84,80,84,82,1846,1950,0,2,-2,104
"22100003","CHA","Cody Martin, Kelly Oubre Jr., Mason Plumlee, Miles Bridges, P.J. Washington",19,"3",82,84,82,84,1950,1950,0,0,0,0
"22100003","IND","Domantas Sabonis, Malcolm Brogdon, Myles Turner, T.J. McConnell, Torrey Craig",19,"3",84,82,86,87,1950,2031,2,5,-3,81
"22100003","CHA","Cody Martin, Ish Smith, Kelly Oubre Jr., Miles Bridges, P.J. Washington",20,"3",82,84,87,86,1950,2031,5,2,3,81
"22100003","IND","Domantas Sabonis, Justin Holiday, Myles Turner, T.J. McConnell, Torrey Craig",20,"3",86,87,86,87,2031,2031,0,0,0,0
"22100003","CHA","Cody Martin, Gordon Hayward, Ish Smith, Kelly Oubre Jr., P.J. Washington",21,"3",87,86,87,86,2031,2031,0,0,0,0
"22100003","IND","Domantas Sabonis, Jeremy Lamb, Justin Holiday, T.J. McConnell, Torrey Craig",21,"3",86,87,88,92,2031,2155,2,5,-3,124
"22100003","CHA","Cody Martin, Gordon Hayward, Ish Smith, Jalen McDaniels, P.J. Washington",22,"3",87,86,92,88,2031,2155,5,2,3,124
"22100003","IND","Chris Duarte, Jeremy Lamb, Justin Holiday, T.J. McConnell, Torrey Craig",22,"3",88,92,88,92,2155,2155,0,0,0,0
"22100003","CHA","Gordon Hayward, Ish Smith, Jalen McDaniels, LaMelo Ball, P.J. Washington",23,"3",92,88,92,88,2155,2160,0,0,0,5
"22100003","IND","Chris Duarte, Justin Holiday, Myles Turner, T.J. McConnell, Torrey Craig",23,"3",88,92,88,92,2155,2160,0,0,0,5
"22100003","CHA","Cody Martin, Gordon Hayward, Ish Smith, Miles Bridges, P.J. Washington",24,"4",92,88,98,94,2160,2281,6,6,0,121
"22100003","IND","Chris Duarte, Malcolm Brogdon, Myles Turner, T.J. McConnell, Torrey Craig",24,"4",88,92,94,100,2160,2346,6,8,-2,186
"22100003","CHA","Gordon Hayward, Ish Smith, Kelly Oubre Jr., Miles Bridges, P.J. Washington",25,"4",98,94,100,94,2281,2346,2,0,2,65
"22100003","IND","Chris Duarte, Domantas Sabonis, Malcolm Brogdon, T.J. McConnell, Torrey Craig",25,"4",94,100,96,102,2346,2397,2,2,0,51
"22100003","CHA","Cody Martin, Ish Smith, Kelly Oubre Jr., Miles Bridges, P.J. Washington",26,"4",100,94,100,94,2346,2346,0,0,0,0
"22100003","IND","Chris Duarte, Domantas Sabonis, Justin Holiday, Malcolm Brogdon, Torrey Craig",26,"4",96,102,96,102,2397,2397,0,0,0,0
"22100003","CHA","Cody Martin, Ish Smith, Kelly Oubre Jr., Mason Plumlee, Miles Bridges",27,"4",100,94,106,99,2346,2478,6,5,1,132
"22100003","IND","Chris Duarte, Domantas Sabonis, Jeremy Lamb, Justin Holiday, Malcolm Brogdon",27,"4",96,102,99,106,2397,2478,3,4,-1,81
"22100003","CHA","Cody Martin, Ish Smith, Kelly Oubre Jr., Mason Plumlee, P.J. Washington",28,"4",106,99,106,99,2478,2478,0,0,0,0
"22100003","IND","Chris Duarte, Domantas Sabonis, Jeremy Lamb, Malcolm Brogdon, Torrey Craig",28,"4",99,106,122,121,2478,2868,23,15,8,390
"22100003","CHA","Cody Martin, Kelly Oubre Jr., LaMelo Ball, Mason Plumlee, P.J. Washington",29,"4",106,99,109,110,2478,2608,3,11,-8,130
"22100003","IND","Chris Duarte, Jeremy Lamb, Justin Holiday, Malcolm Brogdon, Torrey Craig",29,"4",122,121,122,121,2868,2868,0,0,0,0
"22100003","CHA","Kelly Oubre Jr., LaMelo Ball, Mason Plumlee, Miles Bridges, P.J. Washington",30,"4",109,110,109,110,2608,2608,0,0,0,0
"22100003","IND","Chris Duarte, Justin Holiday, Malcolm Brogdon, Myles Turner, Torrey Craig",30,"4",122,121,122,123,2868,2876,0,2,-2,8
"22100003","CHA","Gordon Hayward, Kelly Oubre Jr., LaMelo Ball, Mason Plumlee, Miles Bridges",31,"4",109,110,121,122,2608,2868,12,12,0,260
"22100003","IND","Chris Duarte, Domantas Sabonis, Malcolm Brogdon, Myles Turner, Torrey Craig",31,"4",122,123,122,123,2876,2876,0,0,0,0
"22100003","CHA","Gordon Hayward, Kelly Oubre Jr., LaMelo Ball, Miles Bridges, P.J. Washington",32,"4",121,122,123,122,2868,2876,2,0,2,8
"22100003","IND","Chris Duarte, Domantas Sabonis, Jeremy Lamb, Malcolm Brogdon, Myles Turner",32,"4",122,123,122,123,2876,2876,0,0,0,0
"22100003","CHA","Cody Martin, Gordon Hayward, Kelly Oubre Jr., Miles Bridges, P.J. Washington",33,"4",123,122,123,122,2876,2880,0,0,0,4
"22100003","IND","Chris Duarte, Domantas Sabonis, Jeremy Lamb, Justin Holiday, Malcolm Brogdon",33,"4",122,123,122,123,2876,2880,0,0,0,4
"22100004","CHI","DeMar DeRozan, Lonzo Ball, Nikola Vucevic, Patrick Williams, Zach LaVine",0,"1",0,0,12,12,0,470,12,12,0,470
"22100004","DET","Frank Jackson, Isaiah Stewart, Jerami Grant, Killian Hayes, Saddiq Bey",0,"1",0,0,12,12,0,470,12,12,0,470
"22100004","CHI","DeMar DeRozan, Nikola Vucevic, Patrick Williams, Troy Brown Jr., Zach LaVine",1,"1",12,12,12,12,470,470,0,0,0,0
"22100004","DET","Cory Joseph, Isaiah Stewart, Jerami Grant, Killian Hayes, Saddiq Bey",1,"1",12,12,12,12,470,470,0,0,0,0
"22100004","CHI","Javonte Green, Nikola Vucevic, Patrick Williams, Troy Brown Jr., Zach LaVine",2,"1",12,12,12,12,470,470,0,0,0,0
"22100004","DET","Cory Joseph, Isaiah Stewart, Jerami Grant, Kelly Olynyk, Saddiq Bey",2,"1",12,12,12,12,470,470,0,0,0,0
"22100004","CHI","Alex Caruso, Javonte Green, Nikola Vucevic, Troy Brown Jr., Zach LaVine",3,"1",12,12,12,16,470,555,0,4,-4,85
"22100004","DET","Cory Joseph, Hamidou Diallo, Jerami Grant, Kelly Olynyk, Saddiq Bey",3,"1",12,12,16,12,470,555,4,0,4,85
"22100004","CHI","Alex Caruso, Alize Johnson, Javonte Green, Troy Brown Jr., Zach LaVine",4,"1",12,16,12,16,555,565,0,0,0,10
"22100004","DET","Cory Joseph, Hamidou Diallo, Kelly Olynyk, Saddiq Bey, Trey Lyles",4,"1",16,12,16,14,555,608,0,2,-2,53
"22100004","CHI","Alex Caruso, Alize Johnson, DeMar DeRozan, Javonte Green, Troy Brown Jr.",5,"1",12,16,14,20,565,720,2,4,-2,155
"22100004","DET","Cory Joseph, Hamidou Diallo, Josh Jackson, Kelly Olynyk, Trey Lyles",5,"1",16,14,20,14,608,720,4,0,4,112
"22100004","DET","Cory Joseph, Hamidou Diallo, Josh Jackson, Kelly Olynyk, Trey Lyles",5,"2",20,14,28,19,720,952,8,5,3,232
"22100004","CHI","Alex Caruso, Alize Johnson, DeMar DeRozan, Javonte Green, Lonzo Ball",6,"2",14,20,17,22,720,863,3,2,1,143
"22100004","DET","Cory Joseph, Frank Jackson, Josh Jackson, Kelly Olynyk, Trey Lyles",6,"2",28,19,28,21,952,988,0,2,-2,36
"22100004","CHI","Alex Caruso, Alize Johnson, DeMar DeRozan, Lonzo Ball, Patrick Williams",7,"2",17,22,17,24,863,895,0,2,-2,32
"22100004","DET","Frank Jackson, Josh Jackson, Kelly Olynyk, Killian Hayes, Trey Lyles",7,"2",28,21,28,21,988,988,0,0,0,0
"22100004","CHI","Alize Johnson, DeMar DeRozan, Lonzo Ball, Patrick Williams, Zach LaVine",8,"2",17,24,19,28,895,952,2,4,-2,57
"22100004","DET","Frank Jackson, Jerami Grant, Kelly Olynyk, Killian Hayes, Trey Lyles",8,"2",28,21,28,25,988,1053,0,4,-4,65
"22100004","CHI","Alize Johnson, Ayo Dosunmu, Lonzo Ball, Patrick Williams, Zach LaVine",9,"2",19,28,19,28,952,952,0,0,0,0
"22100004","DET","Frank Jackson, Isaiah Stewart, Jerami Grant, Kelly Olynyk, Killian Hayes",9,"2",28,25,28,25,1053,1053,0,0,0,0
"22100004","CHI","Ayo Dosunmu, Lonzo Ball, Nikola Vucevic, Patrick Williams, Zach LaVine",10,"2",19,28,29,30,952,1129,10,2,8,177
"22100004","DET","Frank Jackson, Isaiah Stewart, Jerami Grant, Killian Hayes, Saddiq Bey",10,"2",28,25,37,35,1053,1317,9,10,-1,264
"22100004","CHI","Alex Caruso, Ayo Dosunmu, Nikola Vucevic, Patrick Williams, Zach LaVine",11,"2",29,30,29,32,1129,1194,0,2,-2,65
"22100004","DET","Cory Joseph, Frank Jackson, Isaiah Stewart, Jerami Grant, Saddiq Bey",11,"2",37,35,42,38,1317,1387,5,3,2,70
"22100004","CHI","Alex Caruso, DeMar DeRozan, Nikola Vucevic, Patrick Williams, Zach LaVine",12,"2",29,32,40,44,1194,1440,11,12,-1,246
"22100004","DET","Cory Joseph, Frank Jackson, Isaiah Stewart, Jerami Grant, Josh Jackson",12,"2",42,38,44,40,1387,1440,2,2,0,53
"22100004","CHI","DeMar DeRozan, Lonzo Ball, Nikola Vucevic, Patrick Williams, Zach LaVine",13,"3",40,44,59,57,1440,1859,19,13,6,419
"22100004","DET","Frank Jackson, Isaiah Stewart, Jerami Grant, Killian Hayes, Saddiq Bey",13,"3",44,40,57,59,1440,1859,13,19,-6,419
"22100004","CHI","Javonte Green, Lonzo Ball, Nikola Vucevic, Patrick Williams, Zach LaVine",14,"3",59,57,59,57,1859,1859,0,0,0,0
"22100004","DET","Cory Joseph, Frank Jackson, Jerami Grant, Killian Hayes, Saddiq Bey",14,"3",57,59,57,59,1859,1859,0,0,0,0
"22100004","CHI","Alex Caruso, Javonte Green, Lonzo Ball, Nikola Vucevic, Zach LaVine",15,"3",59,57,67,69,1859,2059,8,12,-4,200
"22100004","DET","Cory Joseph, Frank Jackson, Jerami Grant, Kelly Olynyk, Saddiq Bey",15,"3",57,59,65,65,1859,1975,8,6,2,116
"22100004","CHI","Alex Caruso, Ayo Dosunmu, Javonte Green, Nikola Vucevic, Zach LaVine",16,"3",67,69,67,69,2059,2059,0,0,0,0
"22100004","DET","Cory Joseph, Jerami Grant, Josh Jackson, Kelly Olynyk, Saddiq Bey",16,"3",65,65,65,65,1975,1983,0,0,0,8
"22100004","CHI","Alex Caruso, Ayo Dosunmu, DeMar DeRozan, Javonte Green, Nikola Vucevic",17,"3",67,69,67,69,2059,2059,0,0,0,0
"22100004","DET","Cory Joseph, Josh Jackson, Kelly Olynyk, Saddiq Bey, Trey Lyles",17,"3",65,65,69,67,1983,2059,4,2,2,76
"22100004","CHI","Alex Caruso, Alize Johnson, Ayo Dosunmu, DeMar DeRozan, Javonte Green",18,"3",67,69,71,69,2059,2160,4,0,4,101
"22100004","CHI","Alex Caruso, Alize Johnson, Ayo Dosunmu, DeMar DeRozan, Javonte Green",18,"4",71,69,76,77,2160,2355,5,8,-3,195
"22100004","DET","Cory Joseph, Hamidou Diallo, Josh Jackson, Kelly Olynyk, Trey Lyles",18,"3",69,67,69,71,2059,2160,0,4,-4,101
"22100004","DET","Cory Joseph, Hamidou Diallo, Josh Jackson, Kelly Olynyk, Trey Lyles",18,"4",69,71,82,81,2160,2489,13,10,3,329
"22100004","CHI","Alex Caruso, Alize Johnson, Ayo Dosunmu, DeMar DeRozan, Patrick Williams",19,"4",76,77,76,80,2355,2376,0,3,-3,21
"22100004","DET","Cory Joseph, Jerami Grant, Josh Jackson, Kelly Olynyk, Trey Lyles",19,"4",82,81,82,81,2489,2489,0,0,0,0
"22100004","CHI","Alize Johnson, Ayo Dosunmu, DeMar DeRozan, Lonzo Ball, Patrick Williams",20,"4",76,80,76,80,2376,2376,0,0,0,0
"22100004","DET","Cory Joseph, Jerami Grant, Josh Jackson, Kelly Olynyk, Saddiq Bey",20,"4",82,81,82,84,2489,2566,0,3,-3,77
"22100004","CHI","Ayo Dosunmu, DeMar DeRozan, Lonzo Ball, Nikola Vucevic, Patrick Williams",21,"4",76,80,81,82,2376,2489,5,2,3,113
"22100004","DET","Cory Joseph, Isaiah Stewart, Jerami Grant, Josh Jackson, Saddiq Bey",21,"4",82,84,84,86,2566,2659,2,2,0,93
"22100004","CHI","Alex Caruso, Ayo Dosunmu, Lonzo Ball, Nikola Vucevic, Patrick Williams",22,"4",81,82,81,82,2489,2489,0,0,0,0
"22100004","DET","Cory Joseph, Frank Jackson, Isaiah Stewart, Jerami Grant, Saddiq Bey",22,"4",84,86,86,90,2659,2840,2,4,-2,181
"22100004","CHI","Alex Caruso, Lonzo Ball, Nikola Vucevic, Patrick Williams, Zach LaVine",23,"4",81,82,84,82,2489,2566,3,0,3,77
"22100004","DET","Cory Joseph, Frank Jackson, Jerami Grant, Kelly Olynyk, Saddiq Bey",23,"4",86,90,88,94,2840,2880,2,4,-2,40
"22100004","CHI","Alex Caruso, DeMar DeRozan, Lonzo Ball, Nikola Vucevic, Zach LaVine",24,"4",84,82,90,86,2566,2840,6,4,2,274
"22100004","CHI","DeMar DeRozan, Lonzo Ball, Nikola Vucevic, Patrick Williams, Zach LaVine",25,"4",90,86,92,86,2840,2856,2,0,2,16
"22100004","CHI","Alex Caruso, DeMar DeRozan, Lonzo Ball, Patrick Williams, Zach LaVine",26,"4",92,86,94,88,2856,2869,2,2,0,13
"22100004","CHI","Alex Caruso, DeMar DeRozan, Lonzo Ball, Nikola Vucevic, Zach LaVine",27,"4",94,88,94,88,2869,2880,0,0,0,11
"22100005","BOS","Grant Williams, Jaylen Brown, Jayson Tatum, Marcus Smart, Robert Williams III",0,"1",0,0,22,18,0,368,22,18,4,368
"22100005","NYK","Evan Fournier, Julius Randle, Kemba Walker, Mitchell Robinson, RJ Barrett",0,"1",0,0,20,24,0,467,20,24,-4,467
"22100005","BOS","Dennis Schroder, Grant Williams, Jayson Tatum, Marcus Smart, Robert Williams III",1,"1",22,18,22,18,368,368,0,0,0,0
"22100005","NYK","Derrick Rose, Evan Fournier, Julius Randle, Mitchell Robinson, RJ Barrett",1,"1",20,24,20,24,467,489,0,0,0,22
"22100005","BOS","Dennis Schroder, Grant Williams, Jayson Tatum, Marcus Smart, Romeo Langford",2,"1",22,18,24,20,368,467,2,2,0,99
"22100005","NYK","Derrick Rose, Evan Fournier, Jericho Sims, Julius Randle, RJ Barrett",2,"1",20,24,21,24,489,507,1,0,1,18
"22100005","BOS","Aaron Nesmith, Dennis Schroder, Grant Williams, Jayson Tatum, Romeo Langford",3,"1",24,20,29,26,467,583,5,6,-1,116
"22100005","NYK","Alec Burks, Derrick Rose, Evan Fournier, Jericho Sims, Julius Randle",3,"1",21,24,26,29,507,583,5,5,0,76
"22100005","BOS","Aaron Nesmith, Dennis Schroder, Grant Williams, Jaylen Brown, Romeo Langford",4,"1",29,26,29,26,583,583,0,0,0,0
"22100005","NYK","Alec Burks, Derrick Rose, Immanuel Quickley, Jericho Sims, Julius Randle",4,"1",26,29,29,33,583,677,3,4,-1,94
"22100005","BOS","Aaron Nesmith, Dennis Schroder, Jaylen Brown, Robert Williams III, Romeo Langford",5,"1",29,26,33,29,583,677,4,3,1,94
"22100005","NYK","Alec Burks, Derrick Rose, Immanuel Quickley, Jericho Sims, Obi Toppin",5,"1",29,33,29,35,677,720,0,2,-2,43
"22100005","NYK","Alec Burks, Derrick Rose, Immanuel Quickley, Jericho Sims, Obi Toppin",5,"2",29,35,34,45,720,907,5,10,-5,187
"22100005","BOS","Aaron Nesmith, Dennis Schroder, Jaylen Brown, Jayson Tatum, Robert Williams III",6,"1",33,29,35,29,677,720,2,0,2,43
"22100005","NYK","Alec Burks, Derrick Rose, Immanuel Quickley, Mitchell Robinson, Obi Toppin",6,"2",34,45,38,48,907,1007,4,3,1,100
"22100005","BOS","Dennis Schroder, Jaylen Brown, Payton Pritchard, Robert Williams III, Romeo Langford",7,"2",35,29,38,29,720,810,3,0,3,90
"22100005","NYK","Alec Burks, Immanuel Quickley, Kemba Walker, Mitchell Robinson, Obi Toppin",7,"2",38,48,39,50,1007,1088,1,2,-1,81
"22100005","BOS","Jaylen Brown, Marcus Smart, Payton Pritchard, Robert Williams III, Romeo Langford",8,"2",38,29,45,34,810,907,7,5,2,97
"22100005","NYK","Alec Burks, Immanuel Quickley, Julius Randle, Kemba Walker, Mitchell Robinson",8,"2",39,50,39,50,1088,1088,0,0,0,0
"22100005","BOS","Grant Williams, Jaylen Brown, Marcus Smart, Payton Pritchard, Romeo Langford",9,"2",45,34,48,38,907,1007,3,4,-1,100
"22100005","NYK","Alec Burks, Evan Fournier, Julius Randle, Kemba Walker, Mitchell Robinson",9,"2",39,50,43,50,1088,1164,4,0,4,76
"22100005","BOS","Aaron Nesmith, Grant Williams, Marcus Smart, Payton Pritchard, Romeo Langford",10,"2",48,38,48,38,1007,1007,0,0,0,0
"22100005","NYK","Evan Fournier, Julius Randle, Kemba Walker, Mitchell Robinson, RJ Barrett",10,"2",43,50,54,58,1164,1440,11,8,3,276
"22100005","NYK","Evan Fournier, Julius Randle, Kemba Walker, Mitchell Robinson, RJ Barrett",10,"3",54,58,58,67,1440,1644,4,9,-5,204
"22100005","BOS","Aaron Nesmith, Grant Williams, Jayson Tatum, Marcus Smart, Payton Pritchard",11,"2",48,38,50,39,1007,1088,2,1,1,81
"22100005","NYK","Evan Fournier, Julius Randle, Kemba Walker, Obi Toppin, RJ Barrett",11,"3",58,67,74,76,1644,1961,16,9,7,317
"22100005","BOS","Aaron Nesmith, Dennis Schroder, Grant Williams, Jayson Tatum, Marcus Smart",12,"2",50,39,50,48,1088,1240,0,9,-9,152
"22100005","NYK","Derrick Rose, Evan Fournier, Julius Randle, Obi Toppin, RJ Barrett",12,"3",74,76,86,80,1961,2154,12,4,8,193
"22100005","BOS","Aaron Nesmith, Dennis Schroder, Jaylen Brown, Jayson Tatum, Marcus Smart",13,"2",50,48,50,48,1240,1240,0,0,0,0
"22100005","NYK","Evan Fournier, Julius Randle, Obi Toppin, Quentin Grimes, RJ Barrett",13,"3",86,80,86,82,2154,2154,0,2,-2,0
"22100005","BOS","Dennis Schroder, Jaylen Brown, Jayson Tatum, Marcus Smart, Robert Williams III",14,"2",50,48,58,54,1240,1437,8,6,2,197
"22100005","NYK","Derrick Rose, Evan Fournier, Julius Randle, Obi Toppin, RJ Barrett",14,"3",86,82,86,82,2154,2160,0,0,0,6
"22100005","BOS","Dennis Schroder, Jayson Tatum, Marcus Smart, Robert Williams III, Romeo Langford",15,"2",58,54,58,54,1437,1440,0,0,0,3
"22100005","NYK","Alec Burks, Derrick Rose, Mitchell Robinson, Obi Toppin, RJ Barrett",15,"4",86,82,100,95,2160,2469,14,13,1,309
"22100005","BOS","Grant Williams, Jaylen Brown, Jayson Tatum, Marcus Smart, Robert Williams III",16,"3",58,54,71,63,1440,1763,13,9,4,323
"22100005","NYK","Alec Burks, Julius Randle, Mitchell Robinson, Obi Toppin, RJ Barrett",16,"4",100,95,100,95,2469,2469,0,0,0,0
"22100005","BOS","Jaylen Brown, Jayson Tatum, Marcus Smart, Robert Williams III, Romeo Langford",17,"3",71,63,72,67,1763,1821,1,4,-3,58
"22100005","NYK","Evan Fournier, Julius Randle, Mitchell Robinson, Obi Toppin, RJ Barrett",17,"4",100,95,100,95,2469,2469,0,0,0,0
"22100005","BOS","Dennis Schroder, Jayson Tatum, Marcus Smart, Robert Williams III, Romeo Langford",18,"3",72,67,76,74,1821,1961,4,7,-3,140
"22100005","NYK","Evan Fournier, Julius Randle, Kemba Walker, Obi Toppin, RJ Barrett",18,"4",100,95,112,110,2469,2869,12,15,-3,400
"22100005","BOS","Aaron Nesmith, Dennis Schroder, Jayson Tatum, Robert Williams III, Romeo Langford",19,"3",76,74,76,74,1961,1961,0,0,0,0
"22100005","NYK","Evan Fournier, Julius Randle, Kemba Walker, Mitchell Robinson, RJ Barrett",19,"4",112,110,112,110,2869,2869,0,0,0,0
"22100005","BOS","Aaron Nesmith, Dennis Schroder, Grant Williams, Jayson Tatum, Romeo Langford",20,"3",76,74,78,79,1961,2041,2,5,-3,80
"22100005","NYK","Alec Burks, Evan Fournier, Julius Randle, Kemba Walker, RJ Barrett",20,"4",112,110,116,116,2869,2880,4,6,-2,11
"22100005","BOS","Aaron Nesmith, Dennis Schroder, Grant Williams, Jaylen Brown, Romeo Langford",21,"3",78,79,80,86,2041,2154,2,7,-5,113
"22100005","NYK","Evan Fournier, Julius Randle, Kemba Walker, Obi Toppin, RJ Barrett",21,"5",116,116,122,122,2880,2947,6,6,0,67
"22100005","BOS","Dennis Schroder, Grant Williams, Jaylen Brown, Jayson Tatum, Romeo Langford",22,"3",80,86,82,86,2154,2160,2,0,2,6
"22100005","NYK","Evan Fournier, Julius Randle, Kemba Walker, Mitchell Robinson, RJ Barrett",22,"5",122,122,128,128,2947,3180,6,6,0,233
"22100005","BOS","Dennis Schroder, Grant Williams, Jaylen Brown, Payton Pritchard, Romeo Langford",23,"4",82,86,82,88,2160,2200,0,2,-2,40
"22100005","NYK","Derrick Rose, Evan Fournier, Julius Randle, Mitchell Robinson, RJ Barrett",23,"6",128,128,138,134,3180,3480,10,6,4,300
"22100005","BOS","Dennis Schroder, Jaylen Brown, Payton Pritchard, Robert Williams III, Romeo Langford",24,"4",82,88,92,100,2200,2343,10,12,-2,143
"22100005","BOS","Jaylen Brown, Marcus Smart, Payton Pritchard, Robert Williams III, Romeo Langford",25,"4",92,100,95,100,2343,2469,3,0,3,126
"22100005","BOS","Grant Williams, Marcus Smart, Payton Pritchard, Robert Williams III, Romeo Langford",26,"4",95,100,95,100,2469,2469,0,0,0,0
"22100005","BOS","Grant Williams, Jayson Tatum, Marcus Smart, Robert Williams III, Romeo Langford",27,"4",95,100,95,105,2469,2520,0,5,-5,51
"22100005","BOS","Grant Williams, Jaylen Brown, Jayson Tatum, Marcus Smart, Robert Williams III",28,"4",95,105,113,116,2520,2876,18,11,7,356
"22100005","BOS","Dennis Schroder, Grant Williams, Jaylen Brown, Jayson Tatum, Marcus Smart",29,"4",113,116,116,116,2876,2880,3,0,3,4
"22100005","BOS","Dennis Schroder, Jaylen Brown, Jayson Tatum, Marcus Smart, Robert Williams III",30,"5",116,116,128,128,2880,3180,12,12,0,300
"22100005","BOS","Dennis Schroder, Jaylen Brown, Jayson Tatum, Marcus Smart, Robert Williams III",30,"6",128,128,134,138,3180,3480,6,10,-4,300
"22100006","TOR","Fred VanVleet, Goran Dragic, OG Anunoby, Precious Achiuwa, Scottie Barnes",0,"1",0,0,11,14,0,350,11,14,-3,350
"22100006","WAS","Bradley Beal, Daniel Gafford, Kentavious Caldwell-Pope, Kyle Kuzma, Spencer Dinwiddie",0,"1",0,0,14,11,0,350,14,11,3,350
"22100006","TOR","Fred VanVleet, Gary Trent Jr., Goran Dragic, OG Anunoby, Scottie Barnes",1,"1",11,14,11,14,350,350,0,0,0,0
"22100006","WAS","Bradley Beal, Daniel Gafford, Deni Avdija, Kyle Kuzma, Spencer Dinwiddie",1,"1",14,11,14,11,350,395,0,0,0,45
"22100006","TOR","Fred VanVleet, Gary Trent Jr., Khem Birch, OG Anunoby, Scottie Barnes",2,"1",11,14,14,18,350,481,3,4,-1,131
"22100006","WAS","Bradley Beal, Deni Avdija, Kyle Kuzma, Montrezl Harrell, Spencer Dinwiddie",2,"1",14,11,14,11,395,395,0,0,0,0
"22100006","TOR","Fred VanVleet, Gary Trent Jr., Khem Birch, Scottie Barnes, Svi Mykhailiuk",3,"1",14,18,18,20,481,568,4,2,2,87
"22100006","WAS","Bradley Beal, Deni Avdija, Kyle Kuzma, Montrezl Harrell, Raul Neto",3,"1",14,11,18,14,395,481,4,3,1,86
"22100006","TOR","Chris Boucher, Fred VanVleet, Gary Trent Jr., Khem Birch, Svi Mykhailiuk",4,"1",18,20,18,24,568,664,0,4,-4,96
"22100006","WAS","Davis Bertans, Deni Avdija, Kyle Kuzma, Montrezl Harrell, Raul Neto",4,"1",18,14,18,14,481,481,0,0,0,0
"22100006","TOR","Chris Boucher, Gary Trent Jr., Goran Dragic, Khem Birch, Svi Mykhailiuk",5,"1",18,24,18,26,664,716,0,2,-2,52
"22100006","WAS","Aaron Holiday, Davis Bertans, Deni Avdija, Montrezl Harrell, Raul Neto",5,"1",18,14,20,18,481,568,2,4,-2,87
"22100006","TOR","Chris Boucher, Gary Trent Jr., Goran Dragic, Precious Achiuwa, Svi Mykhailiuk",6,"1",18,26,18,26,716,716,0,0,0,0
"22100006","WAS","Aaron Holiday, Davis Bertans, Kentavious Caldwell-Pope, Montrezl Harrell, Raul Neto",6,"1",20,18,26,18,568,716,6,0,6,148
"22100006","TOR","Fred VanVleet, Gary Trent Jr., Goran Dragic, Precious Achiuwa, Svi Mykhailiuk",7,"1",18,26,18,26,716,720,0,0,0,4
"22100006","WAS","Aaron Holiday, Kentavious Caldwell-Pope, Kyle Kuzma, Montrezl Harrell, Raul Neto",7,"1",26,18,26,18,716,720,0,0,0,4
"22100006","TOR","Chris Boucher, Gary Trent Jr., Goran Dragic, OG Anunoby, Svi Mykhailiuk",8,"2",18,26,20,28,720,837,2,2,0,117
"22100006","WAS","Aaron Holiday, Davis Bertans, Kentavious Caldwell-Pope, Montrezl Harrell, Spencer Dinwiddie",8,"2",26,18,28,20,720,837,2,2,0,117
"22100006","TOR","Gary Trent Jr., Goran Dragic, OG Anunoby, Precious Achiuwa, Svi Mykhailiuk",9,"2",20,28,25,30,837,888,5,2,3,51
"22100006","WAS","Aaron Holiday, Daniel Gafford, Davis Bertans, Kentavious Caldwell-Pope, Spencer Dinwiddie",9,"2",28,20,30,25,837,888,2,5,-3,51
"22100006","TOR","Goran Dragic, OG Anunoby, Precious Achiuwa, Scottie Barnes, Svi Mykhailiuk",10,"2",25,30,28,35,888,963,3,5,-2,75
"22100006","WAS","Aaron Holiday, Daniel Gafford, Davis Bertans, Deni Avdija, Spencer Dinwiddie",10,"2",30,25,30,25,888,888,0,0,0,0
"22100006","TOR","Fred VanVleet, Goran Dragic, OG Anunoby, Precious Achiuwa, Scottie Barnes",11,"2",28,35,30,42,963,1093,2,7,-5,130
"22100006","WAS","Daniel Gafford, Davis Bertans, Deni Avdija, Kyle Kuzma, Spencer Dinwiddie",11,"2",30,25,30,25,888,888,0,0,0,0
"22100006","TOR","Fred VanVleet, Goran Dragic, Khem Birch, OG Anunoby, Scottie Barnes",12,"2",30,42,30,46,1093,1122,0,4,-4,29
"22100006","WAS","Bradley Beal, Daniel Gafford, Deni Avdija, Kyle Kuzma, Spencer Dinwiddie",12,"2",30,25,35,27,888,952,5,2,3,64
"22100006","TOR","Fred VanVleet, Goran Dragic, Khem Birch, OG Anunoby, Svi Mykhailiuk",13,"2",30,46,32,52,1122,1213,2,6,-4,91
"22100006","WAS","Bradley Beal, Daniel Gafford, Deni Avdija, Kyle Kuzma, Raul Neto",13,"2",35,27,40,28,952,1013,5,1,4,61
"22100006","TOR","Fred VanVleet, Gary Trent Jr., Khem Birch, OG Anunoby, Svi Mykhailiuk",14,"2",32,52,35,54,1213,1348,3,2,1,135
"22100006","WAS","Bradley Beal, Deni Avdija, Kyle Kuzma, Montrezl Harrell, Raul Neto",14,"2",40,28,54,35,1013,1348,14,7,7,335
"22100006","TOR","Chris Boucher, Fred VanVleet, Gary Trent Jr., OG Anunoby, Svi Mykhailiuk",15,"2",35,54,37,57,1348,1440,2,3,-1,92
"22100006","WAS","Bradley Beal, Deni Avdija, Kyle Kuzma, Raul Neto, Spencer Dinwiddie",15,"2",54,35,54,35,1348,1348,0,0,0,0
"22100006","TOR","Fred VanVleet, Goran Dragic, OG Anunoby, Precious Achiuwa, Scottie Barnes",16,"3",37,57,40,63,1440,1623,3,6,-3,183
"22100006","WAS","Bradley Beal, Kentavious Caldwell-Pope, Kyle Kuzma, Raul Neto, Spencer Dinwiddie",16,"2",54,35,54,35,1348,1348,0,0,0,0
"22100006","TOR","Fred VanVleet, Goran Dragic, Khem Birch, OG Anunoby, Scottie Barnes",17,"3",40,63,42,66,1623,1741,2,3,-1,118
"22100006","WAS","Bradley Beal, Daniel Gafford, Kentavious Caldwell-Pope, Kyle Kuzma, Spencer Dinwiddie",17,"2",54,35,57,37,1348,1440,3,2,1,92
"22100006","WAS","Bradley Beal, Daniel Gafford, Kentavious Caldwell-Pope, Kyle Kuzma, Spencer Dinwiddie",17,"3",57,37,66,42,1440,1741,9,5,4,301
"22100006","TOR","Fred VanVleet, Gary Trent Jr., Khem Birch, OG Anunoby, Scottie Barnes",18,"3",42,66,46,71,1741,1870,4,5,-1,129
"22100006","WAS","Bradley Beal, Daniel Gafford, Kyle Kuzma, Raul Neto, Spencer Dinwiddie",18,"3",66,42,66,42,1741,1741,0,0,0,0
"22100006","TOR","Chris Boucher, Fred VanVleet, Gary Trent Jr., Khem Birch, OG Anunoby",19,"3",46,71,46,75,1870,1961,0,4,-4,91
"22100006","WAS","Bradley Beal, Daniel Gafford, Deni Avdija, Kyle Kuzma, Raul Neto",19,"3",66,42,69,44,1741,1800,3,2,1,59
"22100006","TOR","Chris Boucher, Fred VanVleet, Gary Trent Jr., Khem Birch, Svi Mykhailiuk",20,"3",46,75,51,78,1961,2061,5,3,2,100
"22100006","WAS","Bradley Beal, Deni Avdija, Kyle Kuzma, Montrezl Harrell, Raul Neto",20,"3",69,44,71,46,1800,1870,2,2,0,70
"22100006","TOR","Chris Boucher, Gary Trent Jr., Goran Dragic, Khem Birch, Svi Mykhailiuk",21,"3",51,78,56,79,2061,2135,5,1,4,74
"22100006","WAS","Bradley Beal, Davis Bertans, Deni Avdija, Montrezl Harrell, Raul Neto",21,"3",71,46,73,46,1870,1907,2,0,2,37
"22100006","TOR","Chris Boucher, Dalano Banton, Gary Trent Jr., Goran Dragic, Khem Birch",22,"3",56,79,59,81,2135,2160,3,2,1,25
"22100006","WAS","Aaron Holiday, Davis Bertans, Deni Avdija, Montrezl Harrell, Raul Neto",22,"3",73,46,75,49,1907,1988,2,3,-1,81
"22100006","TOR","Chris Boucher, Dalano Banton, Gary Trent Jr., Khem Birch, Scottie Barnes",23,"4",59,81,72,91,2160,2563,13,10,3,403
"22100006","WAS","Aaron Holiday, Davis Bertans, Montrezl Harrell, Raul Neto, Spencer Dinwiddie",23,"3",75,49,75,49,1988,1988,0,0,0,0
"22100006","TOR","Chris Boucher, Dalano Banton, Gary Trent Jr., Precious Achiuwa, Scottie Barnes",24,"4",72,91,72,91,2563,2563,0,0,0,0
"22100006","WAS","Aaron Holiday, Davis Bertans, Kentavious Caldwell-Pope, Montrezl Harrell, Spencer Dinwiddie",24,"3",75,49,81,59,1988,2160,6,10,-4,172
"22100006","WAS","Aaron Holiday, Davis Bertans, Kentavious Caldwell-Pope, Montrezl Harrell, Spencer Dinwiddie",24,"4",81,59,81,64,2160,2269,0,5,-5,109
"22100006","TOR","Dalano Banton, Gary Trent Jr., OG Anunoby, Precious Achiuwa, Scottie Barnes",25,"4",72,91,72,91,2563,2563,0,0,0,0
"22100006","WAS","Davis Bertans, Kentavious Caldwell-Pope, Kyle Kuzma, Montrezl Harrell, Spencer Dinwiddie",25,"4",81,64,81,64,2269,2269,0,0,0,0
"22100006","TOR","Dalano Banton, Fred VanVleet, OG Anunoby, Precious Achiuwa, Scottie Barnes",26,"4",72,91,83,98,2563,2880,11,7,4,317
"22100006","WAS","Bradley Beal, Kentavious Caldwell-Pope, Kyle Kuzma, Montrezl Harrell, Spencer Dinwiddie",26,"4",81,64,83,66,2269,2348,2,2,0,79
"22100006","WAS","Bradley Beal, Kyle Kuzma, Montrezl Harrell, Raul Neto, Spencer Dinwiddie",27,"4",83,66,83,66,2348,2348,0,0,0,0
"22100006","WAS","Bradley Beal, Deni Avdija, Kyle Kuzma, Montrezl Harrell, Raul Neto",28,"4",83,66,85,68,2348,2372,2,2,0,24
"22100006","WAS","Bradley Beal, Daniel Gafford, Deni Avdija, Kyle Kuzma, Raul Neto",29,"4",85,68,93,78,2372,2675,8,10,-2,303
"22100006","WAS","Bradley Beal, Daniel Gafford, Kentavious Caldwell-Pope, Kyle Kuzma, Raul Neto",30,"4",93,78,93,78,2675,2675,0,0,0,0
"22100006","WAS","Bradley Beal, Kentavious Caldwell-Pope, Kyle Kuzma, Montrezl Harrell, Raul Neto",31,"4",93,78,93,80,2675,2691,0,2,-2,16
"22100006","WAS","Bradley Beal, Kentavious Caldwell-Pope, Kyle Kuzma, Montrezl Harrell, Spencer Dinwiddie",32,"4",93,80,98,83,2691,2815,5,3,2,124
"22100006","WAS","Kentavious Caldwell-Pope, Kyle Kuzma, Montrezl Harrell, Raul Neto, Spencer Dinwiddie",33,"4",98,83,98,83,2815,2880,0,0,0,65
"22100007","CLE","Collin Sexton, Darius Garland, Evan Mobley, Jarrett Allen, Lauri Markkanen",0,"1",0,0,10,11,0,241,10,11,-1,241
"22100007","MEM","De'Anthony Melton, Desmond Bane, Ja Morant, Jaren Jackson Jr., Steven Adams",0,"1",0,0,15,12,0,308,15,12,3,308
"22100007","CLE","Darius Garland, Evan Mobley, Isaac Okoro, Jarrett Allen, Lauri Markkanen",1,"1",10,11,12,15,241,308,2,4,-2,67
"22100007","MEM","Desmond Bane, Ja Morant, Jaren Jackson Jr., Kyle Anderson, Steven Adams",1,"1",15,12,15,12,308,308,0,0,0,0
"22100007","CLE","Darius Garland, Isaac Okoro, Jarrett Allen, Kevin Love, Lauri Markkanen",2,"1",12,15,12,15,308,308,0,0,0,0
"22100007","MEM","Desmond Bane, Ja Morant, John Konchar, Kyle Anderson, Steven Adams",2,"1",15,12,21,19,308,468,6,7,-1,160
"22100007","CLE","Isaac Okoro, Jarrett Allen, Kevin Love, Lauri Markkanen, Ricky Rubio",3,"1",12,15,14,17,308,388,2,2,0,80
"22100007","MEM","Ja Morant, John Konchar, Kyle Anderson, Steven Adams, Ziaire Williams",3,"1",21,19,25,24,468,546,4,5,-1,78
"22100007","CLE","Cedi Osman, Isaac Okoro, Jarrett Allen, Kevin Love, Ricky Rubio",4,"1",14,17,19,21,388,468,5,4,1,80
"22100007","MEM","Ja Morant, Jaren Jackson Jr., John Konchar, Kyle Anderson, Ziaire Williams",4,"1",25,24,25,24,546,546,0,0,0,0
"22100007","CLE","Cedi Osman, Evan Mobley, Isaac Okoro, Kevin Love, Ricky Rubio",5,"1",19,21,22,23,468,514,3,2,1,46
"22100007","MEM","Jaren Jackson Jr., John Konchar, Kyle Anderson, Tyus Jones, Ziaire Williams",5,"1",25,24,28,26,546,638,3,2,1,92
"22100007","CLE","Cedi Osman, Collin Sexton, Evan Mobley, Kevin Love, Ricky Rubio",6,"1",22,23,32,32,514,720,10,9,1,206
"22100007","MEM","De'Anthony Melton, Jaren Jackson Jr., Kyle Anderson, Tyus Jones, Ziaire Williams",6,"1",28,26,32,32,638,720,4,6,-2,82
"22100007","CLE","Cedi Osman, Collin Sexton, Darius Garland, Evan Mobley, Lauri Markkanen",7,"2",32,32,38,47,720,918,6,15,-9,198
"22100007","MEM","Brandon Clarke, De'Anthony Melton, Jaren Jackson Jr., Tyus Jones, Ziaire Williams",7,"2",32,32,47,38,720,918,15,6,9,198
"22100007","CLE","Collin Sexton, Darius Garland, Evan Mobley, Isaac Okoro, Lauri Markkanen",8,"2",38,47,40,49,918,971,2,2,0,53
"22100007","MEM","Brandon Clarke, De'Anthony Melton, Steven Adams, Tyus Jones, Ziaire Williams",8,"2",47,38,49,40,918,971,2,2,0,53
"22100007","CLE","Darius Garland, Evan Mobley, Isaac Okoro, Lauri Markkanen, Ricky Rubio",9,"2",40,49,40,54,971,1042,0,5,-5,71
"22100007","MEM","Brandon Clarke, De'Anthony Melton, John Konchar, Steven Adams, Tyus Jones",9,"2",49,40,54,40,971,1042,5,0,5,71
"22100007","CLE","Darius Garland, Isaac Okoro, Jarrett Allen, Lauri Markkanen, Ricky Rubio",10,"2",40,54,48,58,1042,1137,8,4,4,95
"22100007","MEM","Brandon Clarke, Ja Morant, John Konchar, Steven Adams, Tyus Jones",10,"2",54,40,54,40,1042,1042,0,0,0,0
"22100007","CLE","Isaac Okoro, Jarrett Allen, Kevin Love, Lauri Markkanen, Ricky Rubio",11,"2",48,58,48,58,1137,1137,0,0,0,0
"22100007","MEM","Brandon Clarke, Desmond Bane, Ja Morant, John Konchar, Steven Adams",11,"2",54,40,58,48,1042,1137,4,8,-4,95
"22100007","CLE","Cedi Osman, Isaac Okoro, Jarrett Allen, Kevin Love, Ricky Rubio",12,"2",48,58,50,58,1137,1168,2,0,2,31
"22100007","MEM","Desmond Bane, Ja Morant, John Konchar, Kyle Anderson, Steven Adams",12,"2",58,48,62,50,1137,1223,4,2,2,86
"22100007","CLE","Cedi Osman, Collin Sexton, Jarrett Allen, Kevin Love, Ricky Rubio",13,"2",50,58,53,66,1168,1324,3,8,-5,156
"22100007","MEM","De'Anthony Melton, Desmond Bane, Ja Morant, Kyle Anderson, Steven Adams",13,"2",62,50,62,50,1223,1247,0,0,0,24
"22100007","CLE","Cedi Osman, Collin Sexton, Evan Mobley, Jarrett Allen, Ricky Rubio",14,"2",53,66,53,66,1324,1324,0,0,0,0
"22100007","MEM","De'Anthony Melton, Desmond Bane, Ja Morant, Jaren Jackson Jr., Kyle Anderson",14,"2",62,50,73,61,1247,1440,11,11,0,193
"22100007","CLE","Cedi Osman, Collin Sexton, Darius Garland, Evan Mobley, Jarrett Allen",15,"2",53,66,53,66,1324,1324,0,0,0,0
"22100007","MEM","De'Anthony Melton, Desmond Bane, Ja Morant, Jaren Jackson Jr., Steven Adams",15,"3",73,61,81,73,1440,1773,8,12,-4,333
"22100007","CLE","Collin Sexton, Darius Garland, Evan Mobley, Jarrett Allen, Lauri Markkanen",16,"2",53,66,61,73,1324,1440,8,7,1,116
"22100007","CLE","Collin Sexton, Darius Garland, Evan Mobley, Jarrett Allen, Lauri Markkanen",16,"3",61,73,71,77,1440,1695,10,4,6,255
"22100007","MEM","Desmond Bane, Ja Morant, Jaren Jackson Jr., Kyle Anderson, Steven Adams",16,"3",81,73,81,73,1773,1773,0,0,0,0
"22100007","CLE","Darius Garland, Evan Mobley, Isaac Okoro, Jarrett Allen, Lauri Markkanen",17,"3",71,77,73,81,1695,1773,2,4,-2,78
"22100007","MEM","Desmond Bane, Ja Morant, John Konchar, Kyle Anderson, Steven Adams",17,"3",81,73,83,80,1773,1913,2,7,-5,140
"22100007","CLE","Darius Garland, Isaac Okoro, Jarrett Allen, Kevin Love, Lauri Markkanen",18,"3",73,81,73,81,1773,1773,0,0,0,0
"22100007","MEM","Ja Morant, John Konchar, Kyle Anderson, Steven Adams, Ziaire Williams",18,"3",83,80,90,83,1913,2030,7,3,4,117
"22100007","CLE","Darius Garland, Isaac Okoro, Jarrett Allen, Kevin Love, Ricky Rubio",19,"3",73,81,80,83,1773,1913,7,2,5,140
"22100007","MEM","Ja Morant, John Konchar, Kyle Anderson, Tyus Jones, Ziaire Williams",19,"3",90,83,90,83,2030,2030,0,0,0,0
"22100007","CLE","Evan Mobley, Isaac Okoro, Jarrett Allen, Kevin Love, Ricky Rubio",20,"3",80,83,80,83,1913,1913,0,0,0,0
"22100007","MEM","Jaren Jackson Jr., John Konchar, Kyle Anderson, Tyus Jones, Ziaire Williams",20,"3",90,83,94,85,2030,2085,4,2,2,55
"22100007","CLE","Cedi Osman, Evan Mobley, Isaac Okoro, Kevin Love, Ricky Rubio",21,"3",80,83,83,90,1913,2030,3,7,-4,117
"22100007","MEM","De'Anthony Melton, Jaren Jackson Jr., Kyle Anderson, Tyus Jones, Ziaire Williams",21,"3",94,85,94,90,2085,2160,0,5,-5,75
"22100007","CLE","Cedi Osman, Collin Sexton, Evan Mobley, Kevin Love, Ricky Rubio",22,"3",83,90,90,94,2030,2160,7,4,3,130
"22100007","MEM","Brandon Clarke, De'Anthony Melton, Jaren Jackson Jr., Tyus Jones, Ziaire Williams",22,"4",94,90,106,95,2160,2398,12,5,7,238
"22100007","CLE","Cedi Osman, Collin Sexton, Evan Mobley, Isaac Okoro, Ricky Rubio",23,"3",90,94,90,94,2160,2160,0,0,0,0
"22100007","MEM","Brandon Clarke, Jaren Jackson Jr., John Konchar, Tyus Jones, Ziaire Williams",23,"4",106,95,106,95,2398,2398,0,0,0,0
"22100007","CLE","Cedi Osman, Evan Mobley, Isaac Okoro, Jarrett Allen, Ricky Rubio",24,"3",90,94,90,94,2160,2160,0,0,0,0
"22100007","MEM","Brandon Clarke, Ja Morant, Jaren Jackson Jr., John Konchar, Ziaire Williams",24,"4",106,95,106,97,2398,2440,0,2,-2,42
"22100007","CLE","Cedi Osman, Collin Sexton, Evan Mobley, Kevin Love, Ricky Rubio",25,"4",90,94,90,101,2160,2221,0,7,-7,61
"22100007","MEM","Brandon Clarke, Ja Morant, Jaren Jackson Jr., John Konchar, Kyle Anderson",25,"4",106,97,106,97,2440,2440,0,0,0,0
"22100007","CLE","Collin Sexton, Evan Mobley, Kevin Love, Lauri Markkanen, Ricky Rubio",26,"4",90,101,90,101,2221,2221,0,0,0,0
"22100007","MEM","Brandon Clarke, Ja Morant, John Konchar, Kyle Anderson, Steven Adams",26,"4",106,97,106,97,2440,2440,0,0,0,0
"22100007","CLE","Collin Sexton, Evan Mobley, Jarrett Allen, Lauri Markkanen, Ricky Rubio",27,"4",90,101,90,104,2221,2279,0,3,-3,58
"22100007","MEM","Desmond Bane, Ja Morant, John Konchar, Kyle Anderson, Steven Adams",27,"4",106,97,114,107,2440,2616,8,10,-2,176
"22100007","CLE","Collin Sexton, Evan Mobley, Isaac Okoro, Jarrett Allen, Lauri Markkanen",28,"4",90,104,90,104,2279,2279,0,0,0,0
"22100007","MEM","De'Anthony Melton, Desmond Bane, Ja Morant, Kyle Anderson, Steven Adams",28,"4",114,107,114,110,2616,2648,0,3,-3,32
"22100007","CLE","Darius Garland, Evan Mobley, Isaac Okoro, Jarrett Allen, Lauri Markkanen",29,"4",90,104,102,112,2279,2566,12,8,4,287
"22100007","MEM","De'Anthony Melton, Desmond Bane, Ja Morant, Jaren Jackson Jr., Steven Adams",29,"4",114,110,132,121,2648,2880,18,11,7,232
"22100007","CLE","Collin Sexton, Darius Garland, Evan Mobley, Isaac Okoro, Lauri Markkanen",30,"4",102,112,110,114,2566,2648,8,2,6,82
"22100007","CLE","Collin Sexton, Darius Garland, Evan Mobley, Lauri Markkanen, Ricky Rubio",31,"4",110,114,118,119,2648,2777,8,5,3,129
"22100007","CLE","Collin Sexton, Darius Garland, Evan Mobley, Jarrett Allen, Ricky Rubio",32,"4",118,119,118,123,2777,2802,0,4,-4,25
"22100007","CLE","Collin Sexton, Darius Garland, Evan Mobley, Lauri Markkanen, Ricky Rubio",33,"4",118,123,118,128,2802,2837,0,5,-5,35
"22100007","CLE","Darius Garland, Evan Mobley, Jarrett Allen, Lauri Markkanen, Ricky Rubio",34,"4",118,128,118,128,2837,2837,0,0,0,0
"22100007","CLE","Darius Garland, Evan Mobley, Isaac Okoro, Jarrett Allen, Lauri Markkanen",35,"4",118,128,118,130,2837,2843,0,2,-2,6
"22100007","CLE","Darius Garland, Evan Mobley, Jarrett Allen, Lauri Markkanen, Ricky Rubio",36,"4",118,130,121,132,2843,2862,3,2,1,19
"22100007","CLE","Collin Sexton, Darius Garland, Evan Mobley, Lauri Markkanen, Ricky Rubio",37,"4",121,132,121,132,2862,2880,0,0,0,18
"22100008","HOU","Christian Wood, Daniel Theis, Jae'Sean Tate, Jalen Green, Kevin Porter Jr.",0,"1",0,0,5,9,0,245,5,9,-4,245
"22100008","MIN","Anthony Edwards, D'Angelo Russell, Jaden McDaniels, Josh Okogie, Karl-Anthony Towns",0,"1",0,0,17,9,0,373,17,9,8,373
"22100008","HOU","Daniel Theis, Eric Gordon, Jae'Sean Tate, Jalen Green, Kevin Porter Jr.",1,"1",5,9,9,17,245,373,4,8,-4,128
"22100008","MIN","Anthony Edwards, Jaden McDaniels, Jordan McLaughlin, Josh Okogie, Karl-Anthony Towns",1,"1",17,9,17,9,373,414,0,0,0,41
"22100008","HOU","Daniel Theis, David Nwaba, Eric Gordon, Jae'Sean Tate, Jalen Green",2,"1",9,17,9,17,373,373,0,0,0,0
"22100008","MIN","Anthony Edwards, Jaden McDaniels, Jordan McLaughlin, Karl-Anthony Towns, Malik Beasley",2,"1",17,9,19,9,414,451,2,0,2,37
"22100008","HOU","Alperen Sengun, Daniel Theis, David Nwaba, Eric Gordon, Jalen Green",3,"1",9,17,9,17,373,373,0,0,0,0
"22100008","MIN","Anthony Edwards, Jordan McLaughlin, Karl-Anthony Towns, Malik Beasley, Taurean Prince",3,"1",19,9,26,16,451,557,7,7,0,106
"22100008","HOU","Alperen Sengun, D.J. Augustin, David Nwaba, Eric Gordon, Jalen Green",4,"1",9,17,16,26,373,557,7,9,-2,184
"22100008","MIN","Anthony Edwards, Jordan McLaughlin, Malik Beasley, Naz Reid, Taurean Prince",4,"1",26,16,28,19,557,613,2,3,-1,56
"22100008","HOU","Alperen Sengun, Christian Wood, D.J. Augustin, David Nwaba, Eric Gordon",5,"1",16,26,19,28,557,613,3,2,1,56
"22100008","MIN","Jarred Vanderbilt, Jordan McLaughlin, Malik Beasley, Naz Reid, Taurean Prince",5,"1",28,19,28,19,613,613,0,0,0,0
"22100008","HOU","Alperen Sengun, Christian Wood, D.J. Augustin, Eric Gordon, Kevin Porter Jr.",6,"1",19,28,21,32,613,720,2,4,-2,107
"22100008","MIN","D'Angelo Russell, Jarred Vanderbilt, Malik Beasley, Naz Reid, Taurean Prince",6,"1",28,19,32,21,613,720,4,2,2,107
"22100008","MIN","D'Angelo Russell, Jarred Vanderbilt, Malik Beasley, Naz Reid, Taurean Prince",6,"2",32,21,37,26,720,908,5,5,0,188
"22100008","HOU","Alperen Sengun, Christian Wood, Eric Gordon, Jae'Sean Tate, Kevin Porter Jr.",7,"2",21,32,21,32,720,757,0,0,0,37
"22100008","MIN","Anthony Edwards, D'Angelo Russell, Jarred Vanderbilt, Naz Reid, Taurean Prince",7,"2",37,26,37,28,908,922,0,2,-2,14
"22100008","HOU","Alperen Sengun, Christian Wood, Jae'Sean Tate, Jalen Green, Kevin Porter Jr.",8,"2",21,32,26,37,757,908,5,5,0,151
"22100008","MIN","Anthony Edwards, D'Angelo Russell, Jarred Vanderbilt, Josh Okogie, Naz Reid",8,"2",37,28,40,31,922,976,3,3,0,54
"22100008","HOU","Christian Wood, Daniel Theis, Jae'Sean Tate, Jalen Green, Kevin Porter Jr.",9,"2",26,37,31,40,908,976,5,3,2,68
"22100008","MIN","Anthony Edwards, Jarred Vanderbilt, Josh Okogie, Karl-Anthony Towns, Naz Reid",9,"2",40,31,40,31,976,976,0,0,0,0
"22100008","HOU","Christian Wood, Daniel Theis, Eric Gordon, Jalen Green, Kevin Porter Jr.",10,"2",31,40,33,45,976,1018,2,5,-3,42
"22100008","MIN","Anthony Edwards, Jarred Vanderbilt, Jordan McLaughlin, Josh Okogie, Karl-Anthony Towns",10,"2",40,31,47,34,976,1074,7,3,4,98
"22100008","HOU","Christian Wood, D.J. Augustin, Daniel Theis, Eric Gordon, Jalen Green",11,"2",33,45,45,72,1018,1440,12,27,-15,422
"22100008","MIN","Anthony Edwards, Jaden McDaniels, Jordan McLaughlin, Josh Okogie, Karl-Anthony Towns",11,"2",47,34,54,34,1074,1169,7,0,7,95
"22100008","HOU","Christian Wood, Daniel Theis, Jae'Sean Tate, Jalen Green, Kevin Porter Jr.",12,"3",45,72,56,82,1440,1769,11,10,1,329
"22100008","MIN","Anthony Edwards, Jaden McDaniels, Jordan McLaughlin, Karl-Anthony Towns, Malik Beasley",12,"2",54,34,72,45,1169,1440,18,11,7,271
"22100008","HOU","Christian Wood, Eric Gordon, Jae'Sean Tate, Jalen Green, Kevin Porter Jr.",13,"3",56,82,56,82,1769,1769,0,0,0,0
"22100008","MIN","Anthony Edwards, D'Angelo Russell, Jaden McDaniels, Josh Okogie, Karl-Anthony Towns",13,"3",72,45,85,59,1440,1808,13,14,-1,368
"22100008","HOU","Alperen Sengun, Eric Gordon, Jae'Sean Tate, Jalen Green, Kevin Porter Jr.",14,"3",56,82,59,89,1769,1863,3,7,-4,94
"22100008","MIN","D'Angelo Russell, Jaden McDaniels, Josh Okogie, Karl-Anthony Towns, Malik Beasley",14,"3",85,59,87,59,1808,1834,2,0,2,26
"22100008","HOU","Alperen Sengun, David Nwaba, Eric Gordon, Jae'Sean Tate, Jalen Green",15,"3",59,89,59,89,1863,1863,0,0,0,0
"22100008","MIN","D'Angelo Russell, Jaden McDaniels, Karl-Anthony Towns, Malik Beasley, Taurean Prince",15,"3",87,59,92,61,1834,1913,5,2,3,79
"22100008","HOU","Alperen Sengun, D.J. Augustin, David Nwaba, Eric Gordon, Jalen Green",16,"3",59,89,61,92,1863,1913,2,3,-1,50
"22100008","MIN","D'Angelo Russell, Jarred Vanderbilt, Karl-Anthony Towns, Malik Beasley, Taurean Prince",16,"3",92,61,92,61,1913,1929,0,0,0,16
"22100008","HOU","Alperen Sengun, Christian Wood, D.J. Augustin, David Nwaba, Eric Gordon",17,"3",61,92,68,99,1913,2094,7,7,0,181
"22100008","MIN","D'Angelo Russell, Jarred Vanderbilt, Malik Beasley, Naz Reid, Taurean Prince",17,"3",92,61,93,64,1929,2006,1,3,-2,77
"22100008","HOU","Alperen Sengun, Christian Wood, David Nwaba, Eric Gordon, Kevin Porter Jr.",18,"3",68,99,71,99,2094,2160,3,0,3,66
"22100008","MIN","Jarred Vanderbilt, Jordan McLaughlin, Malik Beasley, Naz Reid, Taurean Prince",18,"3",93,64,99,71,2006,2160,6,7,-1,154
"22100008","HOU","Alperen Sengun, Christian Wood, Jae'Sean Tate, Jalen Green, Kevin Porter Jr.",19,"4",71,99,78,109,2160,2331,7,10,-3,171
"22100008","MIN","Anthony Edwards, Jarred Vanderbilt, Jordan McLaughlin, Naz Reid, Taurean Prince",19,"4",99,71,102,73,2160,2194,3,2,1,34
"22100008","HOU","Christian Wood, Jae'Sean Tate, Jalen Green, Kenyon Martin Jr., Kevin Porter Jr.",20,"4",78,109,78,113,2331,2378,0,4,-4,47
"22100008","MIN","Anthony Edwards, Jarred Vanderbilt, Jordan McLaughlin, Karl-Anthony Towns, Taurean Prince",20,"4",102,73,109,78,2194,2331,7,5,2,137
"22100008","HOU","Christian Wood, David Nwaba, Jae'Sean Tate, Kenyon Martin Jr., Kevin Porter Jr.",21,"4",78,113,78,113,2378,2378,0,0,0,0
"22100008","MIN","Anthony Edwards, Jarred Vanderbilt, Jordan McLaughlin, Josh Okogie, Karl-Anthony Towns",21,"4",109,78,109,78,2331,2339,0,0,0,8
"22100008","HOU","Christian Wood, David Nwaba, Jae'Sean Tate, Josh Christopher, Kenyon Martin Jr.",22,"4",78,113,78,113,2378,2378,0,0,0,0
"22100008","MIN","Anthony Edwards, D'Angelo Russell, Jarred Vanderbilt, Josh Okogie, Karl-Anthony Towns",22,"4",109,78,109,78,2339,2359,0,0,0,20
"22100008","HOU","Christian Wood, David Nwaba, Josh Christopher, Kenyon Martin Jr., Usman Garuba",23,"4",78,113,78,113,2378,2378,0,0,0,0
"22100008","MIN","Anthony Edwards, D'Angelo Russell, Jaden McDaniels, Josh Okogie, Karl-Anthony Towns",23,"4",109,78,113,82,2359,2447,4,4,0,88
"22100008","HOU","Armoni Brooks, David Nwaba, Josh Christopher, Kenyon Martin Jr., Usman Garuba",24,"4",78,113,106,124,2378,2863,28,11,17,485
"22100008","MIN","Anthony Edwards, D'Angelo Russell, Jaden McDaniels, Josh Okogie, Naz Reid",24,"4",113,82,114,84,2447,2518,1,2,-1,71
"22100008","HOU","Alperen Sengun, Armoni Brooks, Josh Christopher, Kenyon Martin Jr., Usman Garuba",25,"4",106,124,106,124,2863,2880,0,0,0,17
"22100008","MIN","Anthony Edwards, Jaden McDaniels, Jordan McLaughlin, Josh Okogie, Naz Reid",25,"4",114,84,114,84,2518,2518,0,0,0,0
"22100008","MIN","Jaden McDaniels, Jordan McLaughlin, Josh Okogie, Malik Beasley, Naz Reid",26,"4",114,84,115,84,2518,2547,1,0,1,29
"22100008","MIN","Jaden McDaniels, Jaylen Nowell, Jordan McLaughlin, Malik Beasley, Naz Reid",27,"4",115,84,115,86,2547,2600,0,2,-2,53
"22100008","MIN","Jake Layman, Jaylen Nowell, Jordan McLaughlin, Malik Beasley, Naz Reid",28,"4",115,86,115,86,2600,2600,0,0,0,0
"22100008","MIN","Jake Layman, Jaylen Nowell, Leandro Bolmaro, Malik Beasley, Naz Reid",29,"4",115,86,115,91,2600,2632,0,5,-5,32
"22100008","MIN","Jake Layman, Jaylen Nowell, Leandro Bolmaro, McKinley Wright IV, Naz Reid",30,"4",115,91,124,106,2632,2880,9,15,-6,248
"22100009","NOP","Brandon Ingram, Devonte' Graham, Jonas Valanciunas, Josh Hart, Nickeil Alexander-Walker",0,"1",0,0,19,23,0,502,19,23,-4,502
"22100009","PHI","Danny Green, Joel Embiid, Seth Curry, Tobias Harris, Tyrese Maxey",0,"1",0,0,23,19,0,502,23,19,4,502
"22100009","NOP","Brandon Ingram, Devonte' Graham, Garrett Temple, Jonas Valanciunas, Nickeil Alexander-Walker",1,"1",19,23,19,23,502,502,0,0,0,0
"22100009","PHI","Danny Green, Georges Niang, Joel Embiid, Seth Curry, Tyrese Maxey",1,"1",23,19,23,19,502,502,0,0,0,0
"22100009","NOP","Devonte' Graham, Garrett Temple, Jonas Valanciunas, Nickeil Alexander-Walker, Trey Murphy III",2,"1",19,23,19,25,502,522,0,2,-2,20
"22100009","PHI","Danny Green, Furkan Korkmaz, Georges Niang, Joel Embiid, Seth Curry",2,"1",23,19,25,21,502,530,2,2,0,28
"22100009","NOP","Devonte' Graham, Garrett Temple, Jaxson Hayes, Nickeil Alexander-Walker, Trey Murphy III",3,"1",19,25,21,25,522,543,2,0,2,21
"22100009","PHI","Furkan Korkmaz, Georges Niang, Joel Embiid, Matisse Thybulle, Seth Curry",3,"1",25,21,25,21,530,530,0,0,0,0
"22100009","NOP","Brandon Ingram, Devonte' Graham, Garrett Temple, Jaxson Hayes, Trey Murphy III",4,"1",21,25,23,25,543,631,2,0,2,88
"22100009","PHI","Furkan Korkmaz, Georges Niang, Isaiah Joe, Joel Embiid, Matisse Thybulle",4,"1",25,21,25,21,530,543,0,0,0,13
"22100009","NOP","Brandon Ingram, Garrett Temple, Jaxson Hayes, Tomas Satoransky, Trey Murphy III",5,"1",23,25,25,29,631,720,2,4,-2,89
"22100009","PHI","Andre Drummond, Furkan Korkmaz, Georges Niang, Isaiah Joe, Matisse Thybulle",5,"1",25,21,29,25,543,720,4,4,0,177
"22100009","PHI","Andre Drummond, Furkan Korkmaz, Georges Niang, Isaiah Joe, Matisse Thybulle",5,"2",29,25,39,31,720,931,10,6,4,211
"22100009","NOP","Brandon Ingram, Jaxson Hayes, Kira Lewis Jr., Tomas Satoransky, Trey Murphy III",6,"2",25,29,27,36,720,854,2,7,-5,134
"22100009","PHI","Andre Drummond, Furkan Korkmaz, Georges Niang, Matisse Thybulle, Tyrese Maxey",6,"2",39,31,41,34,931,962,2,3,-1,31
"22100009","NOP","Brandon Ingram, Jaxson Hayes, Josh Hart, Kira Lewis Jr., Trey Murphy III",7,"2",27,36,27,39,854,890,0,3,-3,36
"22100009","PHI","Andre Drummond, Furkan Korkmaz, Matisse Thybulle, Tobias Harris, Tyrese Maxey",7,"2",41,34,41,34,962,1001,0,0,0,39
"22100009","NOP","Jaxson Hayes, Josh Hart, Kira Lewis Jr., Nickeil Alexander-Walker, Trey Murphy III",8,"2",27,39,34,41,890,962,7,2,5,72
"22100009","PHI","Furkan Korkmaz, Joel Embiid, Matisse Thybulle, Tobias Harris, Tyrese Maxey",8,"2",41,34,41,34,1001,1001,0,0,0,0
"22100009","NOP","Jaxson Hayes, Kira Lewis Jr., Naji Marshall, Nickeil Alexander-Walker, Trey Murphy III",9,"2",34,41,34,41,962,1001,0,0,0,39
"22100009","PHI","Joel Embiid, Matisse Thybulle, Seth Curry, Tobias Harris, Tyrese Maxey",9,"2",41,34,43,38,1001,1119,2,4,-2,118
"22100009","NOP","Jonas Valanciunas, Kira Lewis Jr., Naji Marshall, Nickeil Alexander-Walker, Trey Murphy III",10,"2",34,41,36,43,1001,1083,2,2,0,82
"22100009","PHI","Danny Green, Joel Embiid, Seth Curry, Tobias Harris, Tyrese Maxey",10,"2",43,38,43,38,1119,1168,0,0,0,49
"22100009","NOP","Brandon Ingram, Jonas Valanciunas, Kira Lewis Jr., Naji Marshall, Nickeil Alexander-Walker",11,"2",36,43,40,47,1083,1255,4,4,0,172
"22100009","PHI","Joel Embiid, Matisse Thybulle, Seth Curry, Tobias Harris, Tyrese Maxey",11,"2",43,38,53,53,1168,1440,10,15,-5,272
"22100009","NOP","Brandon Ingram, Devonte' Graham, Jonas Valanciunas, Naji Marshall, Nickeil Alexander-Walker",12,"2",40,47,53,53,1255,1440,13,6,7,185
"22100009","PHI","Danny Green, Joel Embiid, Seth Curry, Tobias Harris, Tyrese Maxey",12,"3",53,53,74,67,1440,1976,21,14,7,536
"22100009","NOP","Brandon Ingram, Devonte' Graham, Jonas Valanciunas, Nickeil Alexander-Walker, Trey Murphy III",13,"3",53,53,62,69,1440,1738,9,16,-7,298
"22100009","PHI","Danny Green, Joel Embiid, Matisse Thybulle, Seth Curry, Tobias Harris",13,"3",74,67,74,67,1976,1976,0,0,0,0
"22100009","NOP","Brandon Ingram, Devonte' Graham, Garrett Temple, Jonas Valanciunas, Nickeil Alexander-Walker",14,"3",62,69,65,69,1738,1814,3,0,3,76
"22100009","PHI","Furkan Korkmaz, Joel Embiid, Matisse Thybulle, Seth Curry, Tobias Harris",14,"3",74,67,74,67,1976,2000,0,0,0,24
"22100009","NOP","Devonte' Graham, Garrett Temple, Jonas Valanciunas, Naji Marshall, Nickeil Alexander-Walker",15,"3",65,69,67,74,1814,2000,2,5,-3,186
"22100009","PHI","Andre Drummond, Furkan Korkmaz, Matisse Thybulle, Seth Curry, Tobias Harris",15,"3",74,67,81,70,2000,2122,7,3,4,122
"22100009","NOP","Brandon Ingram, Devonte' Graham, Garrett Temple, Jonas Valanciunas, Naji Marshall",16,"3",67,74,67,74,2000,2000,0,0,0,0
"22100009","PHI","Andre Drummond, Furkan Korkmaz, Isaiah Joe, Matisse Thybulle, Tobias Harris",16,"3",81,70,81,70,2122,2124,0,0,0,2
"22100009","NOP","Brandon Ingram, Devonte' Graham, Garrett Temple, Jaxson Hayes, Naji Marshall",17,"3",67,74,70,81,2000,2122,3,7,-4,122
"22100009","PHI","Andre Drummond, Furkan Korkmaz, Georges Niang, Isaiah Joe, Matisse Thybulle",17,"3",81,70,81,70,2124,2160,0,0,0,36
"22100009","PHI","Andre Drummond, Furkan Korkmaz, Georges Niang, Isaiah Joe, Matisse Thybulle",17,"4",81,70,81,75,2160,2283,0,5,-5,123
"22100009","NOP","Brandon Ingram, Garrett Temple, Jaxson Hayes, Naji Marshall, Tomas Satoransky",18,"3",70,81,70,81,2122,2160,0,0,0,38
"22100009","PHI","Andre Drummond, Furkan Korkmaz, Georges Niang, Matisse Thybulle, Tyrese Maxey",18,"4",81,75,111,85,2283,2685,30,10,20,402
"22100009","NOP","Brandon Ingram, Jaxson Hayes, Kira Lewis Jr., Naji Marshall, Tomas Satoransky",19,"4",70,81,75,81,2160,2283,5,0,5,123
"22100009","PHI","Furkan Korkmaz, Georges Niang, Isaiah Joe, Matisse Thybulle, Tyrese Maxey",19,"4",111,85,111,85,2685,2685,0,0,0,0
"22100009","NOP","Brandon Ingram, Jaxson Hayes, Kira Lewis Jr., Nickeil Alexander-Walker, Tomas Satoransky",20,"4",75,81,77,89,2283,2363,2,8,-6,80
"22100009","PHI","Georges Niang, Isaiah Joe, Matisse Thybulle, Paul Reed, Tyrese Maxey",20,"4",111,85,115,89,2685,2756,4,4,0,71
"22100009","NOP","Brandon Ingram, Jonas Valanciunas, Kira Lewis Jr., Nickeil Alexander-Walker, Tomas Satoransky",21,"4",77,89,79,92,2363,2419,2,3,-1,56
"22100009","PHI","Georges Niang, Isaiah Joe, Jaden Springer, Matisse Thybulle, Paul Reed",21,"4",115,89,115,89,2756,2756,0,0,0,0
"22100009","NOP","Brandon Ingram, Garrett Temple, Jonas Valanciunas, Kira Lewis Jr., Nickeil Alexander-Walker",22,"4",79,92,79,92,2419,2419,0,0,0,0
"22100009","PHI","Aaron Henry, Georges Niang, Isaiah Joe, Jaden Springer, Paul Reed",22,"4",115,89,115,89,2756,2756,0,0,0,0
"22100009","NOP","Brandon Ingram, Devonte' Graham, Garrett Temple, Jonas Valanciunas, Nickeil Alexander-Walker",23,"4",79,92,82,109,2419,2617,3,17,-14,198
"22100009","PHI","Aaron Henry, Charles Bassey, Isaiah Joe, Jaden Springer, Paul Reed",23,"4",115,89,117,97,2756,2880,2,8,-6,124
"22100009","NOP","Devonte' Graham, Garrett Temple, Jonas Valanciunas, Naji Marshall, Nickeil Alexander-Walker",24,"4",82,109,82,109,2617,2617,0,0,0,0
"22100009","NOP","Devonte' Graham, Garrett Temple, Jaxson Hayes, Naji Marshall, Nickeil Alexander-Walker",25,"4",82,109,85,111,2617,2670,3,2,1,53
"22100009","NOP","Garrett Temple, Jaxson Hayes, Naji Marshall, Nickeil Alexander-Walker, Trey Murphy III",26,"4",85,111,85,111,2670,2670,0,0,0,0
"22100009","NOP","Garrett Temple, Jaxson Hayes, Kira Lewis Jr., Naji Marshall, Trey Murphy III",27,"4",85,111,85,111,2670,2685,0,0,0,15
"22100009","NOP","Herbert Jones, Jaxson Hayes, Kira Lewis Jr., Naji Marshall, Trey Murphy III",28,"4",85,111,97,117,2685,2880,12,6,6,195
"22100010","ORL","Cole Anthony, Franz Wagner, Jalen Suggs, Mo Bamba, Wendell Carter Jr.",0,"1",0,0,15,10,0,255,15,10,5,255
"22100010","SAS","Dejounte Murray, Derrick White, Doug McDermott, Jakob Poeltl, Keldon Johnson",0,"1",0,0,17,17,0,393,17,17,0,393
"22100010","ORL","Cole Anthony, Jalen Suggs, Mo Bamba, Terrence Ross, Wendell Carter Jr.",1,"1",15,10,17,11,255,295,2,1,1,40
"22100010","SAS","Dejounte Murray, Devin Vassell, Doug McDermott, Jakob Poeltl, Keldon Johnson",1,"1",17,17,17,17,393,393,0,0,0,0
"22100010","ORL","Cole Anthony, Ignas Brazdeikis, Mo Bamba, Terrence Ross, Wendell Carter Jr.",2,"1",17,11,17,11,295,295,0,0,0,0
"22100010","SAS","Dejounte Murray, Devin Vassell, Jakob Poeltl, Keldon Johnson, Lonnie Walker IV",2,"1",17,17,19,20,393,459,2,3,-1,66
"22100010","ORL","Cole Anthony, Ignas Brazdeikis, Mo Bamba, R.J. Hampton, Terrence Ross",3,"1",17,11,17,17,295,393,0,6,-6,98
"22100010","SAS","Dejounte Murray, Devin Vassell, Drew Eubanks, Keldon Johnson, Lonnie Walker IV",3,"1",19,20,21,23,459,501,2,3,-1,42
"22100010","ORL","Cole Anthony, Ignas Brazdeikis, Moritz Wagner, R.J. Hampton, Terrence Ross",4,"1",17,17,23,21,393,495,6,4,2,102
"22100010","SAS","Dejounte Murray, Devin Vassell, Doug McDermott, Drew Eubanks, Lonnie Walker IV",4,"1",21,23,21,23,501,501,0,0,0,0
"22100010","ORL","Ignas Brazdeikis, Jalen Suggs, Moritz Wagner, R.J. Hampton, Terrence Ross",5,"1",23,21,28,29,495,643,5,8,-3,148
"22100010","SAS","Derrick White, Devin Vassell, Doug McDermott, Drew Eubanks, Lonnie Walker IV",5,"1",21,23,32,28,501,720,11,5,6,219
"22100010","ORL","Cole Anthony, Ignas Brazdeikis, Jalen Suggs, Moritz Wagner, Terrence Ross",6,"1",28,29,28,32,643,720,0,3,-3,77
"22100010","SAS","Bryn Forbes, Derrick White, Doug McDermott, Jakob Poeltl, Lonnie Walker IV",6,"2",32,28,39,33,720,856,7,5,2,136
"22100010","ORL","Cole Anthony, Jalen Suggs, Mo Bamba, Terrence Ross, Wendell Carter Jr.",7,"2",28,32,33,39,720,856,5,7,-2,136
"22100010","SAS","Bryn Forbes, Doug McDermott, Jakob Poeltl, Keldon Johnson, Lonnie Walker IV",7,"2",39,33,39,33,856,856,0,0,0,0
"22100010","ORL","Cole Anthony, Jalen Suggs, Mo Bamba, R.J. Hampton, Wendell Carter Jr.",8,"2",33,39,33,39,856,856,0,0,0,0
"22100010","SAS","Bryn Forbes, Dejounte Murray, Jakob Poeltl, Keldon Johnson, Lonnie Walker IV",8,"2",39,33,39,36,856,905,0,3,-3,49
"22100010","ORL","Cole Anthony, Franz Wagner, Jalen Suggs, Mo Bamba, R.J. Hampton",9,"2",33,39,36,39,856,905,3,0,3,49
"22100010","SAS","Bryn Forbes, Dejounte Murray, Devin Vassell, Jakob Poeltl, Keldon Johnson",9,"2",39,36,43,38,905,1017,4,2,2,112
"22100010","ORL","Franz Wagner, Ignas Brazdeikis, Jalen Suggs, Mo Bamba, R.J. Hampton",10,"2",36,39,36,39,905,919,0,0,0,14
"22100010","SAS","Bryn Forbes, Dejounte Murray, Devin Vassell, Drew Eubanks, Keldon Johnson",10,"2",43,38,45,40,1017,1097,2,2,0,80
"22100010","ORL","Franz Wagner, Ignas Brazdeikis, Jalen Suggs, R.J. Hampton, Robin Lopez",11,"2",36,39,38,43,919,983,2,4,-2,64
"22100010","SAS","Dejounte Murray, Devin Vassell, Drew Eubanks, Keldon Johnson, Lonnie Walker IV",11,"2",45,40,53,42,1097,1178,8,2,6,81
"22100010","ORL","Franz Wagner, Ignas Brazdeikis, R.J. Hampton, Robin Lopez, Terrence Ross",12,"2",38,43,42,53,983,1178,4,10,-6,195
"22100010","SAS","Dejounte Murray, Devin Vassell, Jakob Poeltl, Keldon Johnson, Lonnie Walker IV",12,"2",53,42,53,44,1178,1191,0,2,-2,13
"22100010","ORL","Franz Wagner, Jalen Suggs, R.J. Hampton, Robin Lopez, Terrence Ross",13,"2",42,53,44,53,1178,1191,2,0,2,13
"22100010","SAS","Dejounte Murray, Devin Vassell, Drew Eubanks, Keldon Johnson, Lonnie Walker IV",13,"2",53,44,55,46,1191,1238,2,2,0,47
"22100010","ORL","Franz Wagner, Jalen Suggs, Moritz Wagner, Robin Lopez, Terrence Ross",14,"2",44,53,44,53,1191,1191,0,0,0,0
"22100010","SAS","Dejounte Murray, Derrick White, Drew Eubanks, Keldon Johnson, Lonnie Walker IV",14,"2",55,46,57,46,1238,1286,2,0,2,48
"22100010","ORL","Franz Wagner, Jalen Suggs, Moritz Wagner, Terrence Ross, Wendell Carter Jr.",15,"2",44,53,46,59,1191,1320,2,6,-4,129
"22100010","SAS","Derrick White, Doug McDermott, Drew Eubanks, Keldon Johnson, Lonnie Walker IV",15,"2",57,46,61,46,1286,1322,4,0,4,36
"22100010","ORL","Franz Wagner, Mo Bamba, Moritz Wagner, Terrence Ross, Wendell Carter Jr.",16,"2",46,59,46,59,1320,1320,0,0,0,0
"22100010","SAS","Dejounte Murray, Derrick White, Doug McDermott, Drew Eubanks, Lonnie Walker IV",16,"2",61,46,61,49,1322,1440,0,3,-3,118
"22100010","ORL","Cole Anthony, Franz Wagner, Mo Bamba, Terrence Ross, Wendell Carter Jr.",17,"2",46,59,49,61,1320,1440,3,2,1,120
"22100010","SAS","Dejounte Murray, Derrick White, Doug McDermott, Jakob Poeltl, Keldon Johnson",17,"3",61,49,71,59,1440,1817,10,10,0,377
"22100010","ORL","Cole Anthony, Franz Wagner, Jalen Suggs, Mo Bamba, Wendell Carter Jr.",18,"3",49,61,55,65,1440,1643,6,4,2,203
"22100010","SAS","Dejounte Murray, Derrick White, Devin Vassell, Doug McDermott, Jakob Poeltl",18,"3",71,59,71,59,1817,1817,0,0,0,0
"22100010","ORL","Cole Anthony, Franz Wagner, Jalen Suggs, Robin Lopez, Wendell Carter Jr.",19,"3",55,65,59,71,1643,1817,4,6,-2,174
"22100010","SAS","Derrick White, Devin Vassell, Doug McDermott, Drew Eubanks, Jakob Poeltl",19,"3",71,59,71,59,1817,1817,0,0,0,0
"22100010","ORL","Cole Anthony, Franz Wagner, R.J. Hampton, Robin Lopez, Wendell Carter Jr.",20,"3",59,71,59,71,1817,1817,0,0,0,0
"22100010","SAS","Derrick White, Devin Vassell, Doug McDermott, Drew Eubanks, Lonnie Walker IV",20,"3",71,59,74,64,1817,1885,3,5,-2,68
"22100010","ORL","Cole Anthony, R.J. Hampton, Robin Lopez, Terrence Ross, Wendell Carter Jr.",21,"3",59,71,64,74,1817,1885,5,3,2,68
"22100010","SAS","Derrick White, Devin Vassell, Drew Eubanks, Keita Bates-Diop, Lonnie Walker IV",21,"3",74,64,79,66,1885,1973,5,2,3,88
"22100010","ORL","Cole Anthony, Ignas Brazdeikis, R.J. Hampton, Robin Lopez, Terrence Ross",22,"3",64,74,66,79,1885,1973,2,5,-3,88
"22100010","SAS","Devin Vassell, Drew Eubanks, Jakob Poeltl, Keita Bates-Diop, Lonnie Walker IV",22,"3",79,66,79,66,1973,1973,0,0,0,0
"22100010","ORL","Ignas Brazdeikis, Jalen Suggs, R.J. Hampton, Robin Lopez, Terrence Ross",23,"3",66,79,71,94,1973,2160,5,15,-10,187
"22100010","SAS","Dejounte Murray, Devin Vassell, Jakob Poeltl, Keita Bates-Diop, Lonnie Walker IV",23,"3",79,66,94,71,1973,2160,15,5,10,187
"22100010","SAS","Dejounte Murray, Devin Vassell, Jakob Poeltl, Keita Bates-Diop, Lonnie Walker IV",23,"4",94,71,99,71,2160,2271,5,0,5,111
"22100010","ORL","Cole Anthony, Franz Wagner, Mo Bamba, R.J. Hampton, Terrence Ross",24,"4",71,94,77,103,2160,2400,6,9,-3,240
"22100010","SAS","Dejounte Murray, Devin Vassell, Jakob Poeltl, Keita Bates-Diop, Keldon Johnson",24,"4",99,71,99,71,2271,2271,0,0,0,0
"22100010","ORL","Cole Anthony, Franz Wagner, Ignas Brazdeikis, Mo Bamba, R.J. Hampton",25,"4",77,103,80,103,2400,2429,3,0,3,29
"22100010","SAS","Dejounte Murray, Derrick White, Devin Vassell, Jakob Poeltl, Keldon Johnson",25,"4",99,71,103,77,2271,2400,4,6,-2,129
"22100010","ORL","Cole Anthony, Franz Wagner, Ignas Brazdeikis, Mo Bamba, Moritz Wagner",26,"4",80,103,80,103,2429,2429,0,0,0,0
"22100010","SAS","Derrick White, Devin Vassell, Jakob Poeltl, Keldon Johnson, Tre Jones",26,"4",103,77,103,77,2400,2400,0,0,0,0
"22100010","ORL","Franz Wagner, Ignas Brazdeikis, Jalen Suggs, Mo Bamba, Moritz Wagner",27,"4",80,103,84,109,2429,2586,4,6,-2,157
"22100010","SAS","Derrick White, Jakob Poeltl, Keldon Johnson, Lonnie Walker IV, Tre Jones",27,"4",103,77,109,84,2400,2586,6,7,-1,186
"22100010","ORL","Franz Wagner, Jalen Suggs, Mo Bamba, Moritz Wagner, R.J. Hampton",28,"4",84,109,95,118,2586,2757,11,9,2,171
"22100010","SAS","Derrick White, Jakob Poeltl, Keita Bates-Diop, Lonnie Walker IV, Tre Jones",28,"4",109,84,109,84,2586,2586,0,0,0,0
"22100010","ORL","Cole Anthony, Franz Wagner, Mo Bamba, Moritz Wagner, R.J. Hampton",29,"4",95,118,97,123,2757,2880,2,5,-3,123
"22100010","SAS","Jakob Poeltl, Joshua Primo, Keita Bates-Diop, Lonnie Walker IV, Tre Jones",29,"4",109,84,112,86,2586,2616,3,2,1,30
"22100010","SAS","Jakob Poeltl, Jock Landale, Joshua Primo, Keita Bates-Diop, Tre Jones",30,"4",112,86,112,86,2616,2616,0,0,0,0
"22100010","SAS","Devin Vassell, Jock Landale, Joshua Primo, Keita Bates-Diop, Tre Jones",31,"4",112,86,123,97,2616,2880,11,11,0,264
"22100011","OKC","Darius Bazley, Derrick Favors, Josh Giddey, Luguentz Dort, Shai Gilgeous-Alexander",0,"1",0,0,8,13,0,378,8,13,-5,378
"22100011","UTA","Bojan Bogdanovic, Donovan Mitchell, Mike Conley, Royce O'Neale, Rudy Gobert",0,"1",0,0,13,8,0,313,13,8,5,313
"22100011","OKC","Darius Bazley, Isaiah Roby, Josh Giddey, Luguentz Dort, Shai Gilgeous-Alexander",1,"1",8,13,11,15,378,406,3,2,1,28
"22100011","UTA","Bojan Bogdanovic, Donovan Mitchell, Joe Ingles, Royce O'Neale, Rudy Gobert",1,"1",13,8,13,8,313,313,0,0,0,0
"22100011","OKC","Darius Bazley, Isaiah Roby, Luguentz Dort, Shai Gilgeous-Alexander, Tre Mann",2,"1",11,15,11,20,406,545,0,5,-5,139
"22100011","UTA","Bojan Bogdanovic, Donovan Mitchell, Hassan Whiteside, Joe Ingles, Royce O'Neale",2,"1",13,8,17,11,313,458,4,3,1,145
"22100011","OKC","Aleksej Pokusevski, Darius Bazley, Isaiah Roby, Shai Gilgeous-Alexander, Tre Mann",3,"1",11,20,11,20,545,545,0,0,0,0
"22100011","UTA","Donovan Mitchell, Hassan Whiteside, Joe Ingles, Jordan Clarkson, Royce O'Neale",3,"1",17,11,20,11,458,545,3,0,3,87
"22100011","OKC","Aleksej Pokusevski, Isaiah Roby, Kenrich Williams, Shai Gilgeous-Alexander, Tre Mann",4,"1",11,20,16,27,545,684,5,7,-2,139
"22100011","UTA","Donovan Mitchell, Joe Ingles, Jordan Clarkson, Royce O'Neale, Rudy Gobert",4,"1",20,11,20,11,545,545,0,0,0,0
"22100011","OKC","Aleksej Pokusevski, Isaiah Roby, Kenrich Williams, Theo Maledon, Tre Mann",5,"1",16,27,18,27,684,720,2,0,2,36
"22100011","UTA","Donovan Mitchell, Joe Ingles, Jordan Clarkson, Mike Conley, Rudy Gobert",5,"1",20,11,20,11,545,545,0,0,0,0
"22100011","OKC","Aleksej Pokusevski, Jeremiah Robinson-Earl, Kenrich Williams, Theo Maledon, Tre Mann",6,"2",18,27,20,33,720,810,2,6,-4,90
"22100011","UTA","Eric Paschall, Joe Ingles, Jordan Clarkson, Mike Conley, Rudy Gobert",6,"1",20,11,27,18,545,720,7,7,0,175
"22100011","UTA","Eric Paschall, Joe Ingles, Jordan Clarkson, Mike Conley, Rudy Gobert",6,"2",27,18,38,24,720,893,11,6,5,173
"22100011","OKC","Aleksej Pokusevski, Jeremiah Robinson-Earl, Josh Giddey, Kenrich Williams, Theo Maledon",7,"2",20,33,26,43,810,1007,6,10,-4,197
"22100011","UTA","Eric Paschall, Jared Butler, Joe Ingles, Jordan Clarkson, Rudy Gobert",7,"2",38,24,43,24,893,960,5,0,5,67
"22100011","OKC","Jeremiah Robinson-Earl, Josh Giddey, Kenrich Williams, Luguentz Dort, Theo Maledon",8,"2",26,43,32,47,1007,1080,6,4,2,73
"22100011","UTA","Bojan Bogdanovic, Jared Butler, Joe Ingles, Jordan Clarkson, Rudy Gobert",8,"2",43,24,43,24,960,960,0,0,0,0
"22100011","OKC","Jeremiah Robinson-Earl, Josh Giddey, Luguentz Dort, Shai Gilgeous-Alexander, Theo Maledon",9,"2",32,47,33,49,1080,1111,1,2,-1,31
"22100011","UTA","Bojan Bogdanovic, Hassan Whiteside, Jared Butler, Joe Ingles, Jordan Clarkson",9,"2",43,24,43,26,960,1018,0,2,-2,58
"22100011","OKC","Darius Bazley, Jeremiah Robinson-Earl, Luguentz Dort, Shai Gilgeous-Alexander, Theo Maledon",10,"2",33,49,33,49,1111,1111,0,0,0,0
"22100011","UTA","Bojan Bogdanovic, Donovan Mitchell, Hassan Whiteside, Jared Butler, Jordan Clarkson",10,"2",43,26,43,26,1018,1018,0,0,0,0
"22100011","OKC","Darius Bazley, Derrick Favors, Luguentz Dort, Shai Gilgeous-Alexander, Theo Maledon",11,"2",33,49,39,52,1111,1337,6,3,3,226
"22100011","UTA","Bojan Bogdanovic, Donovan Mitchell, Hassan Whiteside, Jordan Clarkson, Royce O'Neale",11,"2",43,26,49,37,1018,1187,6,11,-5,169
"22100011","OKC","Darius Bazley, Derrick Favors, Josh Giddey, Luguentz Dort, Shai Gilgeous-Alexander",12,"2",39,52,42,54,1337,1424,3,2,1,87
"22100011","UTA","Bojan Bogdanovic, Donovan Mitchell, Hassan Whiteside, Royce O'Neale, Rudy Gobert",12,"2",49,37,49,37,1187,1187,0,0,0,0
"22100011","OKC","Darius Bazley, Derrick Favors, Josh Giddey, Luguentz Dort, Theo Maledon",13,"2",42,54,42,54,1424,1440,0,0,0,16
"22100011","UTA","Bojan Bogdanovic, Donovan Mitchell, Mike Conley, Royce O'Neale, Rudy Gobert",13,"2",49,37,54,42,1187,1440,5,5,0,253
"22100011","UTA","Bojan Bogdanovic, Donovan Mitchell, Mike Conley, Royce O'Neale, Rudy Gobert",13,"3",54,42,66,43,1440,1736,12,1,11,296
"22100011","OKC","Darius Bazley, Derrick Favors, Josh Giddey, Luguentz Dort, Shai Gilgeous-Alexander",14,"3",42,54,48,72,1440,1833,6,18,-12,393
"22100011","UTA","Bojan Bogdanovic, Donovan Mitchell, Hassan Whiteside, Royce O'Neale, Rudy Gobert",14,"3",66,43,66,43,1736,1736,0,0,0,0
"22100011","OKC","Derrick Favors, Isaiah Roby, Josh Giddey, Luguentz Dort, Shai Gilgeous-Alexander",15,"3",48,72,48,72,1833,1833,0,0,0,0
"22100011","UTA","Bojan Bogdanovic, Donovan Mitchell, Hassan Whiteside, Joe Ingles, Royce O'Neale",15,"3",66,43,75,52,1736,1914,9,9,0,178
"22100011","OKC","Aleksej Pokusevski, Isaiah Roby, Josh Giddey, Luguentz Dort, Shai Gilgeous-Alexander",16,"3",48,72,48,72,1833,1833,0,0,0,0
"22100011","UTA","Bojan Bogdanovic, Donovan Mitchell, Joe Ingles, Royce O'Neale, Rudy Gobert",16,"3",75,52,75,52,1914,1914,0,0,0,0
"22100011","OKC","Aleksej Pokusevski, Isaiah Roby, Luguentz Dort, Shai Gilgeous-Alexander, Tre Mann",17,"3",48,72,56,80,1833,2056,8,8,0,223
"22100011","UTA","Donovan Mitchell, Joe Ingles, Jordan Clarkson, Royce O'Neale, Rudy Gobert",17,"3",75,52,77,54,1914,1968,2,2,0,54
"22100011","OKC","Aleksej Pokusevski, Isaiah Roby, Kenrich Williams, Shai Gilgeous-Alexander, Tre Mann",18,"3",56,80,61,83,2056,2130,5,3,2,74
"22100011","UTA","Donovan Mitchell, Eric Paschall, Joe Ingles, Jordan Clarkson, Rudy Gobert",18,"3",77,54,77,54,1968,1968,0,0,0,0
"22100011","OKC","Aleksej Pokusevski, Darius Bazley, Isaiah Roby, Kenrich Williams, Shai Gilgeous-Alexander",19,"3",61,83,63,83,2130,2160,2,0,2,30
"22100011","UTA","Eric Paschall, Joe Ingles, Jordan Clarkson, Mike Conley, Rudy Gobert",19,"3",77,54,83,63,1968,2160,6,9,-3,192
"22100011","UTA","Eric Paschall, Joe Ingles, Jordan Clarkson, Mike Conley, Rudy Gobert",19,"4",83,63,84,66,2160,2267,1,3,-2,107
"22100011","OKC","Aleksej Pokusevski, Darius Bazley, Jeremiah Robinson-Earl, Kenrich Williams, Theo Maledon",20,"4",63,83,66,84,2160,2267,3,1,2,107
"22100011","UTA","Eric Paschall, Jared Butler, Joe Ingles, Jordan Clarkson, Rudy Gobert",20,"4",84,66,89,72,2267,2406,5,6,-1,139
"22100011","OKC","Darius Bazley, Jeremiah Robinson-Earl, Josh Giddey, Kenrich Williams, Theo Maledon",21,"4",66,84,74,93,2267,2473,8,9,-1,206
"22100011","UTA","Bojan Bogdanovic, Jared Butler, Joe Ingles, Jordan Clarkson, Rudy Gobert",21,"4",89,72,89,72,2406,2406,0,0,0,0
"22100011","OKC","Darius Bazley, Jeremiah Robinson-Earl, Kenrich Williams, Shai Gilgeous-Alexander, Theo Maledon",22,"4",74,93,74,93,2473,2473,0,0,0,0
"22100011","UTA","Bojan Bogdanovic, Hassan Whiteside, Jared Butler, Joe Ingles, Jordan Clarkson",22,"4",89,72,93,74,2406,2473,4,2,2,67
"22100011","OKC","Darius Bazley, Jeremiah Robinson-Earl, Luguentz Dort, Shai Gilgeous-Alexander, Theo Maledon",23,"4",74,93,75,99,2473,2567,1,6,-5,94
"22100011","UTA","Bojan Bogdanovic, Donovan Mitchell, Hassan Whiteside, Joe Ingles, Jordan Clarkson",23,"4",93,74,99,77,2473,2596,6,3,3,123
"22100011","OKC","Darius Bazley, Jeremiah Robinson-Earl, Josh Giddey, Luguentz Dort, Shai Gilgeous-Alexander",24,"4",75,99,75,99,2567,2567,0,0,0,0
"22100011","UTA","Bojan Bogdanovic, Donovan Mitchell, Hassan Whiteside, Jordan Clarkson, Royce O'Neale",24,"4",99,77,103,79,2596,2686,4,2,2,90
"22100011","OKC","Darius Bazley, Derrick Favors, Josh Giddey, Luguentz Dort, Shai Gilgeous-Alexander",25,"4",75,99,79,103,2567,2686,4,4,0,119
"22100011","UTA","Donovan Mitchell, Hassan Whiteside, Jared Butler, Jordan Clarkson, Royce O'Neale",25,"4",103,79,103,79,2686,2686,0,0,0,0
"22100011","OKC","Darius Bazley, Derrick Favors, Josh Giddey, Luguentz Dort, Theo Maledon",26,"4",79,103,79,103,2686,2686,0,0,0,0
"22100011","UTA","Elijah Hughes, Hassan Whiteside, Jared Butler, Jordan Clarkson, Royce O'Neale",26,"4",103,79,105,84,2686,2785,2,5,-3,99
"22100011","OKC","Darius Bazley, Derrick Favors, Isaiah Roby, Josh Giddey, Theo Maledon",27,"4",79,103,79,103,2686,2686,0,0,0,0
"22100011","UTA","Elijah Hughes, Hassan Whiteside, Jared Butler, Malik Fitts, Royce O'Neale",27,"4",105,84,105,84,2785,2785,0,0,0,0
"22100011","OKC","Derrick Favors, Isaiah Roby, Josh Giddey, Theo Maledon, Vit Krejci",28,"4",79,103,79,103,2686,2686,0,0,0,0
"22100011","UTA","Elijah Hughes, Hassan Whiteside, Jared Butler, Malik Fitts, Miye Oni",28,"4",105,84,107,86,2785,2880,2,2,0,95
"22100011","OKC","Isaiah Roby, Josh Giddey, Theo Maledon, Tre Mann, Vit Krejci",29,"4",79,103,86,107,2686,2880,7,4,3,194
"22100012","DEN","Aaron Gordon, Michael Porter Jr., Monte Morris, Nikola Jokic, Will Barton",0,"1",0,0,20,15,0,468,20,15,5,468
"22100012","PHX","Chris Paul, Deandre Ayton, Devin Booker, Jae Crowder, Mikal Bridges",0,"1",0,0,15,20,0,468,15,20,-5,468
"22100012","DEN","Aaron Gordon, Facundo Campazzo, Michael Porter Jr., Monte Morris, Nikola Jokic",1,"1",20,15,20,15,468,468,0,0,0,0
"22100012","PHX","Cameron Payne, Chris Paul, Devin Booker, Jae Crowder, Mikal Bridges",1,"1",15,20,15,20,468,468,0,0,0,0
"22100012","DEN","Aaron Gordon, Facundo Campazzo, Michael Porter Jr., Nikola Jokic, P.J. Dozier",2,"1",20,15,24,15,468,559,4,0,4,91
"22100012","PHX","Cameron Payne, Chris Paul, Devin Booker, JaVale McGee, Mikal Bridges",2,"1",15,20,15,20,468,468,0,0,0,0
"22100012","DEN","Aaron Gordon, Facundo Campazzo, Jeff Green, Nikola Jokic, P.J. Dozier",3,"1",24,15,24,15,559,559,0,0,0,0
"22100012","PHX","Cameron Johnson, Cameron Payne, Devin Booker, JaVale McGee, Mikal Bridges",3,"1",15,20,15,24,468,559,0,4,-4,91
"22100012","DEN","Austin Rivers, Facundo Campazzo, Jeff Green, Nikola Jokic, P.J. Dozier",4,"1",24,15,26,15,559,651,2,0,2,92
"22100012","PHX","Cameron Johnson, Cameron Payne, JaVale McGee, Landry Shamet, Mikal Bridges",4,"1",15,24,15,24,559,559,0,0,0,0
"22100012","DEN","Austin Rivers, Facundo Campazzo, JaMychal Green, Jeff Green, P.J. Dozier",5,"1",26,15,26,20,651,720,0,5,-5,69
"22100012","DEN","Austin Rivers, Facundo Campazzo, JaMychal Green, Jeff Green, P.J. Dozier",5,"2",26,20,34,38,720,1022,8,18,-10,302
"22100012","PHX","Abdel Nader, Cameron Johnson, Cameron Payne, JaVale McGee, Landry Shamet",5,"1",15,24,20,26,559,720,5,2,3,161
"22100012","DEN","Austin Rivers, Facundo Campazzo, Jeff Green, Michael Porter Jr., P.J. Dozier",6,"2",34,38,34,38,1022,1022,0,0,0,0
"22100012","PHX","Abdel Nader, Cameron Johnson, Chris Paul, JaVale McGee, Landry Shamet",6,"2",20,26,33,31,720,970,13,5,8,250
"22100012","DEN","Facundo Campazzo, Jeff Green, Michael Porter Jr., Nikola Jokic, P.J. Dozier",7,"2",34,38,36,38,1022,1053,2,0,2,31
"22100012","PHX","Abdel Nader, Cameron Johnson, Chris Paul, Deandre Ayton, Landry Shamet",7,"2",33,31,33,31,970,970,0,0,0,0
"22100012","DEN","Jeff Green, Michael Porter Jr., Monte Morris, Nikola Jokic, P.J. Dozier",8,"2",36,38,36,38,1053,1053,0,0,0,0
"22100012","PHX","Abdel Nader, Chris Paul, Deandre Ayton, Jae Crowder, Landry Shamet",8,"2",33,31,38,34,970,1022,5,3,2,52
"22100012","DEN","Michael Porter Jr., Monte Morris, Nikola Jokic, P.J. Dozier, Will Barton",9,"2",36,38,36,38,1053,1053,0,0,0,0
"22100012","PHX","Chris Paul, Deandre Ayton, Jae Crowder, Landry Shamet, Mikal Bridges",9,"2",38,34,40,36,1022,1079,2,2,0,57
"22100012","DEN","Aaron Gordon, Michael Porter Jr., Monte Morris, Nikola Jokic, Will Barton",10,"2",36,38,51,58,1053,1440,15,20,-5,387
"22100012","DEN","Aaron Gordon, Michael Porter Jr., Monte Morris, Nikola Jokic, Will Barton",10,"3",51,58,74,65,1440,1884,23,7,16,444
"22100012","PHX","Cameron Payne, Deandre Ayton, Jae Crowder, Landry Shamet, Mikal Bridges",10,"2",40,36,40,36,1079,1079,0,0,0,0
"22100012","DEN","Aaron Gordon, Michael Porter Jr., Monte Morris, Nikola Jokic, P.J. Dozier",11,"3",74,65,75,67,1884,1918,1,2,-1,34
"22100012","PHX","Cameron Payne, Deandre Ayton, Devin Booker, Jae Crowder, Mikal Bridges",11,"2",40,36,49,36,1079,1248,9,0,9,169
"22100012","DEN","Jeff Green, Michael Porter Jr., Monte Morris, Nikola Jokic, P.J. Dozier",12,"3",75,67,78,70,1918,1974,3,3,0,56
"22100012","PHX","Cameron Johnson, Cameron Payne, Deandre Ayton, Devin Booker, Mikal Bridges",12,"2",49,36,57,41,1248,1353,8,5,3,105
"22100012","DEN","Facundo Campazzo, Jeff Green, Michael Porter Jr., Nikola Jokic, P.J. Dozier",13,"3",78,70,78,70,1974,2000,0,0,0,26
"22100012","PHX","Cameron Johnson, Chris Paul, Deandre Ayton, Devin Booker, Mikal Bridges",13,"2",57,41,58,51,1353,1440,1,10,-9,87
"22100012","DEN","Facundo Campazzo, JaMychal Green, Jeff Green, Michael Porter Jr., P.J. Dozier",14,"3",78,70,80,74,2000,2032,2,4,-2,32
"22100012","PHX","Chris Paul, Deandre Ayton, Devin Booker, Jae Crowder, Mikal Bridges",14,"3",58,51,65,68,1440,1823,7,17,-10,383
"22100012","DEN","Facundo Campazzo, JaMychal Green, Jeff Green, P.J. Dozier, Will Barton",15,"3",80,74,85,82,2032,2144,5,8,-3,112
"22100012","PHX","Cameron Payne, Deandre Ayton, Devin Booker, Jae Crowder, Mikal Bridges",15,"3",65,68,65,68,1823,1823,0,0,0,0
"22100012","DEN","Facundo Campazzo, JaMychal Green, Jeff Green, Michael Porter Jr., Will Barton",16,"3",85,82,85,82,2144,2160,0,0,0,16
"22100012","PHX","Cameron Johnson, Cameron Payne, Deandre Ayton, Devin Booker, Mikal Bridges",16,"3",65,68,67,75,1823,1918,2,7,-5,95
"22100012","DEN","Facundo Campazzo, JaMychal Green, Jeff Green, P.J. Dozier, Will Barton",17,"4",85,82,96,89,2160,2426,11,7,4,266
"22100012","PHX","Cameron Johnson, Cameron Payne, Devin Booker, JaVale McGee, Mikal Bridges",17,"3",67,75,67,75,1918,1918,0,0,0,0
"22100012","DEN","Facundo Campazzo, Jeff Green, Michael Porter Jr., P.J. Dozier, Will Barton",18,"4",96,89,96,89,2426,2426,0,0,0,0
"22100012","PHX","Cameron Johnson, Cameron Payne, Devin Booker, JaVale McGee, Landry Shamet",18,"3",67,75,70,78,1918,2000,3,3,0,82
"22100012","DEN","Facundo Campazzo, Jeff Green, Michael Porter Jr., Nikola Jokic, P.J. Dozier",19,"4",96,89,102,93,2426,2563,6,4,2,137
"22100012","PHX","Abdel Nader, Cameron Johnson, Cameron Payne, JaVale McGee, Landry Shamet",19,"3",70,78,82,85,2000,2144,12,7,5,144
"22100012","DEN","Aaron Gordon, Jeff Green, Michael Porter Jr., Nikola Jokic, P.J. Dozier",20,"4",102,93,102,93,2563,2563,0,0,0,0
"22100012","PHX","Cameron Johnson, Cameron Payne, Devin Booker, JaVale McGee, Landry Shamet",20,"3",82,85,82,85,2144,2144,0,0,0,0
"22100012","DEN","Aaron Gordon, Michael Porter Jr., Nikola Jokic, P.J. Dozier, Will Barton",21,"4",102,93,102,93,2563,2563,0,0,0,0
"22100012","PHX","Cameron Johnson, Cameron Payne, Devin Booker, Landry Shamet, Mikal Bridges",21,"3",82,85,82,85,2144,2144,0,0,0,0
"22100012","DEN","Aaron Gordon, Michael Porter Jr., Monte Morris, Nikola Jokic, Will Barton",22,"4",102,93,110,98,2563,2880,8,5,3,317
"22100012","PHX","Abdel Nader, Cameron Johnson, Cameron Payne, Landry Shamet, Mikal Bridges",22,"3",82,85,82,85,2144,2160,0,0,0,16
"22100012","PHX","Abdel Nader, Cameron Johnson, Chris Paul, JaVale McGee, Landry Shamet",23,"4",82,85,84,96,2160,2340,2,11,-9,180
"22100012","PHX","Cameron Johnson, Chris Paul, Deandre Ayton, JaVale McGee, Landry Shamet",24,"4",84,96,84,96,2340,2340,0,0,0,0
"22100012","PHX","Cameron Johnson, Chris Paul, Deandre Ayton, Landry Shamet, Mikal Bridges",25,"4",84,96,93,102,2340,2563,9,6,3,223
"22100012","PHX","Cameron Johnson, Chris Paul, Deandre Ayton, Jae Crowder, Mikal Bridges",26,"4",93,102,93,102,2563,2563,0,0,0,0
"22100012","PHX","Chris Paul, Deandre Ayton, Devin Booker, Jae Crowder, Mikal Bridges",27,"4",93,102,98,110,2563,2880,5,8,-3,317
"22100013","POR","CJ McCollum, Damian Lillard, Jusuf Nurkic, Norman Powell, Robert Covington",0,"1",0,0,7,13,0,362,7,13,-6,362
"22100013","SAC","De'Aaron Fox, Harrison Barnes, Maurice Harkless, Richaun Holmes, Tyrese Haliburton",0,"1",0,0,13,5,0,284,13,5,8,284
"22100013","POR","Damian Lillard, Jusuf Nurkic, Nassir Little, Norman Powell, Robert Covington",1,"1",7,13,13,20,362,438,6,7,-1,76
"22100013","SAC","De'Aaron Fox, Harrison Barnes, Maurice Harkless, Tristan Thompson, Tyrese Haliburton",1,"1",13,5,13,7,284,354,0,2,-2,70
"22100013","POR","Cody Zeller, Damian Lillard, Nassir Little, Norman Powell, Robert Covington",2,"1",13,20,13,20,438,438,0,0,0,0
"22100013","SAC","Buddy Hield, De'Aaron Fox, Maurice Harkless, Tristan Thompson, Tyrese Haliburton",2,"1",13,7,13,9,354,371,0,2,-2,17
"22100013","POR","Cody Zeller, Damian Lillard, Larry Nance Jr., Nassir Little, Norman Powell",3,"1",13,20,19,22,438,580,6,2,4,142
"22100013","SAC","Buddy Hield, De'Aaron Fox, Harrison Barnes, Tristan Thompson, Tyrese Haliburton",3,"1",13,9,20,13,371,438,7,4,3,67
"22100013","POR","Anfernee Simons, Cody Zeller, Damian Lillard, Larry Nance Jr., Nassir Little",4,"1",19,22,21,22,580,647,2,0,2,67
"22100013","SAC","Buddy Hield, Davion Mitchell, De'Aaron Fox, Harrison Barnes, Tristan Thompson",4,"1",20,13,21,15,438,501,1,2,-1,63
"22100013","POR","Anfernee Simons, CJ McCollum, Cody Zeller, Larry Nance Jr., Nassir Little",5,"1",21,22,23,24,647,717,2,2,0,70
"22100013","SAC","Buddy Hield, Davion Mitchell, De'Aaron Fox, Harrison Barnes, Richaun Holmes",5,"1",21,15,22,19,501,580,1,4,-3,79
"22100013","POR","Anfernee Simons, CJ McCollum, Larry Nance Jr., Nassir Little, Norman Powell",6,"1",23,24,23,24,717,720,0,0,0,3
"22100013","SAC","Buddy Hield, Davion Mitchell, Harrison Barnes, Richaun Holmes, Terence Davis",6,"1",22,19,22,21,580,647,0,2,-2,67
"22100013","POR","Anfernee Simons, CJ McCollum, Cody Zeller, Nassir Little, Robert Covington",7,"2",23,24,26,29,720,802,3,5,-2,82
"22100013","SAC","Buddy Hield, Davion Mitchell, Maurice Harkless, Richaun Holmes, Terence Davis",7,"1",22,21,24,23,647,717,2,2,0,70
"22100013","POR","Anfernee Simons, CJ McCollum, Jusuf Nurkic, Nassir Little, Robert Covington",8,"2",26,29,28,34,802,894,2,5,-3,92
"22100013","SAC","Buddy Hield, Davion Mitchell, De'Aaron Fox, Maurice Harkless, Terence Davis",8,"1",24,23,24,23,717,720,0,0,0,3
"22100013","POR","Anfernee Simons, CJ McCollum, Damian Lillard, Jusuf Nurkic, Robert Covington",9,"2",28,34,35,39,894,1078,7,5,2,184
"22100013","SAC","Buddy Hield, Davion Mitchell, Maurice Harkless, Richaun Holmes, Terence Davis",9,"2",24,23,34,28,720,887,10,5,5,167
"22100013","POR","Anfernee Simons, Damian Lillard, Jusuf Nurkic, Larry Nance Jr., Robert Covington",10,"2",35,39,35,39,1078,1078,0,0,0,0
"22100013","SAC","Buddy Hield, Davion Mitchell, Maurice Harkless, Terence Davis, Tyrese Haliburton",10,"2",34,28,34,28,887,887,0,0,0,0
"22100013","POR","Anfernee Simons, Damian Lillard, Jusuf Nurkic, Larry Nance Jr., Norman Powell",11,"2",35,39,39,45,1078,1183,4,6,-2,105
"22100013","SAC","Davion Mitchell, Maurice Harkless, Terence Davis, Tristan Thompson, Tyrese Haliburton",11,"2",34,28,39,35,887,1078,5,7,-2,191
"22100013","POR","Anfernee Simons, Cody Zeller, Damian Lillard, Larry Nance Jr., Norman Powell",12,"2",39,45,39,49,1183,1241,0,4,-4,58
"22100013","SAC","Buddy Hield, Davion Mitchell, Maurice Harkless, Tristan Thompson, Tyrese Haliburton",12,"2",39,35,39,35,1078,1078,0,0,0,0
"22100013","POR","CJ McCollum, Cody Zeller, Damian Lillard, Larry Nance Jr., Norman Powell",13,"2",39,49,39,49,1241,1241,0,0,0,0
"22100013","SAC","Buddy Hield, Davion Mitchell, Harrison Barnes, Tristan Thompson, Tyrese Haliburton",13,"2",39,35,39,35,1078,1078,0,0,0,0
"22100013","POR","CJ McCollum, Cody Zeller, Damian Lillard, Norman Powell, Robert Covington",14,"2",39,49,49,62,1241,1430,10,13,-3,189
"22100013","SAC","Buddy Hield, De'Aaron Fox, Harrison Barnes, Tristan Thompson, Tyrese Haliburton",14,"2",39,35,45,39,1078,1183,6,4,2,105
"22100013","POR","Anfernee Simons, Cody Zeller, Damian Lillard, Norman Powell, Robert Covington",15,"2",49,62,49,62,1430,1440,0,0,0,10
"22100013","SAC","Buddy Hield, De'Aaron Fox, Harrison Barnes, Richaun Holmes, Tyrese Haliburton",15,"2",45,39,62,49,1183,1440,17,10,7,257
"22100013","POR","CJ McCollum, Damian Lillard, Jusuf Nurkic, Norman Powell, Robert Covington",16,"3",49,62,70,85,1440,1848,21,23,-2,408
"22100013","SAC","De'Aaron Fox, Harrison Barnes, Maurice Harkless, Richaun Holmes, Tyrese Haliburton",16,"3",62,49,75,57,1440,1725,13,8,5,285
"22100013","POR","CJ McCollum, Cody Zeller, Damian Lillard, Norman Powell, Robert Covington",17,"3",70,85,70,85,1848,1848,0,0,0,0
"22100013","SAC","De'Aaron Fox, Harrison Barnes, Maurice Harkless, Tristan Thompson, Tyrese Haliburton",17,"3",75,57,75,57,1725,1725,0,0,0,0
"22100013","POR","CJ McCollum, Cody Zeller, Damian Lillard, Larry Nance Jr., Norman Powell",18,"3",70,85,72,85,1848,1850,2,0,2,2
"22100013","SAC","Buddy Hield, De'Aaron Fox, Harrison Barnes, Tristan Thompson, Tyrese Haliburton",18,"3",75,57,82,67,1725,1818,7,10,-3,93
"22100013","POR","Cody Zeller, Damian Lillard, Larry Nance Jr., Nassir Little, Norman Powell",19,"3",72,85,79,88,1850,1990,7,3,4,140
"22100013","SAC","Buddy Hield, Davion Mitchell, De'Aaron Fox, Harrison Barnes, Tristan Thompson",19,"3",82,67,88,79,1818,1990,6,12,-6,172
"22100013","POR","Anfernee Simons, Cody Zeller, Damian Lillard, Larry Nance Jr., Nassir Little",20,"3",79,88,85,100,1990,2160,6,12,-6,170
"22100013","SAC","Buddy Hield, Davion Mitchell, De'Aaron Fox, Harrison Barnes, Richaun Holmes",20,"3",88,79,100,85,1990,2160,12,6,6,170
"22100013","POR","Anfernee Simons, CJ McCollum, Cody Zeller, Larry Nance Jr., Nassir Little",21,"4",85,100,91,105,2160,2265,6,5,1,105
"22100013","SAC","Buddy Hield, Davion Mitchell, Maurice Harkless, Richaun Holmes, Terence Davis",21,"4",100,85,105,91,2160,2251,5,6,-1,91
"22100013","POR","Anfernee Simons, CJ McCollum, Cody Zeller, Larry Nance Jr., Norman Powell",22,"4",91,105,98,109,2265,2378,7,4,3,113
"22100013","SAC","Buddy Hield, Davion Mitchell, Maurice Harkless, Terence Davis, Tristan Thompson",22,"4",105,91,105,91,2251,2267,0,0,0,16
"22100013","POR","CJ McCollum, Cody Zeller, Damian Lillard, Larry Nance Jr., Norman Powell",23,"4",98,109,98,109,2378,2378,0,0,0,0
"22100013","SAC","Davion Mitchell, Maurice Harkless, Terence Davis, Tristan Thompson, Tyrese Haliburton",23,"4",105,91,109,98,2267,2378,4,7,-3,111
"22100013","POR","CJ McCollum, Damian Lillard, Jusuf Nurkic, Larry Nance Jr., Norman Powell",24,"4",98,109,102,111,2378,2428,4,2,2,50
"22100013","SAC","Davion Mitchell, Harrison Barnes, Terence Davis, Tristan Thompson, Tyrese Haliburton",24,"4",109,98,109,98,2378,2378,0,0,0,0
"22100013","POR","CJ McCollum, Damian Lillard, Jusuf Nurkic, Norman Powell, Robert Covington",25,"4",102,111,117,120,2428,2857,15,9,6,429
"22100013","SAC","De'Aaron Fox, Harrison Barnes, Terence Davis, Tristan Thompson, Tyrese Haliburton",25,"4",109,98,111,104,2378,2449,2,6,-4,71
"22100013","POR","CJ McCollum, Damian Lillard, Larry Nance Jr., Norman Powell, Robert Covington",26,"4",117,120,117,122,2857,2861,0,2,-2,4
"22100013","SAC","Buddy Hield, De'Aaron Fox, Harrison Barnes, Tristan Thompson, Tyrese Haliburton",26,"4",111,104,117,109,2449,2602,6,5,1,153
"22100013","POR","CJ McCollum, Damian Lillard, Jusuf Nurkic, Larry Nance Jr., Norman Powell",27,"4",117,122,117,122,2861,2861,0,0,0,0
"22100013","SAC","Buddy Hield, Davion Mitchell, De'Aaron Fox, Harrison Barnes, Tristan Thompson",27,"4",117,109,117,109,2602,2602,0,0,0,0
"22100013","POR","CJ McCollum, Damian Lillard, Jusuf Nurkic, Norman Powell, Robert Covington",28,"4",117,122,121,124,2861,2880,4,2,2,19
"22100013","SAC","Buddy Hield, Davion Mitchell, De'Aaron Fox, Harrison Barnes, Richaun Holmes",28,"4",117,109,120,117,2602,2857,3,8,-5,255
"22100013","SAC","Davion Mitchell, De'Aaron Fox, Harrison Barnes, Richaun Holmes, Tristan Thompson",29,"4",120,117,120,117,2857,2857,0,0,0,0
"22100013","SAC","Buddy Hield, De'Aaron Fox, Harrison Barnes, Richaun Holmes, Tristan Thompson",30,"4",120,117,120,117,2857,2857,0,0,0,0
"22100013","SAC","Buddy Hield, De'Aaron Fox, Harrison Barnes, Richaun Holmes, Tyrese Haliburton",31,"4",120,117,122,117,2857,2861,2,0,2,4
"22100013","SAC","Buddy Hield, Davion Mitchell, De'Aaron Fox, Harrison Barnes, Richaun Holmes",32,"4",122,117,122,117,2861,2861,0,0,0,0
"22100013","SAC","Buddy Hield, De'Aaron Fox, Harrison Barnes, Maurice Harkless, Richaun Holmes",33,"4",122,117,122,117,2861,2861,0,0,0,0
"22100013","SAC","De'Aaron Fox, Harrison Barnes, Maurice Harkless, Richaun Holmes, Tyrese Haliburton",34,"4",122,117,122,121,2861,2869,0,4,-4,8
"22100013","SAC","Davion Mitchell, De'Aaron Fox, Harrison Barnes, Richaun Holmes, Tyrese Haliburton",35,"4",122,121,122,121,2869,2869,0,0,0,0
"22100013","SAC","Buddy Hield, Davion Mitchell, De'Aaron Fox, Harrison Barnes, Richaun Holmes",36,"4",122,121,124,121,2869,2872,2,0,2,3
"22100013","SAC","Davion Mitchell, De'Aaron Fox, Harrison Barnes, Maurice Harkless, Richaun Holmes",37,"4",124,121,124,121,2872,2880,0,0,0,8
"22100014","ATL","Bogdan Bogdanovic, Clint Capela, De'Andre Hunter, John Collins, Trae Young",0,"1",0,0,14,10,0,351,14,10,4,351
"22100014","DAL","Dorian Finney-Smith, Dwight Powell, Kristaps Porzingis, Luka Doncic, Tim Hardaway Jr.",0,"1",0,0,10,14,0,351,10,14,-4,351
"22100014","ATL","Bogdan Bogdanovic, De'Andre Hunter, John Collins, Kevin Huerter, Trae Young",1,"1",14,10,14,12,351,376,0,2,-2,25
"22100014","DAL","Dorian Finney-Smith, Kristaps Porzingis, Luka Doncic, Tim Hardaway Jr., Willie Cauley-Stein",1,"1",10,14,10,14,351,351,0,0,0,0
"22100014","ATL","Cam Reddish, De'Andre Hunter, John Collins, Kevin Huerter, Trae Young",2,"1",14,12,16,17,376,520,2,5,-3,144
"22100014","DAL","Dorian Finney-Smith, Jalen Brunson, Luka Doncic, Tim Hardaway Jr., Willie Cauley-Stein",2,"1",10,14,17,20,351,570,7,6,1,219
"22100014","ATL","Cam Reddish, Gorgui Dieng, John Collins, Kevin Huerter, Trae Young",3,"1",16,17,16,17,520,520,0,0,0,0
"22100014","DAL","Jalen Brunson, Luka Doncic, Sterling Brown, Tim Hardaway Jr., Willie Cauley-Stein",3,"1",17,20,17,20,570,570,0,0,0,0
"22100014","ATL","Cam Reddish, Gorgui Dieng, Kevin Huerter, Solomon Hill, Trae Young",4,"1",16,17,20,17,520,570,4,0,4,50
"22100014","DAL","Jalen Brunson, Luka Doncic, Reggie Bullock, Sterling Brown, Willie Cauley-Stein",4,"1",17,20,17,20,570,570,0,0,0,0
"22100014","ATL","Cam Reddish, Delon Wright, Gorgui Dieng, Kevin Huerter, Solomon Hill",5,"1",20,17,22,20,570,720,2,3,-1,150
"22100014","ATL","Cam Reddish, Delon Wright, Gorgui Dieng, Kevin Huerter, Solomon Hill",5,"2",22,20,34,26,720,987,12,6,6,267
"22100014","DAL","Jalen Brunson, Maxi Kleber, Reggie Bullock, Sterling Brown, Willie Cauley-Stein",5,"1",17,20,20,22,570,715,3,2,1,145
"22100014","ATL","Cam Reddish, De'Andre Hunter, Gorgui Dieng, Kevin Huerter, Solomon Hill",6,"2",34,26,34,26,987,987,0,0,0,0
"22100014","DAL","Jalen Brunson, Kristaps Porzingis, Maxi Kleber, Reggie Bullock, Sterling Brown",6,"1",20,22,20,22,715,720,0,0,0,5
"22100014","DAL","Jalen Brunson, Kristaps Porzingis, Maxi Kleber, Reggie Bullock, Sterling Brown",6,"2",20,22,24,32,720,878,4,10,-6,158
"22100014","ATL","Cam Reddish, De'Andre Hunter, Gorgui Dieng, John Collins, Solomon Hill",7,"2",34,26,34,26,987,987,0,0,0,0
"22100014","DAL","Jalen Brunson, Kristaps Porzingis, Luka Doncic, Maxi Kleber, Reggie Bullock",7,"2",24,32,26,34,878,987,2,2,0,109
"22100014","ATL","Cam Reddish, De'Andre Hunter, John Collins, Solomon Hill, Trae Young",8,"2",34,26,34,26,987,987,0,0,0,0
"22100014","DAL","Kristaps Porzingis, Luka Doncic, Maxi Kleber, Reggie Bullock, Tim Hardaway Jr.",8,"2",26,34,29,34,987,1082,3,0,3,95
"22100014","ATL","Cam Reddish, Clint Capela, De'Andre Hunter, John Collins, Trae Young",9,"2",34,26,34,26,987,987,0,0,0,0
"22100014","DAL","Dwight Powell, Luka Doncic, Maxi Kleber, Reggie Bullock, Tim Hardaway Jr.",9,"2",29,34,29,34,1082,1082,0,0,0,0
"22100014","ATL","Bogdan Bogdanovic, Clint Capela, De'Andre Hunter, John Collins, Trae Young",10,"2",34,26,49,42,987,1338,15,16,-1,351
"22100014","DAL","Dorian Finney-Smith, Dwight Powell, Luka Doncic, Maxi Kleber, Tim Hardaway Jr.",10,"2",29,34,31,43,1082,1201,2,9,-7,119
"22100014","ATL","Clint Capela, De'Andre Hunter, John Collins, Kevin Huerter, Trae Young",11,"2",49,42,51,44,1338,1440,2,2,0,102
"22100014","DAL","Dorian Finney-Smith, Dwight Powell, Jalen Brunson, Luka Doncic, Tim Hardaway Jr.",11,"2",31,43,41,47,1201,1294,10,4,6,93
"22100014","ATL","Bogdan Bogdanovic, Clint Capela, De'Andre Hunter, John Collins, Trae Young",12,"3",51,44,73,52,1440,1869,22,8,14,429
"22100014","DAL","Dorian Finney-Smith, Dwight Powell, Jalen Brunson, Kristaps Porzingis, Luka Doncic",12,"2",41,47,44,51,1294,1440,3,4,-1,146
"22100014","ATL","Bogdan Bogdanovic, Clint Capela, John Collins, Kevin Huerter, Trae Young",13,"3",73,52,73,52,1869,1869,0,0,0,0
"22100014","DAL","Dorian Finney-Smith, Dwight Powell, Kristaps Porzingis, Luka Doncic, Tim Hardaway Jr.",13,"3",44,51,49,64,1440,1762,5,13,-8,322
"22100014","ATL","Bogdan Bogdanovic, John Collins, Kevin Huerter, Solomon Hill, Trae Young",14,"3",73,52,81,62,1869,2002,8,10,-2,133
"22100014","DAL","Dorian Finney-Smith, Dwight Powell, Jalen Brunson, Luka Doncic, Tim Hardaway Jr.",14,"3",49,64,52,73,1762,1869,3,9,-6,107
"22100014","ATL","Gorgui Dieng, John Collins, Kevin Huerter, Solomon Hill, Trae Young",15,"3",81,62,81,62,2002,2002,0,0,0,0
"22100014","DAL","Dorian Finney-Smith, Jalen Brunson, Luka Doncic, Tim Hardaway Jr., Willie Cauley-Stein",15,"3",52,73,62,81,1869,2002,10,8,2,133
"22100014","ATL","Cam Reddish, Gorgui Dieng, Kevin Huerter, Solomon Hill, Trae Young",16,"3",81,62,86,64,2002,2102,5,2,3,100
"22100014","DAL","Jalen Brunson, Luka Doncic, Maxi Kleber, Tim Hardaway Jr., Willie Cauley-Stein",16,"3",62,81,62,81,2002,2002,0,0,0,0
"22100014","ATL","Cam Reddish, Delon Wright, Gorgui Dieng, Kevin Huerter, Solomon Hill",17,"3",86,64,86,64,2102,2160,0,0,0,58
"22100014","ATL","Cam Reddish, Delon Wright, Gorgui Dieng, Kevin Huerter, Solomon Hill",17,"4",86,64,88,68,2160,2308,2,4,-2,148
"22100014","DAL","Jalen Brunson, Luka Doncic, Maxi Kleber, Reggie Bullock, Willie Cauley-Stein",17,"3",62,81,62,81,2002,2011,0,0,0,9
"22100014","ATL","Cam Reddish, De'Andre Hunter, Delon Wright, Gorgui Dieng, Kevin Huerter",18,"4",88,68,93,70,2308,2392,5,2,3,84
"22100014","DAL","Jalen Brunson, Kristaps Porzingis, Luka Doncic, Maxi Kleber, Reggie Bullock",18,"3",62,81,64,86,2011,2075,2,5,-3,64
"22100014","ATL","Cam Reddish, De'Andre Hunter, Gorgui Dieng, Kevin Huerter, Trae Young",19,"4",93,70,93,70,2392,2392,0,0,0,0
"22100014","DAL","Jalen Brunson, Kristaps Porzingis, Maxi Kleber, Reggie Bullock, Sterling Brown",19,"3",64,86,64,86,2075,2160,0,0,0,85
"22100014","ATL","Bogdan Bogdanovic, Cam Reddish, De'Andre Hunter, Gorgui Dieng, Trae Young",20,"4",93,70,93,70,2392,2403,0,0,0,11
"22100014","DAL","Jalen Brunson, Kristaps Porzingis, Maxi Kleber, Reggie Bullock, Trey Burke",20,"4",64,86,68,88,2160,2272,4,2,2,112
"22100014","ATL","Bogdan Bogdanovic, Cam Reddish, De'Andre Hunter, John Collins, Trae Young",21,"4",93,70,104,77,2403,2629,11,7,4,226
"22100014","DAL","Kristaps Porzingis, Luka Doncic, Maxi Kleber, Reggie Bullock, Trey Burke",21,"4",68,88,70,93,2272,2392,2,5,-3,120
"22100014","ATL","Bogdan Bogdanovic, Cam Reddish, John Collins, Kevin Huerter, Trae Young",22,"4",104,77,104,77,2629,2668,0,0,0,39
"22100014","DAL","Kristaps Porzingis, Luka Doncic, Maxi Kleber, Tim Hardaway Jr., Trey Burke",22,"4",70,93,70,93,2392,2392,0,0,0,0
"22100014","ATL","Bogdan Bogdanovic, Cam Reddish, Delon Wright, John Collins, Kevin Huerter",23,"4",104,77,104,77,2668,2668,0,0,0,0
"22100014","DAL","Dorian Finney-Smith, Kristaps Porzingis, Luka Doncic, Tim Hardaway Jr., Trey Burke",23,"4",70,93,73,96,2392,2474,3,3,0,82
"22100014","ATL","Cam Reddish, Delon Wright, John Collins, Kevin Huerter, Sharife Cooper",24,"4",104,77,104,77,2668,2668,0,0,0,0
"22100014","DAL","Dorian Finney-Smith, Jalen Brunson, Kristaps Porzingis, Luka Doncic, Tim Hardaway Jr.",24,"4",73,96,75,101,2474,2554,2,5,-3,80
"22100014","ATL","Cam Reddish, Delon Wright, Kevin Huerter, Sharife Cooper, Timothe Luwawu-Cabarrot",25,"4",104,77,104,77,2668,2668,0,0,0,0
"22100014","DAL","Dorian Finney-Smith, Dwight Powell, Jalen Brunson, Luka Doncic, Tim Hardaway Jr.",25,"4",75,101,77,104,2554,2629,2,3,-1,75
"22100014","ATL","Delon Wright, Jalen Johnson, Kevin Huerter, Sharife Cooper, Timothe Luwawu-Cabarrot",26,"4",104,77,104,77,2668,2668,0,0,0,0
"22100014","DAL","Dwight Powell, Jalen Brunson, Luka Doncic, Tim Hardaway Jr., Willie Cauley-Stein",26,"4",77,104,77,104,2629,2629,0,0,0,0
"22100014","ATL","Delon Wright, Jalen Johnson, Sharife Cooper, Skylar Mays, Timothe Luwawu-Cabarrot",27,"4",104,77,113,87,2668,2880,9,10,-1,212
"22100014","DAL","Dwight Powell, Jalen Brunson, Josh Green, Luka Doncic, Willie Cauley-Stein",27,"4",77,104,77,104,2629,2629,0,0,0,0
"22100014","DAL","Dwight Powell, Frank Ntilikina, Josh Green, Luka Doncic, Willie Cauley-Stein",28,"4",77,104,77,104,2629,2629,0,0,0,0
"22100014","DAL","Dwight Powell, Frank Ntilikina, Josh Green, Trey Burke, Willie Cauley-Stein",29,"4",77,104,77,104,2629,2629,0,0,0,0
"22100014","DAL","Frank Ntilikina, Josh Green, Sterling Brown, Trey Burke, Willie Cauley-Stein",30,"4",77,104,87,113,2629,2880,10,9,1,251
"22100015","MIA","Bam Adebayo, Duncan Robinson, Jimmy Butler, Kyle Lowry, P.J. Tucker",0,"1",0,0,13,3,0,331,13,3,10,331
"22100015","MIL","George Hill, Giannis Antetokounmpo, Grayson Allen, Khris Middleton, Pat Connaughton",0,"1",0,0,3,11,0,260,3,11,-8,260
"22100015","MIA","Bam Adebayo, Duncan Robinson, Jimmy Butler, P.J. Tucker, Tyler Herro",1,"1",13,3,17,3,331,374,4,0,4,43
"22100015","MIL","Giannis Antetokounmpo, Grayson Allen, Justin Robinson, Khris Middleton, Pat Connaughton",1,"1",3,11,3,13,260,286,0,2,-2,26
"22100015","MIA","Dewayne Dedmon, Duncan Robinson, Jimmy Butler, P.J. Tucker, Tyler Herro",2,"1",17,3,22,5,374,450,5,2,3,76
"22100015","MIL","Giannis Antetokounmpo, Grayson Allen, Jordan Nwora, Justin Robinson, Pat Connaughton",2,"1",3,13,3,17,286,374,0,4,-4,88
"22100015","MIA","Dewayne Dedmon, Jimmy Butler, Max Strus, P.J. Tucker, Tyler Herro",3,"1",22,5,29,7,450,559,7,2,5,109
"22100015","MIL","Giannis Antetokounmpo, Grayson Allen, Jordan Nwora, Justin Robinson, Sandro Mamukelashvili",3,"1",3,17,3,17,374,374,0,0,0,0
"22100015","MIA","Dewayne Dedmon, Jimmy Butler, Markieff Morris, Max Strus, Tyler Herro",4,"1",29,7,29,7,559,559,0,0,0,0
"22100015","MIL","Grayson Allen, Jordan Nwora, Justin Robinson, Sandro Mamukelashvili, Thanasis Antetokounmpo",4,"1",3,17,5,24,374,462,2,7,-5,88
"22100015","MIA","Dewayne Dedmon, Kyle Lowry, Markieff Morris, Max Strus, Tyler Herro",5,"1",29,7,40,17,559,720,11,10,1,161
"22100015","MIL","Jordan Nwora, Justin Robinson, Khris Middleton, Sandro Mamukelashvili, Thanasis Antetokounmpo",5,"1",5,24,7,32,462,596,2,8,-6,134
"22100015","MIA","Bam Adebayo, Kyle Lowry, Markieff Morris, Max Strus, Tyler Herro",6,"2",40,17,43,24,720,806,3,7,-4,86
"22100015","MIL","Jordan Nwora, Justin Robinson, Khris Middleton, Pat Connaughton, Sandro Mamukelashvili",6,"1",7,32,17,40,596,720,10,8,2,124
"22100015","MIA","Bam Adebayo, Jimmy Butler, Markieff Morris, Max Strus, Tyler Herro",7,"2",43,24,47,29,806,969,4,5,-1,163
"22100015","MIL","George Hill, Giannis Antetokounmpo, Grayson Allen, Khris Middleton, Pat Connaughton",7,"2",17,40,26,45,720,882,9,5,4,162
"22100015","MIA","Bam Adebayo, Jimmy Butler, Kyle Lowry, Markieff Morris, Tyler Herro",8,"2",47,29,49,29,969,1032,2,0,2,63
"22100015","MIL","George Hill, Giannis Antetokounmpo, Grayson Allen, Jordan Nwora, Pat Connaughton",8,"2",26,45,27,45,882,932,1,0,1,50
"22100015","MIA","Bam Adebayo, Duncan Robinson, Jimmy Butler, Kyle Lowry, Markieff Morris",9,"2",49,29,52,31,1032,1102,3,2,1,70
"22100015","MIL","George Hill, Giannis Antetokounmpo, Grayson Allen, Jordan Nwora, Sandro Mamukelashvili",9,"2",27,45,31,52,932,1102,4,7,-3,170
"22100015","MIA","Duncan Robinson, Jimmy Butler, Kyle Lowry, Markieff Morris, P.J. Tucker",10,"2",52,31,52,33,1102,1113,0,2,-2,11
"22100015","MIL","Giannis Antetokounmpo, Grayson Allen, Jordan Nwora, Justin Robinson, Sandro Mamukelashvili",10,"2",31,52,31,52,1102,1102,0,0,0,0
"22100015","MIA","Dewayne Dedmon, Duncan Robinson, Jimmy Butler, Kyle Lowry, P.J. Tucker",11,"2",52,33,53,36,1113,1215,1,3,-2,102
"22100015","MIL","Grayson Allen, Jordan Nwora, Justin Robinson, Sandro Mamukelashvili, Thanasis Antetokounmpo",11,"2",31,52,36,53,1102,1157,5,1,4,55
"22100015","MIA","Dewayne Dedmon, Duncan Robinson, Kyle Lowry, P.J. Tucker, Tyler Herro",12,"2",53,36,53,38,1215,1225,0,2,-2,10
"22100015","MIL","Jordan Nwora, Justin Robinson, Khris Middleton, Sandro Mamukelashvili, Thanasis Antetokounmpo",12,"2",36,53,36,53,1157,1191,0,0,0,34
"22100015","MIA","Bam Adebayo, Duncan Robinson, Kyle Lowry, P.J. Tucker, Tyler Herro",13,"2",53,38,67,38,1225,1359,14,0,14,134
"22100015","MIL","Jordan Nwora, Justin Robinson, Khris Middleton, Pat Connaughton, Thanasis Antetokounmpo",13,"2",36,53,36,53,1191,1215,0,0,0,24
"22100015","MIA","Bam Adebayo, Duncan Robinson, Jimmy Butler, Kyle Lowry, Tyler Herro",14,"2",67,38,72,43,1359,1440,5,5,0,81
"22100015","MIL","Georgios Kalaitzakis, Justin Robinson, Khris Middleton, Pat Connaughton, Thanasis Antetokounmpo",14,"2",36,53,38,58,1215,1260,2,5,-3,45
"22100015","MIA","Bam Adebayo, Duncan Robinson, Jimmy Butler, Kyle Lowry, P.J. Tucker",15,"3",72,43,93,60,1440,1859,21,17,4,419
"22100015","MIL","Giannis Antetokounmpo, Justin Robinson, Khris Middleton, Pat Connaughton, Thanasis Antetokounmpo",15,"2",38,58,38,67,1260,1359,0,9,-9,99
"22100015","MIA","Bam Adebayo, Duncan Robinson, Jimmy Butler, Markieff Morris, P.J. Tucker",16,"3",93,60,93,60,1859,1859,0,0,0,0
"22100015","MIL","Giannis Antetokounmpo, Justin Robinson, Khris Middleton, Pat Connaughton, Sandro Mamukelashvili",16,"2",38,67,43,72,1359,1440,5,5,0,81
"22100015","MIA","Duncan Robinson, Jimmy Butler, Markieff Morris, P.J. Tucker, Tyler Herro",17,"3",93,60,95,65,1859,1942,2,5,-3,83
"22100015","MIL","George Hill, Giannis Antetokounmpo, Grayson Allen, Khris Middleton, Pat Connaughton",17,"3",43,72,60,93,1440,1859,17,21,-4,419
"22100015","MIA","Dewayne Dedmon, Duncan Robinson, Jimmy Butler, Markieff Morris, Tyler Herro",18,"3",95,65,100,68,1942,1992,5,3,2,50
"22100015","MIL","George Hill, Georgios Kalaitzakis, Giannis Antetokounmpo, Grayson Allen, Pat Connaughton",18,"3",60,93,60,93,1859,1859,0,0,0,0
"22100015","MIA","Dewayne Dedmon, Jimmy Butler, Markieff Morris, Max Strus, Tyler Herro",19,"3",100,68,105,69,1992,2133,5,1,4,141
"22100015","MIL","George Hill, Georgios Kalaitzakis, Giannis Antetokounmpo, Grayson Allen, Jordan Nwora",19,"3",60,93,60,93,1859,1859,0,0,0,0
"22100015","MIA","Dewayne Dedmon, Gabe Vincent, Markieff Morris, Max Strus, Tyler Herro",20,"3",105,69,105,69,2133,2160,0,0,0,27
"22100015","MIA","Dewayne Dedmon, Gabe Vincent, Markieff Morris, Max Strus, Tyler Herro",20,"4",105,69,117,79,2160,2385,12,10,2,225
"22100015","MIL","George Hill, Georgios Kalaitzakis, Giannis Antetokounmpo, Jordan Nwora, Justin Robinson",20,"3",60,93,60,93,1859,1859,0,0,0,0
"22100015","MIA","Caleb Martin, Dewayne Dedmon, Gabe Vincent, Max Strus, Tyler Herro",21,"4",117,79,117,79,2385,2385,0,0,0,0
"22100015","MIL","Georgios Kalaitzakis, Giannis Antetokounmpo, Jordan Nwora, Justin Robinson, Thanasis Antetokounmpo",21,"3",60,93,60,93,1859,1872,0,0,0,13
"22100015","MIA","Caleb Martin, Dewayne Dedmon, Gabe Vincent, Max Strus, Omer Yurtseven",22,"4",117,79,117,79,2385,2385,0,0,0,0
"22100015","MIL","Georgios Kalaitzakis, Jordan Nwora, Justin Robinson, Sandro Mamukelashvili, Thanasis Antetokounmpo",22,"3",60,93,68,101,1872,2075,8,8,0,203
"22100015","MIA","Caleb Martin, Gabe Vincent, KZ Okpala, Max Strus, Omer Yurtseven",23,"4",117,79,124,87,2385,2560,7,8,-1,175
"22100015","MIL","Georgios Kalaitzakis, Jordan Nwora, Justin Robinson, Pat Connaughton, Sandro Mamukelashvili",23,"3",68,101,69,105,2075,2160,1,4,-3,85
"22100015","MIA","Caleb Martin, Gabe Vincent, KZ Okpala, Marcus Garrett, Omer Yurtseven",24,"4",124,87,137,95,2560,2880,13,8,5,320
"22100015","MIL","George Hill, Georgios Kalaitzakis, Grayson Allen, Pat Connaughton, Sandro Mamukelashvili",24,"4",69,105,79,112,2160,2331,10,7,3,171
"22100015","MIL","George Hill, Georgios Kalaitzakis, Grayson Allen, Sandro Mamukelashvili, Thanasis Antetokounmpo",25,"4",79,112,79,112,2331,2331,0,0,0,0
"22100015","MIL","George Hill, Georgios Kalaitzakis, Grayson Allen, Justin Robinson, Thanasis Antetokounmpo",26,"4",79,112,79,117,2331,2385,0,5,-5,54
"22100015","MIL","Georgios Kalaitzakis, Grayson Allen, Jordan Nwora, Justin Robinson, Thanasis Antetokounmpo",27,"4",79,117,79,117,2385,2385,0,0,0,0
"22100015","MIL","Georgios Kalaitzakis, Grayson Allen, Jordan Nwora, Justin Robinson, Sandro Mamukelashvili",28,"4",79,117,87,124,2385,2560,8,7,1,175
"22100015","MIL","Georgios Kalaitzakis, Jordan Nwora, Justin Robinson, Sandro Mamukelashvili, Thanasis Antetokounmpo",29,"4",87,124,95,137,2560,2880,8,13,-5,320
"22100016","GSW","Andrew Wiggins, Draymond Green, Jordan Poole, Kevon Looney, Stephen Curry",0,"1",0,0,22,18,0,367,22,18,4,367
"22100016","LAC","Eric Bledsoe, Ivica Zubac, Marcus Morris Sr., Paul George, Reggie Jackson",0,"1",0,0,12,16,0,285,12,16,-4,285
"22100016","GSW","Andrew Wiggins, Draymond Green, Jordan Poole, Nemanja Bjelica, Stephen Curry",1,"1",22,18,28,25,367,506,6,7,-1,139
"22100016","LAC","Ivica Zubac, Luke Kennard, Marcus Morris Sr., Paul George, Reggie Jackson",1,"1",12,16,18,22,285,367,6,6,0,82
"22100016","GSW","Andrew Wiggins, Draymond Green, Nemanja Bjelica, Otto Porter Jr., Stephen Curry",2,"1",28,25,28,25,506,506,0,0,0,0
"22100016","LAC","Luke Kennard, Marcus Morris Sr., Paul George, Reggie Jackson, Terance Mann",2,"1",18,22,25,28,367,506,7,6,1,139
"22100016","GSW","Andre Iguodala, Draymond Green, Nemanja Bjelica, Otto Porter Jr., Stephen Curry",3,"1",28,25,28,25,506,506,0,0,0,0
"22100016","LAC","Justise Winslow, Luke Kennard, Marcus Morris Sr., Reggie Jackson, Terance Mann",3,"1",25,28,25,36,506,577,0,8,-8,71
"22100016","GSW","Andre Iguodala, Damion Lee, Nemanja Bjelica, Otto Porter Jr., Stephen Curry",4,"1",28,25,44,27,506,720,16,2,14,214
"22100016","LAC","Justise Winslow, Luke Kennard, Marcus Morris Sr., Paul George, Terance Mann",4,"1",25,36,25,36,577,577,0,0,0,0
"22100016","GSW","Andre Iguodala, Damion Lee, Jordan Poole, Nemanja Bjelica, Otto Porter Jr.",5,"2",44,27,44,32,720,805,0,5,-5,85
"22100016","LAC","Amir Coffey, Justise Winslow, Luke Kennard, Paul George, Terance Mann",5,"1",25,36,27,44,577,720,2,8,-6,143
"22100016","LAC","Amir Coffey, Justise Winslow, Luke Kennard, Paul George, Terance Mann",5,"2",27,44,32,44,720,805,5,0,5,85
"22100016","GSW","Andre Iguodala, Damion Lee, Jordan Poole, Juan Toscano-Anderson, Otto Porter Jr.",6,"2",44,32,55,38,805,977,11,6,5,172
"22100016","LAC","Amir Coffey, Justise Winslow, Paul George, Reggie Jackson, Terance Mann",6,"2",32,44,32,44,805,805,0,0,0,0
"22100016","GSW","Andre Iguodala, Damion Lee, Juan Toscano-Anderson, Otto Porter Jr., Stephen Curry",7,"2",55,38,55,38,977,990,0,0,0,13
"22100016","LAC","Amir Coffey, Eric Bledsoe, Justise Winslow, Reggie Jackson, Terance Mann",7,"2",32,44,32,44,805,805,0,0,0,0
"22100016","GSW","Andre Iguodala, Damion Lee, Draymond Green, Juan Toscano-Anderson, Stephen Curry",8,"2",55,38,59,42,990,1077,4,4,0,87
"22100016","LAC","Amir Coffey, Eric Bledsoe, Ivica Zubac, Reggie Jackson, Terance Mann",8,"2",32,44,36,50,805,894,4,6,-2,89
"22100016","GSW","Andrew Wiggins, Damion Lee, Draymond Green, Juan Toscano-Anderson, Stephen Curry",9,"2",59,42,59,42,1077,1077,0,0,0,0
"22100016","LAC","Eric Bledsoe, Ivica Zubac, Marcus Morris Sr., Reggie Jackson, Terance Mann",9,"2",36,50,38,55,894,977,2,5,-3,83
"22100016","GSW","Andrew Wiggins, Draymond Green, Juan Toscano-Anderson, Moses Moody, Stephen Curry",10,"2",59,42,59,42,1077,1077,0,0,0,0
"22100016","LAC","Eric Bledsoe, Ivica Zubac, Marcus Morris Sr., Paul George, Reggie Jackson",10,"2",38,55,38,55,977,990,0,0,0,13
"22100016","GSW","Andrew Wiggins, Draymond Green, Moses Moody, Nemanja Bjelica, Stephen Curry",11,"2",59,42,64,56,1077,1299,5,14,-9,222
"22100016","LAC","Eric Bledsoe, Luke Kennard, Marcus Morris Sr., Paul George, Reggie Jackson",11,"2",38,55,42,59,990,1077,4,4,0,87
"22100016","GSW","Andrew Wiggins, Damion Lee, Draymond Green, Nemanja Bjelica, Stephen Curry",12,"2",64,56,64,59,1299,1359,0,3,-3,60
"22100016","LAC","Eric Bledsoe, Luke Kennard, Marcus Morris Sr., Paul George, Terance Mann",12,"2",42,59,54,63,1077,1273,12,4,8,196
"22100016","GSW","Andrew Wiggins, Damion Lee, Draymond Green, Juan Toscano-Anderson, Stephen Curry",13,"2",64,59,66,67,1359,1420,2,8,-6,61
"22100016","LAC","Luke Kennard, Marcus Morris Sr., Paul George, Reggie Jackson, Terance Mann",13,"2",54,63,56,64,1273,1299,2,1,1,26
"22100016","GSW","Andrew Wiggins, Damion Lee, Draymond Green, Nemanja Bjelica, Stephen Curry",14,"2",66,67,66,67,1420,1440,0,0,0,20
"22100016","LAC","Amir Coffey, Luke Kennard, Paul George, Reggie Jackson, Terance Mann",14,"2",56,64,67,66,1299,1420,11,2,9,121
"22100016","GSW","Andrew Wiggins, Draymond Green, Jordan Poole, Kevon Looney, Stephen Curry",15,"3",66,67,82,80,1440,1821,16,13,3,381
"22100016","LAC","Amir Coffey, Justise Winslow, Luke Kennard, Reggie Jackson, Terance Mann",15,"2",67,66,67,66,1420,1440,0,0,0,20
"22100016","GSW","Andrew Wiggins, Damion Lee, Draymond Green, Kevon Looney, Stephen Curry",16,"3",82,80,86,82,1821,1912,4,2,2,91
"22100016","LAC","Eric Bledsoe, Ivica Zubac, Marcus Morris Sr., Paul George, Reggie Jackson",16,"3",67,66,67,71,1440,1487,0,5,-5,47
"22100016","GSW","Andrew Wiggins, Damion Lee, Draymond Green, Nemanja Bjelica, Stephen Curry",17,"3",86,82,86,82,1912,1912,0,0,0,0
"22100016","LAC","Eric Bledsoe, Ivica Zubac, Paul George, Reggie Jackson, Terance Mann",17,"3",67,71,82,86,1487,1912,15,15,0,425
"22100016","GSW","Andre Iguodala, Damion Lee, Draymond Green, Nemanja Bjelica, Stephen Curry",18,"3",86,82,88,87,1912,2034,2,5,-3,122
"22100016","LAC","Eric Bledsoe, Ivica Zubac, Luke Kennard, Paul George, Terance Mann",18,"3",82,86,82,86,1912,1912,0,0,0,0
"22100016","GSW","Andre Iguodala, Damion Lee, Nemanja Bjelica, Otto Porter Jr., Stephen Curry",19,"3",88,87,90,93,2034,2157,2,6,-4,123
"22100016","LAC","Eric Bledsoe, Justise Winslow, Luke Kennard, Paul George, Terance Mann",19,"3",82,86,84,88,1912,1980,2,2,0,68
"22100016","GSW","Andre Iguodala, Kevon Looney, Nemanja Bjelica, Otto Porter Jr., Stephen Curry",20,"3",90,93,90,93,2157,2157,0,0,0,0
"22100016","LAC","Amir Coffey, Eric Bledsoe, Justise Winslow, Luke Kennard, Terance Mann",20,"3",84,88,84,88,1980,2011,0,0,0,31
"22100016","GSW","Andre Iguodala, Juan Toscano-Anderson, Kevon Looney, Otto Porter Jr., Stephen Curry",21,"3",90,93,90,93,2157,2157,0,0,0,0
"22100016","LAC","Amir Coffey, Justise Winslow, Luke Kennard, Reggie Jackson, Terance Mann",21,"3",84,88,93,90,2011,2157,9,2,7,146
"22100016","GSW","Andre Iguodala, Andrew Wiggins, Juan Toscano-Anderson, Kevon Looney, Otto Porter Jr.",22,"3",90,93,90,93,2157,2157,0,0,0,0
"22100016","LAC","Justise Winslow, Luke Kennard, Paul George, Reggie Jackson, Terance Mann",22,"3",93,90,93,90,2157,2157,0,0,0,0
"22100016","GSW","Andre Iguodala, Andrew Wiggins, Gary Payton II, Juan Toscano-Anderson, Kevon Looney",23,"3",90,93,90,93,2157,2160,0,0,0,3
"22100016","LAC","Ivica Zubac, Luke Kennard, Paul George, Reggie Jackson, Terance Mann",23,"3",93,90,93,90,2157,2160,0,0,0,3
"22100016","GSW","Andre Iguodala, Damion Lee, Jordan Poole, Juan Toscano-Anderson, Otto Porter Jr.",24,"4",90,93,90,98,2160,2259,0,5,-5,99
"22100016","LAC","Amir Coffey, Justise Winslow, Luke Kennard, Reggie Jackson, Terance Mann",24,"4",93,90,98,94,2160,2407,5,4,1,247
"22100016","GSW","Andre Iguodala, Andrew Wiggins, Damion Lee, Jordan Poole, Otto Porter Jr.",25,"4",90,98,94,98,2259,2407,4,0,4,148
"22100016","LAC","Amir Coffey, Eric Bledsoe, Justise Winslow, Reggie Jackson, Terance Mann",25,"4",98,94,98,94,2407,2407,0,0,0,0
"22100016","GSW","Andre Iguodala, Damion Lee, Draymond Green, Jordan Poole, Otto Porter Jr.",26,"4",94,98,99,98,2407,2527,5,0,5,120
"22100016","LAC","Eric Bledsoe, Justise Winslow, Paul George, Reggie Jackson, Terance Mann",26,"4",98,94,98,94,2407,2407,0,0,0,0
"22100016","GSW","Andre Iguodala, Damion Lee, Draymond Green, Otto Porter Jr., Stephen Curry",27,"4",99,98,99,98,2527,2527,0,0,0,0
"22100016","LAC","Eric Bledsoe, Marcus Morris Sr., Paul George, Reggie Jackson, Terance Mann",27,"4",98,94,112,115,2407,2875,14,21,-7,468
"22100016","GSW","Andrew Wiggins, Damion Lee, Draymond Green, Otto Porter Jr., Stephen Curry",28,"4",99,98,104,104,2527,2650,5,6,-1,123
"22100016","LAC","Ivica Zubac, Marcus Morris Sr., Paul George, Reggie Jackson, Terance Mann",28,"4",112,115,112,115,2875,2875,0,0,0,0
"22100016","GSW","Andre Iguodala, Andrew Wiggins, Damion Lee, Draymond Green, Stephen Curry",29,"4",104,104,115,112,2650,2875,11,8,3,225
"22100016","LAC","Ivica Zubac, Luke Kennard, Marcus Morris Sr., Paul George, Reggie Jackson",29,"4",112,115,113,115,2875,2877,1,0,1,2
"22100016","GSW","Andre Iguodala, Andrew Wiggins, Draymond Green, Kevon Looney, Stephen Curry",30,"4",115,112,115,113,2875,2880,0,1,-1,5
"22100016","LAC","Ivica Zubac, Marcus Morris Sr., Paul George, Reggie Jackson, Terance Mann",30,"4",113,115,113,115,2877,2880,0,0,0,3
"22100017","CHA","Gordon Hayward, LaMelo Ball, Mason Plumlee, Miles Bridges, Terry Rozier",0,"1",0,0,13,18,0,356,13,18,-5,356
"22100017","CLE","Collin Sexton, Evan Mobley, Jarrett Allen, Lauri Markkanen, Ricky Rubio",0,"1",0,0,15,10,0,297,15,10,5,297
"22100017","CHA","Gordon Hayward, Kelly Oubre Jr., LaMelo Ball, Miles Bridges, Terry Rozier",1,"1",13,18,13,18,356,356,0,0,0,0
"22100017","CLE","Collin Sexton, Evan Mobley, Kevin Love, Lauri Markkanen, Ricky Rubio",1,"1",15,10,15,10,297,297,0,0,0,0
"22100017","CHA","Kelly Oubre Jr., LaMelo Ball, Miles Bridges, P.J. Washington, Terry Rozier",2,"1",13,18,13,21,356,395,0,3,-3,39
"22100017","CLE","Evan Mobley, Isaac Okoro, Kevin Love, Lauri Markkanen, Ricky Rubio",2,"1",15,10,21,13,297,395,6,3,3,98
"22100017","CHA","Ish Smith, Kelly Oubre Jr., LaMelo Ball, P.J. Washington, Terry Rozier",3,"1",13,21,13,21,395,395,0,0,0,0
"22100017","CLE","Evan Mobley, Isaac Okoro, Kevin Love, Kevin Pangos, Lauri Markkanen",3,"1",21,13,21,16,395,458,0,3,-3,63
"22100017","CHA","Cody Martin, Ish Smith, Kelly Oubre Jr., P.J. Washington, Terry Rozier",4,"1",13,21,18,23,395,532,5,2,3,137
"22100017","CLE","Cedi Osman, Evan Mobley, Isaac Okoro, Kevin Love, Kevin Pangos",4,"1",21,16,23,18,458,532,2,2,0,74
"22100017","CHA","Cody Martin, Gordon Hayward, Ish Smith, Kelly Oubre Jr., P.J. Washington",5,"1",18,23,27,30,532,720,9,7,2,188
"22100017","CLE","Cedi Osman, Dean Wade, Isaac Okoro, Kevin Love, Kevin Pangos",5,"1",23,18,30,27,532,719,7,9,-2,187
"22100017","CHA","Cody Martin, Gordon Hayward, Kelly Oubre Jr., Mason Plumlee, P.J. Washington",6,"1",27,30,27,30,720,720,0,0,0,0
"22100017","CLE","Cedi Osman, Dean Wade, Evan Mobley, Isaac Okoro, Kevin Pangos",6,"1",30,27,30,27,719,719,0,0,0,0
"22100017","CHA","Cody Martin, Gordon Hayward, LaMelo Ball, Miles Bridges, P.J. Washington",7,"2",27,30,27,30,720,733,0,0,0,13
"22100017","CLE","Cedi Osman, Collin Sexton, Dean Wade, Evan Mobley, Isaac Okoro",7,"1",30,27,30,27,719,720,0,0,0,1
"22100017","CHA","Cody Martin, Gordon Hayward, LaMelo Ball, Mason Plumlee, Miles Bridges",8,"2",27,30,37,44,733,943,10,14,-4,210
"22100017","CLE","Cedi Osman, Collin Sexton, Jarrett Allen, Lauri Markkanen, Ricky Rubio",8,"2",30,27,42,35,720,870,12,8,4,150
"22100017","CHA","Cody Martin, Kelly Oubre Jr., LaMelo Ball, Mason Plumlee, Miles Bridges",9,"2",37,44,38,46,943,977,1,2,-1,34
"22100017","CLE","Collin Sexton, Evan Mobley, Jarrett Allen, Lauri Markkanen, Ricky Rubio",9,"2",42,35,46,38,870,977,4,3,1,107
"22100017","CHA","Kelly Oubre Jr., LaMelo Ball, Mason Plumlee, Miles Bridges, Terry Rozier",10,"2",38,46,38,49,977,990,0,3,-3,13
"22100017","CLE","Collin Sexton, Evan Mobley, Kevin Love, Lauri Markkanen, Ricky Rubio",10,"2",46,38,49,43,977,1098,3,5,-2,121
"22100017","CHA","Ish Smith, Kelly Oubre Jr., Mason Plumlee, Miles Bridges, Terry Rozier",11,"2",38,49,38,49,990,990,0,0,0,0
"22100017","CLE","Cedi Osman, Collin Sexton, Evan Mobley, Kevin Love, Lauri Markkanen",11,"2",49,43,49,43,1098,1098,0,0,0,0
"22100017","CHA","Ish Smith, Kelly Oubre Jr., Miles Bridges, P.J. Washington, Terry Rozier",12,"2",38,49,45,51,990,1197,7,2,5,207
"22100017","CLE","Cedi Osman, Collin Sexton, Evan Mobley, Isaac Okoro, Kevin Love",12,"2",49,43,53,48,1098,1293,4,5,-1,195
"22100017","CHA","Gordon Hayward, Ish Smith, Kelly Oubre Jr., P.J. Washington, Terry Rozier",13,"2",45,51,48,53,1197,1293,3,2,1,96
"22100017","CLE","Cedi Osman, Evan Mobley, Isaac Okoro, Kevin Love, Ricky Rubio",13,"2",53,48,53,48,1293,1293,0,0,0,0
"22100017","CHA","Gordon Hayward, Ish Smith, Kelly Oubre Jr., Miles Bridges, P.J. Washington",14,"2",48,53,54,59,1293,1440,6,6,0,147
"22100017","CLE","Evan Mobley, Isaac Okoro, Kevin Love, Lauri Markkanen, Ricky Rubio",14,"2",53,48,56,52,1293,1401,3,4,-1,108
"22100017","CHA","Gordon Hayward, LaMelo Ball, Mason Plumlee, Miles Bridges, Terry Rozier",15,"3",54,59,68,67,1440,1743,14,8,6,303
"22100017","CLE","Collin Sexton, Evan Mobley, Isaac Okoro, Lauri Markkanen, Ricky Rubio",15,"2",56,52,59,54,1401,1440,3,2,1,39
"22100017","CHA","LaMelo Ball, Mason Plumlee, Miles Bridges, P.J. Washington, Terry Rozier",16,"3",68,67,68,67,1743,1743,0,0,0,0
"22100017","CLE","Collin Sexton, Evan Mobley, Jarrett Allen, Lauri Markkanen, Ricky Rubio",16,"3",59,54,69,70,1440,1804,10,16,-6,364
"22100017","CHA","Kelly Oubre Jr., LaMelo Ball, Miles Bridges, P.J. Washington, Terry Rozier",17,"3",68,67,70,71,1743,1835,2,4,-2,92
"22100017","CLE","Evan Mobley, Jarrett Allen, Kevin Love, Lauri Markkanen, Ricky Rubio",17,"3",69,70,69,70,1804,1804,0,0,0,0
"22100017","CHA","Cody Martin, Kelly Oubre Jr., LaMelo Ball, P.J. Washington, Terry Rozier",18,"3",70,71,70,71,1835,1835,0,0,0,0
"22100017","CLE","Evan Mobley, Isaac Okoro, Kevin Love, Lauri Markkanen, Ricky Rubio",18,"3",69,70,71,70,1804,1835,2,0,2,31
"22100017","CHA","Cody Martin, Ish Smith, Kelly Oubre Jr., P.J. Washington, Terry Rozier",19,"3",70,71,72,76,1835,1894,2,5,-3,59
"22100017","CLE","Cedi Osman, Evan Mobley, Isaac Okoro, Kevin Love, Ricky Rubio",19,"3",71,70,74,72,1835,1879,3,2,1,44
"22100017","CHA","Cody Martin, Gordon Hayward, Ish Smith, Kelly Oubre Jr., P.J. Washington",20,"3",72,76,88,87,1894,2137,16,11,5,243
"22100017","CLE","Cedi Osman, Collin Sexton, Evan Mobley, Isaac Okoro, Kevin Love",20,"3",74,72,76,72,1879,1894,2,0,2,15
"22100017","CHA","Cody Martin, Gordon Hayward, Kelly Oubre Jr., Miles Bridges, P.J. Washington",21,"3",88,87,88,87,2137,2137,0,0,0,0
"22100017","CLE","Cedi Osman, Collin Sexton, Isaac Okoro, Jarrett Allen, Kevin Love",21,"3",76,72,82,83,1894,2042,6,11,-5,148
"22100017","CHA","Gordon Hayward, Kelly Oubre Jr., Miles Bridges, P.J. Washington, Terry Rozier",22,"3",88,87,88,87,2137,2137,0,0,0,0
"22100017","CLE","Collin Sexton, Isaac Okoro, Jarrett Allen, Kevin Love, Ricky Rubio",22,"3",82,83,84,85,2042,2082,2,2,0,40
"22100017","CHA","Gordon Hayward, Kelly Oubre Jr., LaMelo Ball, Miles Bridges, Terry Rozier",23,"3",88,87,90,89,2137,2160,2,2,0,23
"22100017","CLE","Collin Sexton, Evan Mobley, Isaac Okoro, Jarrett Allen, Ricky Rubio",23,"3",84,85,84,85,2082,2082,0,0,0,0
"22100017","CHA","Cody Martin, Gordon Hayward, LaMelo Ball, Mason Plumlee, Miles Bridges",24,"4",90,89,109,95,2160,2463,19,6,13,303
"22100017","CLE","Collin Sexton, Evan Mobley, Isaac Okoro, Lauri Markkanen, Ricky Rubio",24,"3",84,85,89,90,2082,2160,5,5,0,78
"22100017","CLE","Collin Sexton, Evan Mobley, Isaac Okoro, Lauri Markkanen, Ricky Rubio",24,"4",89,90,91,100,2160,2277,2,10,-8,117
"22100017","CHA","Cody Martin, Kelly Oubre Jr., LaMelo Ball, Mason Plumlee, Miles Bridges",25,"4",109,95,112,99,2463,2573,3,4,-1,110
"22100017","CLE","Evan Mobley, Isaac Okoro, Kevin Love, Lauri Markkanen, Ricky Rubio",25,"4",91,100,91,100,2277,2277,0,0,0,0
"22100017","CHA","Kelly Oubre Jr., LaMelo Ball, Mason Plumlee, Miles Bridges, Terry Rozier",26,"4",112,99,112,99,2573,2573,0,0,0,0
"22100017","CLE","Isaac Okoro, Jarrett Allen, Kevin Love, Lauri Markkanen, Ricky Rubio",26,"4",91,100,91,109,2277,2367,0,9,-9,90
"22100017","CHA","Kelly Oubre Jr., LaMelo Ball, Miles Bridges, P.J. Washington, Terry Rozier",27,"4",112,99,114,101,2573,2617,2,2,0,44
"22100017","CLE","Collin Sexton, Isaac Okoro, Jarrett Allen, Kevin Love, Lauri Markkanen",27,"4",91,109,91,109,2367,2367,0,0,0,0
"22100017","CHA","Gordon Hayward, Kelly Oubre Jr., LaMelo Ball, Miles Bridges, P.J. Washington",28,"4",114,101,123,107,2617,2810,9,6,3,193
"22100017","CLE","Cedi Osman, Collin Sexton, Jarrett Allen, Kevin Love, Lauri Markkanen",28,"4",91,109,99,112,2367,2573,8,3,5,206
"22100017","CHA","Gordon Hayward, JT Thor, Kelly Oubre Jr., LaMelo Ball, P.J. Washington",29,"4",123,107,123,107,2810,2810,0,0,0,0
"22100017","CLE","Cedi Osman, Collin Sexton, Evan Mobley, Jarrett Allen, Lauri Markkanen",29,"4",99,112,99,112,2573,2573,0,0,0,0
"22100017","CHA","Gordon Hayward, JT Thor, Kelly Oubre Jr., Nick Richards, P.J. Washington",30,"4",123,107,123,107,2810,2810,0,0,0,0
"22100017","CLE","Collin Sexton, Evan Mobley, Isaac Okoro, Jarrett Allen, Lauri Markkanen",30,"4",99,112,107,121,2573,2768,8,9,-1,195
"22100017","CHA","Gordon Hayward, Jalen McDaniels, JT Thor, Nick Richards, P.J. Washington",31,"4",123,107,123,107,2810,2810,0,0,0,0
"22100017","CLE","Evan Mobley, Isaac Okoro, Jarrett Allen, Lauri Markkanen, Tacko Fall",31,"4",107,121,107,121,2768,2768,0,0,0,0
"22100017","CHA","Jalen McDaniels, JT Thor, Kai Jones, Nick Richards, P.J. Washington",32,"4",123,107,123,107,2810,2810,0,0,0,0
"22100017","CLE","Dean Wade, Isaac Okoro, Jarrett Allen, Lauri Markkanen, Tacko Fall",32,"4",107,121,107,121,2768,2768,0,0,0,0
"22100017","CHA","Jalen McDaniels, James Bouknight, JT Thor, Kai Jones, Nick Richards",33,"4",123,107,123,112,2810,2880,0,5,-5,70
"22100017","CLE","Dean Wade, Isaac Okoro, Jarrett Allen, Lamar Stevens, Tacko Fall",33,"4",107,121,107,121,2768,2768,0,0,0,0
"22100017","CLE","Dean Wade, Denzel Valentine, Isaac Okoro, Lamar Stevens, Tacko Fall",34,"4",107,121,107,121,2768,2768,0,0,0,0
"22100017","CLE","Dean Wade, Denzel Valentine, Lamar Stevens, RJ Nembhard Jr., Tacko Fall",35,"4",107,121,112,123,2768,2880,5,2,3,112
"22100018","NYK","Evan Fournier, Julius Randle, Kemba Walker, Mitchell Robinson, RJ Barrett",0,"1",0,0,22,16,0,465,22,16,6,465
"22100018","ORL","Cole Anthony, Franz Wagner, Jalen Suggs, Mo Bamba, Wendell Carter Jr.",0,"1",0,0,13,20,0,408,13,20,-7,408
"22100018","NYK","Derrick Rose, Evan Fournier, Julius Randle, Mitchell Robinson, RJ Barrett",1,"1",22,16,26,16,465,533,4,0,4,68
"22100018","ORL","Cole Anthony, Franz Wagner, Mo Bamba, R.J. Hampton, Wendell Carter Jr.",1,"1",13,20,13,20,408,408,0,0,0,0
"22100018","NYK","Derrick Rose, Evan Fournier, Jericho Sims, Julius Randle, RJ Barrett",2,"1",26,16,36,16,533,640,10,0,10,107
"22100018","ORL","Cole Anthony, Mo Bamba, R.J. Hampton, Terrence Ross, Wendell Carter Jr.",2,"1",13,20,16,22,408,446,3,2,1,38
"22100018","NYK","Derrick Rose, Immanuel Quickley, Jericho Sims, Julius Randle, RJ Barrett",3,"1",36,16,36,16,640,640,0,0,0,0
"22100018","ORL","Cole Anthony, Mo Bamba, Moritz Wagner, R.J. Hampton, Terrence Ross",3,"1",16,22,16,26,446,533,0,4,-4,87
"22100018","NYK","Alec Burks, Derrick Rose, Immanuel Quickley, Jericho Sims, Julius Randle",4,"1",36,16,36,16,640,696,0,0,0,56
"22100018","ORL","Cole Anthony, Moritz Wagner, R.J. Hampton, Robin Lopez, Terrence Ross",4,"1",16,26,16,26,533,533,0,0,0,0
"22100018","NYK","Alec Burks, Derrick Rose, Immanuel Quickley, Jericho Sims, Obi Toppin",5,"1",36,16,36,16,696,720,0,0,0,24
"22100018","NYK","Alec Burks, Derrick Rose, Immanuel Quickley, Jericho Sims, Obi Toppin",5,"2",36,16,52,25,720,1060,16,9,7,340
"22100018","ORL","Jalen Suggs, Moritz Wagner, R.J. Hampton, Robin Lopez, Terrence Ross",5,"1",16,26,16,36,533,720,0,10,-10,187
"22100018","NYK","Alec Burks, Immanuel Quickley, Jericho Sims, Kemba Walker, Obi Toppin",6,"2",52,25,52,25,1060,1060,0,0,0,0
"22100018","ORL","Cole Anthony, Franz Wagner, Ignas Brazdeikis, Robin Lopez, Terrence Ross",6,"2",16,36,19,43,720,826,3,7,-4,106
"22100018","NYK","Alec Burks, Immanuel Quickley, Kemba Walker, Mitchell Robinson, Obi Toppin",7,"2",52,25,52,25,1060,1060,0,0,0,0
"22100018","ORL","Cole Anthony, Franz Wagner, Ignas Brazdeikis, Mo Bamba, Terrence Ross",7,"2",19,43,22,50,826,939,3,7,-4,113
"22100018","NYK","Immanuel Quickley, Kemba Walker, Mitchell Robinson, Obi Toppin, RJ Barrett",8,"2",52,25,56,30,1060,1176,4,5,-1,116
"22100018","ORL","Franz Wagner, Ignas Brazdeikis, Jalen Suggs, Mo Bamba, Terrence Ross",8,"2",22,50,25,50,939,988,3,0,3,49
"22100018","NYK","Evan Fournier, Immanuel Quickley, Kemba Walker, Mitchell Robinson, RJ Barrett",9,"2",56,30,56,30,1176,1176,0,0,0,0
"22100018","ORL","Franz Wagner, Jalen Suggs, Mo Bamba, Terrence Ross, Wendell Carter Jr.",9,"2",25,50,28,56,988,1142,3,6,-3,154
"22100018","NYK","Evan Fournier, Julius Randle, Kemba Walker, Mitchell Robinson, RJ Barrett",10,"2",56,30,65,35,1176,1434,9,5,4,258
"22100018","ORL","Franz Wagner, Jalen Suggs, Mo Bamba, R.J. Hampton, Wendell Carter Jr.",10,"2",28,56,33,60,1142,1294,5,4,1,152
"22100018","NYK","Evan Fournier, Kemba Walker, Mitchell Robinson, Quentin Grimes, RJ Barrett",11,"2",65,35,65,35,1434,1440,0,0,0,6
"22100018","ORL","Cole Anthony, Franz Wagner, Mo Bamba, R.J. Hampton, Wendell Carter Jr.",11,"2",33,60,35,65,1294,1440,2,5,-3,146
"22100018","NYK","Evan Fournier, Julius Randle, Kemba Walker, Mitchell Robinson, RJ Barrett",12,"3",65,35,76,57,1440,1901,11,22,-11,461
"22100018","ORL","Cole Anthony, Franz Wagner, Jalen Suggs, Mo Bamba, Wendell Carter Jr.",12,"3",35,65,57,76,1440,1901,22,11,11,461
"22100018","NYK","Derrick Rose, Evan Fournier, Julius Randle, Mitchell Robinson, RJ Barrett",13,"3",76,57,76,57,1901,1901,0,0,0,0
"22100018","ORL","Cole Anthony, Franz Wagner, Jalen Suggs, Terrence Ross, Wendell Carter Jr.",13,"3",57,76,57,76,1901,1901,0,0,0,0
"22100018","NYK","Derrick Rose, Evan Fournier, Julius Randle, Obi Toppin, RJ Barrett",14,"3",76,57,78,59,1901,1941,2,2,0,40
"22100018","ORL","Cole Anthony, Franz Wagner, Robin Lopez, Terrence Ross, Wendell Carter Jr.",14,"3",57,76,62,86,1901,2069,5,10,-5,168
"22100018","NYK","Alec Burks, Derrick Rose, Evan Fournier, Julius Randle, Obi Toppin",15,"3",78,59,86,64,1941,2160,8,5,3,219
"22100018","ORL","Franz Wagner, Jalen Suggs, Robin Lopez, Terrence Ross, Wendell Carter Jr.",15,"3",62,86,62,86,2069,2069,0,0,0,0
"22100018","NYK","Alec Burks, Derrick Rose, Immanuel Quickley, Mitchell Robinson, Obi Toppin",16,"4",86,64,105,81,2160,2479,19,17,2,319
"22100018","ORL","Franz Wagner, Jalen Suggs, Moritz Wagner, Robin Lopez, Terrence Ross",16,"3",62,86,64,86,2069,2160,2,0,2,91
"22100018","NYK","Alec Burks, Derrick Rose, Immanuel Quickley, Julius Randle, Obi Toppin",17,"4",105,81,115,83,2479,2612,10,2,8,133
"22100018","ORL","Cole Anthony, Moritz Wagner, R.J. Hampton, Robin Lopez, Terrence Ross",17,"4",64,86,78,102,2160,2398,14,16,-2,238
"22100018","NYK","Alec Burks, Derrick Rose, Immanuel Quickley, Kevin Knox II, Obi Toppin",18,"4",115,83,115,83,2612,2612,0,0,0,0
"22100018","ORL","Cole Anthony, Mo Bamba, R.J. Hampton, Robin Lopez, Terrence Ross",18,"4",78,102,78,102,2398,2398,0,0,0,0
"22100018","NYK","Derrick Rose, Immanuel Quickley, Kevin Knox II, Obi Toppin, Quentin Grimes",19,"4",115,83,121,89,2612,2720,6,6,0,108
"22100018","ORL","Cole Anthony, Mo Bamba, R.J. Hampton, Terrence Ross, Wendell Carter Jr.",19,"4",78,102,81,105,2398,2479,3,3,0,81
"22100018","NYK","Immanuel Quickley, Kevin Knox II, Miles McBride, Obi Toppin, Quentin Grimes",20,"4",121,89,121,94,2720,2822,0,5,-5,102
"22100018","ORL","Cole Anthony, Jalen Suggs, Mo Bamba, Terrence Ross, Wendell Carter Jr.",20,"4",81,105,81,108,2479,2529,0,3,-3,50
"22100018","NYK","Immanuel Quickley, Kevin Knox II, Miles McBride, Quentin Grimes, Wayne Selden",21,"4",121,94,121,94,2822,2822,0,0,0,0
"22100018","ORL","Franz Wagner, Jalen Suggs, Mo Bamba, Terrence Ross, Wendell Carter Jr.",21,"4",81,108,83,115,2529,2612,2,7,-5,83
"22100018","NYK","Jericho Sims, Kevin Knox II, Miles McBride, Quentin Grimes, Wayne Selden",22,"4",121,94,121,96,2822,2880,0,2,-2,58
"22100018","ORL","Franz Wagner, Jalen Suggs, Mo Bamba, R.J. Hampton, Wendell Carter Jr.",22,"4",83,115,87,115,2612,2651,4,0,4,39
"22100018","ORL","Ignas Brazdeikis, Jalen Suggs, Mo Bamba, R.J. Hampton, Wendell Carter Jr.",23,"4",87,115,87,118,2651,2679,0,3,-3,28
"22100018","ORL","Ignas Brazdeikis, Jalen Suggs, Mo Bamba, Moritz Wagner, R.J. Hampton",24,"4",87,118,94,121,2679,2822,7,3,4,143
"22100018","ORL","Franz Wagner, Ignas Brazdeikis, Jalen Suggs, Moritz Wagner, R.J. Hampton",25,"4",94,121,96,121,2822,2880,2,0,2,58
"22100019","IND","Chris Duarte, Domantas Sabonis, Justin Holiday, Malcolm Brogdon, Myles Turner",0,"1",0,0,10,15,0,323,10,15,-5,323
"22100019","WAS","Aaron Holiday, Daniel Gafford, Kentavious Caldwell-Pope, Kyle Kuzma, Spencer Dinwiddie",0,"1",0,0,15,10,0,323,15,10,5,323
"22100019","IND","Chris Duarte, Domantas Sabonis, Malcolm Brogdon, Myles Turner, T.J. McConnell",1,"1",10,15,10,15,323,323,0,0,0,0
"22100019","WAS","Aaron Holiday, Daniel Gafford, Kentavious Caldwell-Pope, Kyle Kuzma, Raul Neto",1,"1",15,10,15,12,323,366,0,2,-2,43
"22100019","IND","Domantas Sabonis, Malcolm Brogdon, Myles Turner, T.J. McConnell, Torrey Craig",2,"1",10,15,10,15,323,323,0,0,0,0
"22100019","WAS","Aaron Holiday, Daniel Gafford, Deni Avdija, Kyle Kuzma, Raul Neto",2,"1",15,12,15,12,366,366,0,0,0,0
"22100019","IND","Jeremy Lamb, Malcolm Brogdon, Myles Turner, T.J. McConnell, Torrey Craig",3,"1",10,15,24,23,323,542,14,8,6,219
"22100019","WAS","Aaron Holiday, Deni Avdija, Kyle Kuzma, Montrezl Harrell, Raul Neto",3,"1",15,12,19,15,366,438,4,3,1,72
"22100019","IND","Domantas Sabonis, Jeremy Lamb, Myles Turner, T.J. McConnell, Torrey Craig",4,"1",24,23,24,23,542,542,0,0,0,0
"22100019","WAS","Davis Bertans, Deni Avdija, Kyle Kuzma, Montrezl Harrell, Raul Neto",4,"1",19,15,21,24,438,511,2,9,-7,73
"22100019","IND","Chris Duarte, Domantas Sabonis, Jeremy Lamb, T.J. McConnell, Torrey Craig",5,"1",24,23,28,25,542,598,4,2,2,56
"22100019","WAS","Corey Kispert, Davis Bertans, Deni Avdija, Montrezl Harrell, Raul Neto",5,"1",21,24,23,24,511,542,2,0,2,31
"22100019","IND","Chris Duarte, Domantas Sabonis, Jeremy Lamb, Oshae Brissett, T.J. McConnell",6,"1",28,25,36,32,598,720,8,7,1,122
"22100019","IND","Chris Duarte, Domantas Sabonis, Jeremy Lamb, Oshae Brissett, T.J. McConnell",6,"2",36,32,41,34,720,798,5,2,3,78
"22100019","WAS","Corey Kispert, Davis Bertans, Deni Avdija, Montrezl Harrell, Spencer Dinwiddie",6,"1",23,24,32,36,542,720,9,12,-3,178
"22100019","IND","Chris Duarte, Domantas Sabonis, Justin Holiday, Oshae Brissett, T.J. McConnell",7,"2",41,34,48,44,798,933,7,10,-3,135
"22100019","WAS","Corey Kispert, Davis Bertans, Kentavious Caldwell-Pope, Montrezl Harrell, Spencer Dinwiddie",7,"2",32,36,44,48,720,933,12,12,0,213
"22100019","IND","Domantas Sabonis, Justin Holiday, Malcolm Brogdon, Oshae Brissett, T.J. McConnell",8,"2",48,44,48,47,933,943,0,3,-3,10
"22100019","WAS","Aaron Holiday, Davis Bertans, Kentavious Caldwell-Pope, Montrezl Harrell, Spencer Dinwiddie",8,"2",44,48,44,48,933,933,0,0,0,0
"22100019","IND","Domantas Sabonis, Justin Holiday, Malcolm Brogdon, Myles Turner, Oshae Brissett",9,"2",48,47,48,47,943,943,0,0,0,0
"22100019","WAS","Aaron Holiday, Davis Bertans, Kentavious Caldwell-Pope, Montrezl Harrell, Raul Neto",9,"2",44,48,52,48,933,991,8,0,8,58
"22100019","IND","Brad Wanamaker, Justin Holiday, Malcolm Brogdon, Myles Turner, Oshae Brissett",10,"2",48,47,48,52,943,991,0,5,-5,48
"22100019","WAS","Aaron Holiday, Daniel Gafford, Davis Bertans, Montrezl Harrell, Raul Neto",10,"2",52,48,52,48,991,991,0,0,0,0
"22100019","IND","Brad Wanamaker, Justin Holiday, Malcolm Brogdon, Myles Turner, Torrey Craig",11,"2",48,52,48,52,991,991,0,0,0,0
"22100019","WAS","Aaron Holiday, Daniel Gafford, Davis Bertans, Kyle Kuzma, Raul Neto",11,"2",52,48,54,51,991,1070,2,3,-1,79
"22100019","IND","Brad Wanamaker, Justin Holiday, Malcolm Brogdon, Myles Turner, Oshae Brissett",12,"2",48,52,51,54,991,1070,3,2,1,79
"22100019","WAS","Aaron Holiday, Daniel Gafford, Deni Avdija, Kyle Kuzma, Raul Neto",12,"2",54,51,60,60,1070,1259,6,9,-3,189
"22100019","IND","Brad Wanamaker, Chris Duarte, Malcolm Brogdon, Myles Turner, Oshae Brissett",13,"2",51,54,51,54,1070,1070,0,0,0,0
"22100019","WAS","Daniel Gafford, Deni Avdija, Kentavious Caldwell-Pope, Kyle Kuzma, Raul Neto",13,"2",60,60,60,60,1259,1259,0,0,0,0
"22100019","IND","Brad Wanamaker, Chris Duarte, Malcolm Brogdon, Myles Turner, Torrey Craig",14,"2",51,54,51,54,1070,1070,0,0,0,0
"22100019","WAS","Daniel Gafford, Kentavious Caldwell-Pope, Kyle Kuzma, Raul Neto, Spencer Dinwiddie",14,"2",60,60,73,73,1259,1440,13,13,0,181
"22100019","IND","Chris Duarte, Jeremy Lamb, Malcolm Brogdon, Myles Turner, Torrey Craig",15,"2",51,54,53,56,1070,1155,2,2,0,85
"22100019","WAS","Aaron Holiday, Daniel Gafford, Kentavious Caldwell-Pope, Kyle Kuzma, Spencer Dinwiddie",15,"3",73,73,73,75,1440,1505,0,2,-2,65
"22100019","IND","Chris Duarte, Domantas Sabonis, Jeremy Lamb, Malcolm Brogdon, Myles Turner",16,"2",53,56,60,60,1155,1259,7,4,3,104
"22100019","WAS","Aaron Holiday, Kentavious Caldwell-Pope, Kyle Kuzma, Montrezl Harrell, Spencer Dinwiddie",16,"3",73,75,83,84,1505,1775,10,9,1,270
"22100019","IND","Chris Duarte, Domantas Sabonis, Justin Holiday, Malcolm Brogdon, Myles Turner",17,"2",60,60,73,73,1259,1440,13,13,0,181
"22100019","IND","Chris Duarte, Domantas Sabonis, Justin Holiday, Malcolm Brogdon, Myles Turner",17,"3",73,73,86,83,1440,1818,13,10,3,378
"22100019","WAS","Aaron Holiday, Kentavious Caldwell-Pope, Kyle Kuzma, Montrezl Harrell, Raul Neto",17,"3",83,84,83,86,1775,1818,0,2,-2,43
"22100019","IND","Chris Duarte, Justin Holiday, Malcolm Brogdon, Myles Turner, Torrey Craig",18,"3",86,83,88,88,1818,1877,2,5,-3,59
"22100019","WAS","Aaron Holiday, Corey Kispert, Kyle Kuzma, Montrezl Harrell, Raul Neto",18,"3",83,86,83,86,1818,1818,0,0,0,0
"22100019","IND","Chris Duarte, Malcolm Brogdon, Myles Turner, T.J. McConnell, Torrey Craig",19,"3",88,88,88,90,1877,1891,0,2,-2,14
"22100019","WAS","Aaron Holiday, Corey Kispert, Deni Avdija, Montrezl Harrell, Raul Neto",19,"3",83,86,83,86,1818,1818,0,0,0,0
"22100019","IND","Jeremy Lamb, Malcolm Brogdon, Myles Turner, T.J. McConnell, Torrey Craig",20,"3",88,90,92,98,1891,1997,4,8,-4,106
"22100019","WAS","Corey Kispert, Deni Avdija, Kyle Kuzma, Montrezl Harrell, Raul Neto",20,"3",83,86,90,88,1818,1891,7,2,5,73
"22100019","IND","Chris Duarte, Jeremy Lamb, Myles Turner, T.J. McConnell, Torrey Craig",21,"3",92,98,92,98,1997,1997,0,0,0,0
"22100019","WAS","Corey Kispert, Davis Bertans, Deni Avdija, Montrezl Harrell, Raul Neto",21,"3",90,88,98,92,1891,1997,8,4,4,106
"22100019","IND","Chris Duarte, Domantas Sabonis, Jeremy Lamb, T.J. McConnell, Torrey Craig",22,"3",92,98,96,106,1997,2144,4,8,-4,147
"22100019","WAS","Davis Bertans, Deni Avdija, Montrezl Harrell, Raul Neto, Spencer Dinwiddie",22,"3",98,92,106,96,1997,2160,8,4,4,163
"22100019","IND","Chris Duarte, Domantas Sabonis, Malcolm Brogdon, T.J. McConnell, Torrey Craig",23,"3",96,106,96,106,2144,2160,0,0,0,16
"22100019","WAS","Aaron Holiday, Davis Bertans, Deni Avdija, Montrezl Harrell, Raul Neto",23,"4",106,96,106,98,2160,2278,0,2,-2,118
"22100019","IND","Chris Duarte, Domantas Sabonis, Jeremy Lamb, Malcolm Brogdon, Myles Turner",24,"4",96,106,114,115,2160,2590,18,9,9,430
"22100019","WAS","Aaron Holiday, Daniel Gafford, Davis Bertans, Deni Avdija, Raul Neto",24,"4",106,98,106,98,2278,2278,0,0,0,0
"22100019","IND","Chris Duarte, Domantas Sabonis, Malcolm Brogdon, Myles Turner, T.J. McConnell",25,"4",114,115,123,123,2590,2847,9,8,1,257
"22100019","WAS","Aaron Holiday, Daniel Gafford, Davis Bertans, Kentavious Caldwell-Pope, Raul Neto",25,"4",106,98,106,98,2278,2278,0,0,0,0
"22100019","IND","Chris Duarte, Domantas Sabonis, Jeremy Lamb, Malcolm Brogdon, Myles Turner",26,"4",123,123,123,123,2847,2880,0,0,0,33
"22100019","WAS","Aaron Holiday, Daniel Gafford, Davis Bertans, Kentavious Caldwell-Pope, Kyle Kuzma",26,"4",106,98,115,112,2278,2490,9,14,-5,212
"22100019","IND","Chris Duarte, Domantas Sabonis, Malcolm Brogdon, Myles Turner, T.J. McConnell",27,"5",123,123,131,131,2880,3125,8,8,0,245
"22100019","WAS","Daniel Gafford, Davis Bertans, Kentavious Caldwell-Pope, Kyle Kuzma, Spencer Dinwiddie",27,"4",115,112,115,112,2490,2490,0,0,0,0
"22100019","IND","Chris Duarte, Domantas Sabonis, Jeremy Lamb, Malcolm Brogdon, Myles Turner",28,"5",131,131,131,131,3125,3137,0,0,0,12
"22100019","WAS","Daniel Gafford, Kentavious Caldwell-Pope, Kyle Kuzma, Raul Neto, Spencer Dinwiddie",28,"4",115,112,115,112,2490,2490,0,0,0,0
"22100019","IND","Chris Duarte, Domantas Sabonis, Malcolm Brogdon, Myles Turner, T.J. McConnell",29,"5",131,131,131,134,3137,3146,0,3,-3,9
"22100019","WAS","Kentavious Caldwell-Pope, Kyle Kuzma, Montrezl Harrell, Raul Neto, Spencer Dinwiddie",29,"4",115,112,120,123,2490,2840,5,11,-6,350
"22100019","IND","Chris Duarte, Domantas Sabonis, Jeremy Lamb, Malcolm Brogdon, Myles Turner",30,"5",131,134,134,135,3146,3180,3,1,2,34
"22100019","WAS","Davis Bertans, Kentavious Caldwell-Pope, Kyle Kuzma, Montrezl Harrell, Spencer Dinwiddie",30,"4",120,123,123,123,2840,2847,3,0,3,7
"22100019","WAS","Aaron Holiday, Davis Bertans, Kentavious Caldwell-Pope, Kyle Kuzma, Spencer Dinwiddie",31,"4",123,123,123,123,2847,2847,0,0,0,0
"22100019","WAS","Aaron Holiday, Kentavious Caldwell-Pope, Kyle Kuzma, Raul Neto, Spencer Dinwiddie",32,"4",123,123,123,123,2847,2880,0,0,0,33
"22100019","WAS","Kentavious Caldwell-Pope, Kyle Kuzma, Montrezl Harrell, Raul Neto, Spencer Dinwiddie",33,"5",123,123,124,129,2880,3003,1,6,-5,123
"22100019","WAS","Davis Bertans, Kentavious Caldwell-Pope, Kyle Kuzma, Montrezl Harrell, Spencer Dinwiddie",34,"5",124,129,134,131,3003,3146,10,2,8,143
"22100019","WAS","Kentavious Caldwell-Pope, Kyle Kuzma, Montrezl Harrell, Raul Neto, Spencer Dinwiddie",35,"5",134,131,135,134,3146,3180,1,3,-2,34
"22100020","BOS","Al Horford, Jaylen Brown, Jayson Tatum, Marcus Smart, Robert Williams III",0,"1",0,0,12,8,0,331,12,8,4,331
"22100020","TOR","Fred VanVleet, Gary Trent Jr., OG Anunoby, Precious Achiuwa, Scottie Barnes",0,"1",0,0,10,14,0,407,10,14,-4,407
"22100020","BOS","Jaylen Brown, Jayson Tatum, Josh Richardson, Marcus Smart, Robert Williams III",1,"1",12,8,14,10,331,407,2,2,0,76
"22100020","TOR","Fred VanVleet, Gary Trent Jr., Khem Birch, OG Anunoby, Scottie Barnes",1,"1",10,14,10,14,407,449,0,0,0,42
"22100020","BOS","Jayson Tatum, Josh Richardson, Marcus Smart, Robert Williams III, Romeo Langford",2,"1",14,10,14,10,407,407,0,0,0,0
"22100020","TOR","Fred VanVleet, Goran Dragic, Khem Birch, OG Anunoby, Scottie Barnes",2,"1",10,14,10,14,449,469,0,0,0,20
"22100020","BOS","Dennis Schroder, Jayson Tatum, Josh Richardson, Robert Williams III, Romeo Langford",3,"1",14,10,17,12,407,539,3,2,1,132
"22100020","TOR","Fred VanVleet, Goran Dragic, Khem Birch, Scottie Barnes, Svi Mykhailiuk",3,"1",10,14,12,17,469,539,2,3,-1,70
"22100020","BOS","Dennis Schroder, Josh Richardson, Payton Pritchard, Robert Williams III, Romeo Langford",4,"1",17,12,17,12,539,539,0,0,0,0
"22100020","TOR","Fred VanVleet, Goran Dragic, Khem Birch, OG Anunoby, Svi Mykhailiuk",4,"1",12,17,12,17,539,539,0,0,0,0
"22100020","BOS","Dennis Schroder, Grant Williams, Josh Richardson, Payton Pritchard, Romeo Langford",5,"1",17,12,23,23,539,720,6,11,-5,181
"22100020","TOR","Chris Boucher, Goran Dragic, Khem Birch, OG Anunoby, Svi Mykhailiuk",5,"1",12,17,23,23,539,720,11,6,5,181
"22100020","TOR","Chris Boucher, Goran Dragic, Khem Birch, OG Anunoby, Svi Mykhailiuk",5,"2",23,23,23,25,720,780,0,2,-2,60
"22100020","BOS","Al Horford, Dennis Schroder, Jaylen Brown, Josh Richardson, Payton Pritchard",6,"2",23,23,25,23,720,780,2,0,2,60
"22100020","TOR","Chris Boucher, Goran Dragic, Khem Birch, Scottie Barnes, Svi Mykhailiuk",6,"2",23,25,23,25,780,819,0,0,0,39
"22100020","BOS","Al Horford, Jaylen Brown, Josh Richardson, Marcus Smart, Payton Pritchard",7,"2",25,23,28,31,780,973,3,8,-5,193
"22100020","TOR","Chris Boucher, Goran Dragic, Precious Achiuwa, Scottie Barnes, Svi Mykhailiuk",7,"2",23,25,23,25,819,860,0,0,0,41
"22100020","BOS","Al Horford, Jayson Tatum, Josh Richardson, Marcus Smart, Payton Pritchard",8,"2",28,31,28,31,973,973,0,0,0,0
"22100020","TOR","Chris Boucher, Fred VanVleet, Precious Achiuwa, Scottie Barnes, Svi Mykhailiuk",8,"2",23,25,31,28,860,973,8,3,5,113
"22100020","BOS","Al Horford, Jayson Tatum, Marcus Smart, Payton Pritchard, Romeo Langford",9,"2",28,31,31,41,973,1178,3,10,-7,205
"22100020","TOR","Chris Boucher, Fred VanVleet, OG Anunoby, Precious Achiuwa, Scottie Barnes",9,"2",31,28,31,28,973,973,0,0,0,0
"22100020","BOS","Al Horford, Jaylen Brown, Jayson Tatum, Marcus Smart, Romeo Langford",10,"2",31,41,31,41,1178,1178,0,0,0,0
"22100020","TOR","Fred VanVleet, Gary Trent Jr., OG Anunoby, Precious Achiuwa, Scottie Barnes",10,"2",31,28,41,31,973,1195,10,3,7,222
"22100020","BOS","Al Horford, Jaylen Brown, Jayson Tatum, Robert Williams III, Romeo Langford",11,"2",31,41,31,41,1178,1178,0,0,0,0
"22100020","TOR","Chris Boucher, Fred VanVleet, Gary Trent Jr., OG Anunoby, Precious Achiuwa",11,"2",41,31,41,35,1195,1242,0,4,-4,47
"22100020","BOS","Dennis Schroder, Jaylen Brown, Jayson Tatum, Robert Williams III, Romeo Langford",12,"2",31,41,35,41,1178,1242,4,0,4,64
"22100020","TOR","Chris Boucher, Fred VanVleet, Gary Trent Jr., OG Anunoby, Scottie Barnes",12,"2",41,35,41,35,1242,1242,0,0,0,0
"22100020","BOS","Dennis Schroder, Jaylen Brown, Jayson Tatum, Marcus Smart, Robert Williams III",13,"2",35,41,42,49,1242,1354,7,8,-1,112
"22100020","TOR","Fred VanVleet, Gary Trent Jr., Khem Birch, OG Anunoby, Scottie Barnes",13,"2",41,35,49,42,1242,1354,8,7,1,112
"22100020","BOS","Dennis Schroder, Jaylen Brown, Jayson Tatum, Josh Richardson, Robert Williams III",14,"2",42,49,47,51,1354,1440,5,2,3,86
"22100020","TOR","Fred VanVleet, Gary Trent Jr., OG Anunoby, Precious Achiuwa, Scottie Barnes",14,"2",49,42,51,47,1354,1440,2,5,-3,86
"22100020","TOR","Fred VanVleet, Gary Trent Jr., OG Anunoby, Precious Achiuwa, Scottie Barnes",14,"3",51,47,66,58,1440,1835,15,11,4,395
"22100020","BOS","Al Horford, Jaylen Brown, Jayson Tatum, Marcus Smart, Robert Williams III",15,"3",47,51,51,60,1440,1620,4,9,-5,180
"22100020","TOR","Fred VanVleet, Gary Trent Jr., Khem Birch, OG Anunoby, Scottie Barnes",15,"3",66,58,68,58,1835,1865,2,0,2,30
"22100020","BOS","Al Horford, Grant Williams, Jaylen Brown, Jayson Tatum, Marcus Smart",16,"3",51,60,58,66,1620,1835,7,6,1,215
"22100020","TOR","Chris Boucher, Fred VanVleet, Gary Trent Jr., Khem Birch, Scottie Barnes",16,"3",68,58,84,64,1865,2160,16,6,10,295
"22100020","BOS","Al Horford, Dennis Schroder, Grant Williams, Jayson Tatum, Marcus Smart",17,"3",58,66,58,66,1835,1835,0,0,0,0
"22100020","TOR","Chris Boucher, Goran Dragic, Khem Birch, OG Anunoby, Svi Mykhailiuk",17,"4",84,64,89,72,2160,2327,5,8,-3,167
"22100020","BOS","Al Horford, Dennis Schroder, Grant Williams, Jayson Tatum, Josh Richardson",18,"3",58,66,58,66,1835,1835,0,0,0,0
"22100020","TOR","Chris Boucher, Fred VanVleet, Goran Dragic, Khem Birch, OG Anunoby",18,"4",89,72,89,72,2327,2449,0,0,0,122
"22100020","BOS","Dennis Schroder, Grant Williams, Jayson Tatum, Josh Richardson, Robert Williams III",19,"3",58,66,61,78,1835,2062,3,12,-9,227
"22100020","TOR","Chris Boucher, Fred VanVleet, Goran Dragic, Khem Birch, Scottie Barnes",19,"4",89,72,89,72,2449,2449,0,0,0,0
"22100020","BOS","Dennis Schroder, Grant Williams, Jaylen Brown, Josh Richardson, Robert Williams III",20,"3",61,78,61,78,2062,2062,0,0,0,0
"22100020","TOR","Chris Boucher, Fred VanVleet, Gary Trent Jr., Khem Birch, Scottie Barnes",20,"4",89,72,91,74,2449,2563,2,2,0,114
"22100020","BOS","Dennis Schroder, Grant Williams, Jaylen Brown, Robert Williams III, Romeo Langford",21,"3",61,78,61,78,2062,2062,0,0,0,0
"22100020","TOR","Chris Boucher, Fred VanVleet, Gary Trent Jr., OG Anunoby, Scottie Barnes",21,"4",91,74,91,74,2563,2563,0,0,0,0
"22100020","BOS","Dennis Schroder, Jaylen Brown, Josh Richardson, Robert Williams III, Romeo Langford",22,"3",61,78,64,84,2062,2160,3,6,-3,98
"22100020","TOR","Fred VanVleet, Gary Trent Jr., OG Anunoby, Precious Achiuwa, Scottie Barnes",22,"4",91,74,102,77,2563,2706,11,3,8,143
"22100020","BOS","Al Horford, Dennis Schroder, Jaylen Brown, Marcus Smart, Robert Williams III",23,"4",64,84,72,89,2160,2449,8,5,3,289
"22100020","TOR","Fred VanVleet, Gary Trent Jr., Malachi Flynn, Precious Achiuwa, Scottie Barnes",23,"4",102,77,102,77,2706,2706,0,0,0,0
"22100020","BOS","Al Horford, Dennis Schroder, Jayson Tatum, Marcus Smart, Robert Williams III",24,"4",72,89,72,89,2449,2449,0,0,0,0
"22100020","TOR","Fred VanVleet, Gary Trent Jr., Malachi Flynn, Precious Achiuwa, Svi Mykhailiuk",24,"4",102,77,102,77,2706,2706,0,0,0,0
"22100020","BOS","Dennis Schroder, Jayson Tatum, Josh Richardson, Marcus Smart, Robert Williams III",25,"4",72,89,74,91,2449,2563,2,2,0,114
"22100020","TOR","Dalano Banton, Gary Trent Jr., Malachi Flynn, Precious Achiuwa, Svi Mykhailiuk",25,"4",102,77,102,77,2706,2706,0,0,0,0
"22100020","BOS","Dennis Schroder, Enes Kanter, Jayson Tatum, Josh Richardson, Marcus Smart",26,"4",74,91,74,91,2563,2563,0,0,0,0
"22100020","TOR","Dalano Banton, Justin Champagnie, Malachi Flynn, Precious Achiuwa, Svi Mykhailiuk",26,"4",102,77,105,77,2706,2742,3,0,3,36
"22100020","BOS","Enes Kanter, Jayson Tatum, Josh Richardson, Marcus Smart, Payton Pritchard",27,"4",74,91,74,93,2563,2588,0,2,-2,25
"22100020","TOR","Dalano Banton, Isaac Bonga, Justin Champagnie, Malachi Flynn, Svi Mykhailiuk",27,"4",105,77,115,83,2742,2880,10,6,4,138
"22100020","BOS","Enes Kanter, Jayson Tatum, Josh Richardson, Payton Pritchard, Romeo Langford",28,"4",74,93,77,97,2588,2641,3,4,-1,53
"22100020","BOS","Aaron Nesmith, Enes Kanter, Josh Richardson, Payton Pritchard, Romeo Langford",29,"4",77,97,77,97,2641,2641,0,0,0,0
"22100020","BOS","Aaron Nesmith, Enes Kanter, Juancho Hernangomez, Payton Pritchard, Romeo Langford",30,"4",77,97,83,115,2641,2880,6,18,-12,239
"22100021","BKN","Blake Griffin, James Harden, Joe Harris, Kevin Durant, Nic Claxton",0,"1",0,0,11,20,0,395,11,20,-9,395
"22100021","PHI","Danny Green, Joel Embiid, Seth Curry, Tobias Harris, Tyrese Maxey",0,"1",0,0,22,16,0,463,22,16,6,463
"22100021","BKN","James Harden, Joe Harris, Kevin Durant, LaMarcus Aldridge, Nic Claxton",1,"1",11,20,11,20,395,395,0,0,0,0
"22100021","PHI","Furkan Korkmaz, Joel Embiid, Seth Curry, Tobias Harris, Tyrese Maxey",1,"1",22,16,30,20,463,570,8,4,4,107
"22100021","BKN","James Harden, Joe Harris, Kevin Durant, LaMarcus Aldridge, Patty Mills",2,"1",11,20,11,20,395,395,0,0,0,0
"22100021","PHI","Andre Drummond, Furkan Korkmaz, Seth Curry, Tobias Harris, Tyrese Maxey",2,"1",30,20,30,20,570,570,0,0,0,0
"22100021","BKN","James Harden, Kevin Durant, LaMarcus Aldridge, Patty Mills, Paul Millsap",3,"1",11,20,11,20,395,395,0,0,0,0
"22100021","PHI","Andre Drummond, Furkan Korkmaz, Matisse Thybulle, Tobias Harris, Tyrese Maxey",3,"1",30,20,34,28,570,700,4,8,-4,130
"22100021","BKN","Jevon Carter, Kevin Durant, LaMarcus Aldridge, Patty Mills, Paul Millsap",4,"1",11,20,20,30,395,582,9,10,-1,187
"22100021","PHI","Andre Drummond, Furkan Korkmaz, Isaiah Joe, Matisse Thybulle, Tobias Harris",4,"1",34,28,34,28,700,700,0,0,0,0
"22100021","BKN","Joe Harris, Kevin Durant, LaMarcus Aldridge, Patty Mills, Paul Millsap",5,"1",20,30,20,30,582,582,0,0,0,0
"22100021","PHI","Andre Drummond, Furkan Korkmaz, Georges Niang, Isaiah Joe, Matisse Thybulle",5,"1",34,28,34,28,700,720,0,0,0,20
"22100021","PHI","Andre Drummond, Furkan Korkmaz, Georges Niang, Isaiah Joe, Matisse Thybulle",5,"2",34,28,40,34,720,926,6,6,0,206
"22100021","BKN","James Harden, Joe Harris, Kevin Durant, LaMarcus Aldridge, Patty Mills",6,"1",20,30,28,34,582,720,8,4,4,138
"22100021","PHI","Andre Drummond, Furkan Korkmaz, Georges Niang, Matisse Thybulle, Seth Curry",6,"2",40,34,44,39,926,1002,4,5,-1,76
"22100021","BKN","James Harden, James Johnson, Joe Harris, LaMarcus Aldridge, Patty Mills",7,"2",28,34,30,34,720,769,2,0,2,49
"22100021","PHI","Andre Drummond, Furkan Korkmaz, Matisse Thybulle, Seth Curry, Tobias Harris",7,"2",44,39,46,40,1002,1037,2,1,1,35
"22100021","BKN","James Harden, James Johnson, Joe Harris, Nic Claxton, Patty Mills",8,"2",30,34,33,38,769,879,3,4,-1,110
"22100021","PHI","Furkan Korkmaz, Joel Embiid, Matisse Thybulle, Seth Curry, Tobias Harris",8,"2",46,40,52,40,1037,1136,6,0,6,99
"22100021","BKN","James Harden, James Johnson, Joe Harris, Nic Claxton, Paul Millsap",9,"2",33,38,34,40,879,926,1,2,-1,47
"22100021","PHI","Furkan Korkmaz, Joel Embiid, Seth Curry, Tobias Harris, Tyrese Maxey",9,"2",52,40,52,40,1136,1136,0,0,0,0
"22100021","BKN","James Harden, Jevon Carter, Joe Harris, Nic Claxton, Paul Millsap",10,"2",34,40,40,46,926,1053,6,6,0,127
"22100021","PHI","Danny Green, Joel Embiid, Seth Curry, Tobias Harris, Tyrese Maxey",10,"2",52,40,57,47,1136,1248,5,7,-2,112
"22100021","BKN","James Harden, Jevon Carter, Nic Claxton, Patty Mills, Paul Millsap",11,"2",40,46,40,52,1053,1136,0,6,-6,83
"22100021","PHI","Joel Embiid, Matisse Thybulle, Seth Curry, Tobias Harris, Tyrese Maxey",11,"2",57,47,60,52,1248,1386,3,5,-2,138
"22100021","BKN","Jevon Carter, Kevin Durant, Nic Claxton, Patty Mills, Paul Millsap",12,"2",40,52,40,52,1136,1136,0,0,0,0
"22100021","PHI","Andre Drummond, Matisse Thybulle, Seth Curry, Tobias Harris, Tyrese Maxey",12,"2",60,52,62,55,1386,1440,2,3,-1,54
"22100021","BKN","Blake Griffin, Jevon Carter, Kevin Durant, Patty Mills, Paul Millsap",13,"2",40,52,44,53,1136,1208,4,1,3,72
"22100021","PHI","Danny Green, Joel Embiid, Seth Curry, Tobias Harris, Tyrese Maxey",13,"3",62,55,78,71,1440,1880,16,16,0,440
"22100021","BKN","Blake Griffin, Jevon Carter, Joe Harris, Kevin Durant, Patty Mills",14,"2",44,53,50,57,1208,1305,6,4,2,97
"22100021","PHI","Danny Green, Joel Embiid, Matisse Thybulle, Seth Curry, Tobias Harris",14,"3",78,71,78,71,1880,1880,0,0,0,0
"22100021","BKN","Blake Griffin, James Harden, Joe Harris, Kevin Durant, Patty Mills",15,"2",50,57,55,62,1305,1440,5,5,0,135
"22100021","PHI","Furkan Korkmaz, Joel Embiid, Matisse Thybulle, Seth Curry, Tobias Harris",15,"3",78,71,85,83,1880,2052,7,12,-5,172
"22100021","BKN","Blake Griffin, James Harden, Joe Harris, Kevin Durant, Nic Claxton",16,"3",55,62,62,71,1440,1688,7,9,-2,248
"22100021","PHI","Andre Drummond, Furkan Korkmaz, Joel Embiid, Matisse Thybulle, Seth Curry",16,"3",85,83,85,83,2052,2052,0,0,0,0
"22100021","BKN","James Harden, Joe Harris, Kevin Durant, LaMarcus Aldridge, Nic Claxton",17,"3",62,71,62,71,1688,1688,0,0,0,0
"22100021","PHI","Andre Drummond, Furkan Korkmaz, Georges Niang, Matisse Thybulle, Seth Curry",17,"3",85,83,91,85,2052,2135,6,2,4,83
"22100021","BKN","James Harden, Joe Harris, Kevin Durant, LaMarcus Aldridge, Patty Mills",18,"3",62,71,71,78,1688,1880,9,7,2,192
"22100021","PHI","Andre Drummond, Furkan Korkmaz, Georges Niang, Seth Curry, Tyrese Maxey",18,"3",91,85,91,85,2135,2160,0,0,0,25
"22100021","BKN","James Harden, Kevin Durant, LaMarcus Aldridge, Patty Mills, Paul Millsap",19,"3",71,78,71,78,1880,1880,0,0,0,0
"22100021","PHI","Andre Drummond, Furkan Korkmaz, Georges Niang, Matisse Thybulle, Tyrese Maxey",19,"4",91,85,102,96,2160,2410,11,11,0,250
"22100021","BKN","Jevon Carter, Kevin Durant, LaMarcus Aldridge, Patty Mills, Paul Millsap",20,"3",71,78,83,88,1880,2099,12,10,2,219
"22100021","PHI","Andre Drummond, Georges Niang, Matisse Thybulle, Tobias Harris, Tyrese Maxey",20,"4",102,96,108,98,2410,2548,6,2,4,138
"22100021","BKN","James Harden, Jevon Carter, Kevin Durant, LaMarcus Aldridge, Paul Millsap",21,"3",83,88,85,91,2099,2160,2,3,-1,61
"22100021","PHI","Andre Drummond, Danny Green, Matisse Thybulle, Tobias Harris, Tyrese Maxey",21,"4",108,98,108,98,2548,2548,0,0,0,0
"22100021","BKN","James Harden, Jevon Carter, Joe Harris, LaMarcus Aldridge, Paul Millsap",22,"4",85,91,92,101,2160,2354,7,10,-3,194
"22100021","PHI","Andre Drummond, Danny Green, Seth Curry, Tobias Harris, Tyrese Maxey",22,"4",108,98,108,102,2548,2628,0,4,-4,80
"22100021","BKN","Blake Griffin, James Harden, Jevon Carter, Joe Harris, Paul Millsap",23,"4",92,101,92,101,2354,2354,0,0,0,0
"22100021","PHI","Danny Green, Joel Embiid, Seth Curry, Tobias Harris, Tyrese Maxey",23,"4",108,102,108,111,2628,2864,0,9,-9,236
"22100021","BKN","Blake Griffin, James Harden, Jevon Carter, Joe Harris, Patty Mills",24,"4",92,101,96,102,2354,2410,4,1,3,56
"22100021","PHI","Andre Drummond, Danny Green, Joel Embiid, Tobias Harris, Tyrese Maxey",24,"4",108,111,108,111,2864,2864,0,0,0,0
"22100021","BKN","Blake Griffin, James Harden, Joe Harris, Kevin Durant, Patty Mills",25,"4",96,102,98,108,2410,2548,2,6,-4,138
"22100021","PHI","Danny Green, Joel Embiid, Seth Curry, Tobias Harris, Tyrese Maxey",25,"4",108,111,109,111,2864,2865,1,0,1,1
"22100021","BKN","Blake Griffin, James Harden, Kevin Durant, LaMarcus Aldridge, Patty Mills",26,"4",98,108,98,108,2548,2548,0,0,0,0
"22100021","PHI","Joel Embiid, Matisse Thybulle, Seth Curry, Tobias Harris, Tyrese Maxey",26,"4",109,111,109,113,2865,2866,0,2,-2,1
"22100021","BKN","James Harden, Jevon Carter, Kevin Durant, LaMarcus Aldridge, Patty Mills",27,"4",98,108,106,108,2548,2788,8,0,8,240
"22100021","PHI","Furkan Korkmaz, Joel Embiid, Matisse Thybulle, Seth Curry, Tobias Harris",27,"4",109,113,109,114,2866,2870,0,1,-1,4
"22100021","BKN","James Harden, Joe Harris, Kevin Durant, LaMarcus Aldridge, Patty Mills",28,"4",106,108,109,108,2788,2832,3,0,3,44
"22100021","PHI","Furkan Korkmaz, Georges Niang, Joel Embiid, Seth Curry, Tobias Harris",28,"4",109,114,109,114,2870,2880,0,0,0,10
"22100021","BKN","James Harden, Jevon Carter, Kevin Durant, LaMarcus Aldridge, Patty Mills",29,"4",109,108,111,108,2832,2864,2,0,2,32
"22100021","BKN","James Harden, Jevon Carter, Joe Harris, Kevin Durant, Patty Mills",30,"4",111,108,111,109,2864,2865,0,1,-1,1
"22100021","BKN","Blake Griffin, James Harden, Joe Harris, Kevin Durant, Patty Mills",31,"4",111,109,111,109,2865,2865,0,0,0,0
"22100021","BKN","Blake Griffin, James Harden, Joe Harris, Kevin Durant, LaMarcus Aldridge",32,"4",111,109,111,109,2865,2865,0,0,0,0
"22100021","BKN","James Harden, Joe Harris, Kevin Durant, LaMarcus Aldridge, Patty Mills",33,"4",111,109,113,109,2865,2866,2,0,2,1
"22100021","BKN","James Harden, Jevon Carter, Kevin Durant, LaMarcus Aldridge, Patty Mills",34,"4",113,109,114,109,2866,2870,1,0,1,4
"22100021","BKN","James Harden, Jevon Carter, Joe Harris, Kevin Durant, Patty Mills",35,"4",114,109,114,109,2870,2880,0,0,0,10
"22100022","CHI","DeMar DeRozan, Lonzo Ball, Nikola Vucevic, Patrick Williams, Zach LaVine",0,"1",0,0,12,8,0,388,12,8,4,388
"22100022","NOP","Brandon Ingram, Devonte' Graham, Herbert Jones, Jonas Valanciunas, Nickeil Alexander-Walker",0,"1",0,0,6,8,0,291,6,8,-2,291
"22100022","CHI","Lonzo Ball, Nikola Vucevic, Patrick Williams, Troy Brown Jr., Zach LaVine",1,"1",12,8,12,8,388,388,0,0,0,0
"22100022","NOP","Brandon Ingram, Devonte' Graham, Jonas Valanciunas, Naji Marshall, Nickeil Alexander-Walker",1,"1",6,8,8,12,291,388,2,4,-2,97
"22100022","CHI","Javonte Green, Lonzo Ball, Nikola Vucevic, Troy Brown Jr., Zach LaVine",2,"1",12,8,18,11,388,499,6,3,3,111
"22100022","NOP","Devonte' Graham, Jonas Valanciunas, Naji Marshall, Nickeil Alexander-Walker, Trey Murphy III",2,"1",8,12,11,18,388,499,3,6,-3,111
"22100022","CHI","Alex Caruso, Javonte Green, Nikola Vucevic, Troy Brown Jr., Zach LaVine",3,"1",18,11,26,14,499,659,8,3,5,160
"22100022","NOP","Garrett Temple, Jonas Valanciunas, Naji Marshall, Nickeil Alexander-Walker, Trey Murphy III",3,"1",11,18,11,18,499,499,0,0,0,0
"22100022","CHI","Alex Caruso, DeMar DeRozan, Javonte Green, Nikola Vucevic, Troy Brown Jr.",4,"1",26,14,26,14,659,659,0,0,0,0
"22100022","NOP","Garrett Temple, Jonas Valanciunas, Naji Marshall, Tomas Satoransky, Trey Murphy III",4,"1",11,18,11,21,499,550,0,3,-3,51
"22100022","CHI","Alex Caruso, Alize Johnson, DeMar DeRozan, Javonte Green, Troy Brown Jr.",5,"1",26,14,28,17,659,720,2,3,-1,61
"22100022","NOP","Brandon Ingram, Garrett Temple, Jonas Valanciunas, Tomas Satoransky, Trey Murphy III",5,"1",11,21,14,26,550,659,3,5,-2,109
"22100022","CHI","Alex Caruso, Alize Johnson, DeMar DeRozan, Javonte Green, Lonzo Ball",6,"2",28,17,33,19,720,855,5,2,3,135
"22100022","NOP","Brandon Ingram, Garrett Temple, Jaxson Hayes, Tomas Satoransky, Trey Murphy III",6,"1",14,26,17,28,659,720,3,2,1,61
"22100022","NOP","Brandon Ingram, Garrett Temple, Jaxson Hayes, Tomas Satoransky, Trey Murphy III",6,"2",17,28,21,38,720,932,4,10,-6,212
"22100022","CHI","Alex Caruso, Alize Johnson, DeMar DeRozan, Lonzo Ball, Patrick Williams",7,"2",33,19,38,21,855,932,5,2,3,77
"22100022","NOP","Brandon Ingram, Garrett Temple, Jonas Valanciunas, Tomas Satoransky, Trey Murphy III",7,"2",21,38,21,38,932,932,0,0,0,0
"22100022","CHI","Alize Johnson, DeMar DeRozan, Lonzo Ball, Patrick Williams, Troy Brown Jr.",8,"2",38,21,38,24,932,977,0,3,-3,45
"22100022","NOP","Brandon Ingram, Garrett Temple, Herbert Jones, Jonas Valanciunas, Tomas Satoransky",8,"2",21,38,21,38,932,932,0,0,0,0
"22100022","CHI","DeMar DeRozan, Lonzo Ball, Nikola Vucevic, Patrick Williams, Troy Brown Jr.",9,"2",38,24,41,27,977,1023,3,3,0,46
"22100022","NOP","Brandon Ingram, Devonte' Graham, Garrett Temple, Herbert Jones, Jonas Valanciunas",9,"2",21,38,21,38,932,932,0,0,0,0
"22100022","CHI","Alex Caruso, DeMar DeRozan, Nikola Vucevic, Patrick Williams, Troy Brown Jr.",10,"2",41,27,41,27,1023,1023,0,0,0,0
"22100022","NOP","Brandon Ingram, Devonte' Graham, Herbert Jones, Jonas Valanciunas, Nickeil Alexander-Walker",10,"2",21,38,39,56,932,1272,18,18,0,340
"22100022","CHI","Alex Caruso, DeMar DeRozan, Nikola Vucevic, Patrick Williams, Zach LaVine",11,"2",41,27,44,32,1023,1123,3,5,-2,100
"22100022","NOP","Devonte' Graham, Herbert Jones, Jonas Valanciunas, Nickeil Alexander-Walker, Trey Murphy III",11,"2",39,56,47,65,1272,1440,8,9,-1,168
"22100022","CHI","Alex Caruso, Lonzo Ball, Nikola Vucevic, Patrick Williams, Zach LaVine",12,"2",44,32,51,37,1123,1203,7,5,2,80
"22100022","NOP","Brandon Ingram, Devonte' Graham, Herbert Jones, Jonas Valanciunas, Nickeil Alexander-Walker",12,"3",47,65,68,80,1440,1855,21,15,6,415
"22100022","CHI","Alex Caruso, DeMar DeRozan, Lonzo Ball, Nikola Vucevic, Zach LaVine",13,"2",51,37,65,47,1203,1409,14,10,4,206
"22100022","NOP","Brandon Ingram, Devonte' Graham, Jonas Valanciunas, Nickeil Alexander-Walker, Trey Murphy III",13,"3",68,80,68,80,1855,1855,0,0,0,0
"22100022","CHI","Alex Caruso, Alize Johnson, DeMar DeRozan, Lonzo Ball, Zach LaVine",14,"2",65,47,65,47,1409,1440,0,0,0,31
"22100022","NOP","Devonte' Graham, Jonas Valanciunas, Naji Marshall, Nickeil Alexander-Walker, Trey Murphy III",14,"3",68,80,73,85,1855,2002,5,5,0,147
"22100022","CHI","DeMar DeRozan, Lonzo Ball, Nikola Vucevic, Patrick Williams, Zach LaVine",15,"3",65,47,80,68,1440,1855,15,21,-6,415
"22100022","NOP","Jonas Valanciunas, Kira Lewis Jr., Naji Marshall, Nickeil Alexander-Walker, Trey Murphy III",15,"3",73,85,73,85,2002,2002,0,0,0,0
"22100022","CHI","Alex Caruso, DeMar DeRozan, Nikola Vucevic, Patrick Williams, Zach LaVine",16,"3",80,68,80,68,1855,1855,0,0,0,0
"22100022","NOP","Jaxson Hayes, Kira Lewis Jr., Naji Marshall, Nickeil Alexander-Walker, Trey Murphy III",16,"3",73,85,73,90,2002,2072,0,5,-5,70
"22100022","CHI","Alex Caruso, Nikola Vucevic, Patrick Williams, Troy Brown Jr., Zach LaVine",17,"3",80,68,80,68,1855,1855,0,0,0,0
"22100022","NOP","Brandon Ingram, Jaxson Hayes, Kira Lewis Jr., Naji Marshall, Trey Murphy III",17,"3",73,90,75,92,2072,2160,2,2,0,88
"22100022","CHI","Alex Caruso, Javonte Green, Nikola Vucevic, Troy Brown Jr., Zach LaVine",18,"3",80,68,85,73,1855,2002,5,5,0,147
"22100022","NOP","Brandon Ingram, Garrett Temple, Jaxson Hayes, Kira Lewis Jr., Trey Murphy III",18,"4",75,92,77,107,2160,2345,2,15,-13,185
"22100022","CHI","Alex Caruso, Alize Johnson, Javonte Green, Nikola Vucevic, Troy Brown Jr.",19,"3",85,73,85,73,2002,2002,0,0,0,0
"22100022","NOP","Brandon Ingram, Devonte' Graham, Garrett Temple, Kira Lewis Jr., Trey Murphy III",19,"4",77,107,77,107,2345,2345,0,0,0,0
"22100022","CHI","Alex Caruso, Alize Johnson, DeMar DeRozan, Javonte Green, Troy Brown Jr.",20,"3",85,73,92,75,2002,2160,7,2,5,158
"22100022","NOP","Brandon Ingram, Devonte' Graham, Garrett Temple, Herbert Jones, Trey Murphy III",20,"4",77,107,77,107,2345,2345,0,0,0,0
"22100022","CHI","Alex Caruso, Alize Johnson, DeMar DeRozan, Javonte Green, Lonzo Ball",21,"4",92,75,107,82,2160,2394,15,7,8,234
"22100022","NOP","Brandon Ingram, Devonte' Graham, Garrett Temple, Herbert Jones, Nickeil Alexander-Walker",21,"4",77,107,77,107,2345,2345,0,0,0,0
"22100022","CHI","Alex Caruso, Alize Johnson, Javonte Green, Lonzo Ball, Zach LaVine",22,"4",107,82,107,85,2394,2420,0,3,-3,26
"22100022","NOP","Brandon Ingram, Devonte' Graham, Herbert Jones, Jonas Valanciunas, Nickeil Alexander-Walker",22,"4",77,107,94,119,2345,2552,17,12,5,207
"22100022","CHI","Alex Caruso, Javonte Green, Lonzo Ball, Nikola Vucevic, Zach LaVine",23,"4",107,85,107,85,2420,2420,0,0,0,0
"22100022","NOP","Brandon Ingram, Herbert Jones, Jonas Valanciunas, Kira Lewis Jr., Nickeil Alexander-Walker",23,"4",94,119,99,119,2552,2608,5,0,5,56
"22100022","CHI","Alex Caruso, Lonzo Ball, Nikola Vucevic, Patrick Williams, Zach LaVine",24,"4",107,85,121,99,2420,2647,14,14,0,227
"22100022","NOP","Herbert Jones, Jaxson Hayes, Jonas Valanciunas, Kira Lewis Jr., Nickeil Alexander-Walker",24,"4",99,119,99,119,2608,2608,0,0,0,0
"22100022","CHI","Alex Caruso, Lonzo Ball, Nikola Vucevic, Patrick Williams, Troy Brown Jr.",25,"4",121,99,121,99,2647,2647,0,0,0,0
"22100022","NOP","Herbert Jones, Jaxson Hayes, Kira Lewis Jr., Nickeil Alexander-Walker, Trey Murphy III",25,"4",99,119,99,121,2608,2647,0,2,-2,39
"22100022","CHI","Alex Caruso, Alize Johnson, Lonzo Ball, Patrick Williams, Troy Brown Jr.",26,"4",121,99,126,106,2647,2734,5,7,-2,87
"22100022","NOP","Herbert Jones, Jaxson Hayes, Kira Lewis Jr., Naji Marshall, Trey Murphy III",26,"4",99,121,112,128,2647,2880,13,7,6,233
"22100022","CHI","Alex Caruso, Alize Johnson, Derrick Jones Jr., Patrick Williams, Troy Brown Jr.",27,"4",126,106,126,106,2734,2734,0,0,0,0
"22100022","CHI","Alize Johnson, Derrick Jones Jr., Patrick Williams, Tony Bradley, Troy Brown Jr.",28,"4",126,106,126,106,2734,2734,0,0,0,0
"22100022","CHI","Alize Johnson, Ayo Dosunmu, Derrick Jones Jr., Tony Bradley, Troy Brown Jr.",29,"4",126,106,126,106,2734,2734,0,0,0,0
"22100022","CHI","Ayo Dosunmu, Derrick Jones Jr., Matt Thomas, Tony Bradley, Troy Brown Jr.",30,"4",126,106,128,112,2734,2880,2,6,-4,146
"22100023","HOU","Christian Wood, Daniel Theis, Jae'Sean Tate, Jalen Green, Kevin Porter Jr.",0,"1",0,0,15,8,0,322,15,8,7,322
"22100023","OKC","Darius Bazley, Isaiah Roby, Josh Giddey, Luguentz Dort, Shai Gilgeous-Alexander",0,"1",0,0,8,19,0,380,8,19,-11,380
"22100023","HOU","Christian Wood, Eric Gordon, Jae'Sean Tate, Jalen Green, Kevin Porter Jr.",1,"1",15,8,15,8,322,322,0,0,0,0
"22100023","OKC","Darius Bazley, Derrick Favors, Isaiah Roby, Luguentz Dort, Shai Gilgeous-Alexander",1,"1",8,19,8,19,380,380,0,0,0,0
"22100023","HOU","Alperen Sengun, Christian Wood, Eric Gordon, Jae'Sean Tate, Kevin Porter Jr.",2,"1",15,8,19,13,322,417,4,5,-1,95
"22100023","OKC","Aleksej Pokusevski, Darius Bazley, Derrick Favors, Luguentz Dort, Shai Gilgeous-Alexander",2,"1",8,19,13,19,380,426,5,0,5,46
"22100023","HOU","Alperen Sengun, Christian Wood, Danuel House Jr., Eric Gordon, Jae'Sean Tate",3,"1",19,13,19,13,417,417,0,0,0,0
"22100023","OKC","Aleksej Pokusevski, Derrick Favors, Luguentz Dort, Shai Gilgeous-Alexander, Tre Mann",3,"1",13,19,13,24,426,486,0,5,-5,60
"22100023","HOU","Alperen Sengun, D.J. Augustin, Danuel House Jr., Eric Gordon, Jae'Sean Tate",4,"1",19,13,25,13,417,539,6,0,6,122
"22100023","OKC","Aleksej Pokusevski, Derrick Favors, Kenrich Williams, Shai Gilgeous-Alexander, Tre Mann",4,"1",13,24,15,28,486,599,2,4,-2,113
"22100023","HOU","Alperen Sengun, Christian Wood, D.J. Augustin, Danuel House Jr., Eric Gordon",5,"1",25,13,34,21,539,720,9,8,1,181
"22100023","OKC","Aleksej Pokusevski, Derrick Favors, Kenrich Williams, Theo Maledon, Tre Mann",5,"1",15,28,19,32,599,689,4,4,0,90
"22100023","HOU","Christian Wood, Daniel Theis, David Nwaba, Jalen Green, Kevin Porter Jr.",6,"2",34,21,43,28,720,917,9,7,2,197
"22100023","OKC","Derrick Favors, Jeremiah Robinson-Earl, Kenrich Williams, Theo Maledon, Tre Mann",6,"1",19,32,19,34,689,703,0,2,-2,14
"22100023","HOU","Christian Wood, Daniel Theis, Jae'Sean Tate, Jalen Green, Kevin Porter Jr.",7,"2",43,28,45,35,917,996,2,7,-5,79
"22100023","OKC","Jeremiah Robinson-Earl, Kenrich Williams, Shai Gilgeous-Alexander, Theo Maledon, Tre Mann",7,"1",19,34,21,34,703,720,2,0,2,17
"22100023","HOU","Christian Wood, Daniel Theis, Eric Gordon, Jae'Sean Tate, Kevin Porter Jr.",8,"2",45,35,52,37,996,1121,7,2,5,125
"22100023","OKC","Derrick Favors, Jeremiah Robinson-Earl, Josh Giddey, Kenrich Williams, Theo Maledon",8,"2",21,34,35,45,720,996,14,11,3,276
"22100023","HOU","Alperen Sengun, Christian Wood, Eric Gordon, Jae'Sean Tate, Kevin Porter Jr.",9,"2",52,37,60,38,1121,1208,8,1,7,87
"22100023","OKC","Darius Bazley, Jeremiah Robinson-Earl, Josh Giddey, Kenrich Williams, Theo Maledon",9,"2",35,45,35,50,996,1068,0,5,-5,72
"22100023","HOU","Alperen Sengun, Christian Wood, Eric Gordon, Jae'Sean Tate, Jalen Green",10,"2",60,38,64,42,1208,1328,4,4,0,120
"22100023","OKC","Darius Bazley, Jeremiah Robinson-Earl, Kenrich Williams, Shai Gilgeous-Alexander, Theo Maledon",10,"2",35,50,37,52,1068,1121,2,2,0,53
"22100023","HOU","Christian Wood, Danuel House Jr., Eric Gordon, Jae'Sean Tate, Jalen Green",11,"2",64,42,64,42,1328,1328,0,0,0,0
"22100023","OKC","Darius Bazley, Jeremiah Robinson-Earl, Kenrich Williams, Luguentz Dort, Shai Gilgeous-Alexander",11,"2",37,52,37,60,1121,1180,0,8,-8,59
"22100023","HOU","Christian Wood, Danuel House Jr., Eric Gordon, Jalen Green, Kevin Porter Jr.",12,"2",64,42,69,47,1328,1440,5,5,0,112
"22100023","OKC","Gabriel Deck, Jeremiah Robinson-Earl, Kenrich Williams, Luguentz Dort, Shai Gilgeous-Alexander",12,"2",37,60,42,64,1180,1328,5,4,1,148
"22100023","HOU","Christian Wood, Daniel Theis, Jae'Sean Tate, Jalen Green, Kevin Porter Jr.",13,"3",69,47,81,54,1440,1800,12,7,5,360
"22100023","OKC","Gabriel Deck, Jeremiah Robinson-Earl, Josh Giddey, Luguentz Dort, Shai Gilgeous-Alexander",13,"2",42,64,47,69,1328,1435,5,5,0,107
"22100023","HOU","Christian Wood, Daniel Theis, Eric Gordon, Jae'Sean Tate, Kevin Porter Jr.",14,"3",81,54,81,54,1800,1800,0,0,0,0
"22100023","OKC","Gabriel Deck, Jeremiah Robinson-Earl, Luguentz Dort, Shai Gilgeous-Alexander, Theo Maledon",14,"2",47,69,47,69,1435,1440,0,0,0,5
"22100023","HOU","Alperen Sengun, Christian Wood, Eric Gordon, Jae'Sean Tate, Kevin Porter Jr.",15,"3",81,54,89,59,1800,1908,8,5,3,108
"22100023","OKC","Darius Bazley, Isaiah Roby, Josh Giddey, Luguentz Dort, Shai Gilgeous-Alexander",15,"3",47,69,52,81,1440,1649,5,12,-7,209
"22100023","HOU","Alperen Sengun, Christian Wood, D.J. Augustin, Eric Gordon, Jae'Sean Tate",16,"3",89,59,89,59,1908,1908,0,0,0,0
"22100023","OKC","Darius Bazley, Isaiah Roby, Luguentz Dort, Shai Gilgeous-Alexander, Ty Jerome",16,"3",52,81,52,81,1649,1649,0,0,0,0
"22100023","HOU","Alperen Sengun, Christian Wood, D.J. Augustin, Danuel House Jr., Eric Gordon",17,"3",89,59,89,59,1908,1908,0,0,0,0
"22100023","OKC","Darius Bazley, Luguentz Dort, Mike Muscala, Shai Gilgeous-Alexander, Ty Jerome",17,"3",52,81,59,89,1649,1908,7,8,-1,259
"22100023","HOU","Alperen Sengun, D.J. Augustin, Danuel House Jr., David Nwaba, Eric Gordon",18,"3",89,59,100,73,1908,2160,11,14,-3,252
"22100023","OKC","Aleksej Pokusevski, Luguentz Dort, Mike Muscala, Shai Gilgeous-Alexander, Ty Jerome",18,"3",59,89,66,98,1908,2040,7,9,-2,132
"22100023","HOU","Alperen Sengun, David Nwaba, Eric Gordon, Jalen Green, Kevin Porter Jr.",19,"4",100,73,106,78,2160,2262,6,5,1,102
"22100023","OKC","Aleksej Pokusevski, Kenrich Williams, Luguentz Dort, Mike Muscala, Ty Jerome",19,"3",66,98,66,98,2040,2040,0,0,0,0
"22100023","HOU","David Nwaba, Eric Gordon, Jae'Sean Tate, Jalen Green, Kevin Porter Jr.",20,"4",106,78,108,81,2262,2312,2,3,-1,50
"22100023","OKC","Aleksej Pokusevski, Kenrich Williams, Luguentz Dort, Mike Muscala, Theo Maledon",20,"3",66,98,73,100,2040,2160,7,2,5,120
"22100023","HOU","Christian Wood, Eric Gordon, Jae'Sean Tate, Jalen Green, Kevin Porter Jr.",21,"4",108,81,112,83,2312,2531,4,2,2,219
"22100023","OKC","Aleksej Pokusevski, Jeremiah Robinson-Earl, Kenrich Williams, Luguentz Dort, Theo Maledon",21,"4",73,100,78,106,2160,2262,5,6,-1,102
"22100023","HOU","Armoni Brooks, Christian Wood, Eric Gordon, Jae'Sean Tate, Kevin Porter Jr.",22,"4",112,83,112,83,2531,2531,0,0,0,0
"22100023","OKC","Aleksej Pokusevski, Jeremiah Robinson-Earl, Josh Giddey, Kenrich Williams, Theo Maledon",22,"4",78,106,81,110,2262,2392,3,4,-1,130
"22100023","HOU","Armoni Brooks, Christian Wood, Eric Gordon, Jae'Sean Tate, Usman Garuba",23,"4",112,83,112,83,2531,2531,0,0,0,0
"22100023","OKC","Aleksej Pokusevski, Jeremiah Robinson-Earl, Kenrich Williams, Theo Maledon, Ty Jerome",23,"4",81,110,81,110,2392,2392,0,0,0,0
"22100023","HOU","Armoni Brooks, Christian Wood, Eric Gordon, Josh Christopher, Usman Garuba",24,"4",112,83,112,83,2531,2531,0,0,0,0
"22100023","OKC","Aleksej Pokusevski, Jeremiah Robinson-Earl, Kenrich Williams, Tre Mann, Ty Jerome",24,"4",81,110,83,112,2392,2531,2,2,0,139
"22100023","HOU","Armoni Brooks, Christian Wood, David Nwaba, Josh Christopher, Usman Garuba",25,"4",112,83,112,83,2531,2531,0,0,0,0
"22100023","OKC","Aleksej Pokusevski, Jeremiah Robinson-Earl, Tre Mann, Ty Jerome, Vit Krejci",25,"4",83,112,83,114,2531,2604,0,2,-2,73
"22100023","HOU","Armoni Brooks, David Nwaba, Josh Christopher, Kenyon Martin Jr., Usman Garuba",26,"4",112,83,124,91,2531,2880,12,8,4,349
"22100023","OKC","Gabriel Deck, Jeremiah Robinson-Earl, Tre Mann, Ty Jerome, Vit Krejci",26,"4",83,114,89,114,2604,2677,6,0,6,73
"22100023","OKC","Gabriel Deck, Mike Muscala, Tre Mann, Ty Jerome, Vit Krejci",27,"4",89,114,91,124,2677,2880,2,10,-8,203
"22100024","DEN","Aaron Gordon, Michael Porter Jr., Monte Morris, Nikola Jokic, Will Barton",0,"1",0,0,15,16,0,501,15,16,-1,501
"22100024","SAS","Dejounte Murray, Derrick White, Doug McDermott, Jakob Poeltl, Keldon Johnson",0,"1",0,0,7,5,0,203,7,5,2,203
"22100024","DEN","Aaron Gordon, Monte Morris, Nikola Jokic, P.J. Dozier, Will Barton",1,"1",15,16,15,16,501,501,0,0,0,0
"22100024","SAS","Dejounte Murray, Derrick White, Doug McDermott, Drew Eubanks, Keldon Johnson",1,"1",7,5,12,11,203,381,5,6,-1,178
"22100024","DEN","Aaron Gordon, Facundo Campazzo, Nikola Jokic, P.J. Dozier, Will Barton",2,"1",15,16,22,16,501,564,7,0,7,63
"22100024","SAS","Derrick White, Doug McDermott, Drew Eubanks, Keldon Johnson, Lonnie Walker IV",2,"1",12,11,12,11,381,381,0,0,0,0
"22100024","DEN","Aaron Gordon, Facundo Campazzo, Jeff Green, Nikola Jokic, P.J. Dozier",3,"1",22,16,22,16,564,564,0,0,0,0
"22100024","SAS","Derrick White, Devin Vassell, Drew Eubanks, Keldon Johnson, Lonnie Walker IV",3,"1",12,11,16,15,381,501,4,4,0,120
"22100024","DEN","Aaron Gordon, Facundo Campazzo, JaMychal Green, Jeff Green, P.J. Dozier",4,"1",22,16,22,16,564,564,0,0,0,0
"22100024","SAS","Derrick White, Devin Vassell, Doug McDermott, Drew Eubanks, Lonnie Walker IV",4,"1",16,15,16,15,501,501,0,0,0,0
"22100024","DEN","Austin Rivers, Facundo Campazzo, JaMychal Green, Jeff Green, P.J. Dozier",5,"1",22,16,26,22,564,720,4,6,-2,156
"22100024","DEN","Austin Rivers, Facundo Campazzo, JaMychal Green, Jeff Green, P.J. Dozier",5,"2",26,22,39,31,720,1031,13,9,4,311
"22100024","SAS","Derrick White, Devin Vassell, Doug McDermott, Lonnie Walker IV, Thaddeus Young",5,"1",16,15,16,22,501,564,0,7,-7,63
"22100024","DEN","Austin Rivers, Facundo Campazzo, Jeff Green, Nikola Jokic, P.J. Dozier",6,"2",39,31,41,34,1031,1085,2,3,-1,54
"22100024","SAS","Dejounte Murray, Devin Vassell, Doug McDermott, Lonnie Walker IV, Thaddeus Young",6,"1",16,22,22,26,564,720,6,4,2,156
"22100024","DEN","Austin Rivers, Jeff Green, Monte Morris, Nikola Jokic, P.J. Dozier",7,"2",41,34,41,34,1085,1085,0,0,0,0
"22100024","SAS","Bryn Forbes, Dejounte Murray, Devin Vassell, Doug McDermott, Thaddeus Young",7,"2",22,26,24,29,720,857,2,3,-1,137
"22100024","DEN","Aaron Gordon, Austin Rivers, Monte Morris, Nikola Jokic, P.J. Dozier",8,"2",41,34,41,34,1085,1085,0,0,0,0
"22100024","SAS","Bryn Forbes, Dejounte Murray, Devin Vassell, Keldon Johnson, Thaddeus Young",8,"2",24,29,24,29,857,869,0,0,0,12
"22100024","DEN","Aaron Gordon, Michael Porter Jr., Monte Morris, Nikola Jokic, P.J. Dozier",9,"2",41,34,41,34,1085,1114,0,0,0,29
"22100024","SAS","Bryn Forbes, Dejounte Murray, Devin Vassell, Drew Eubanks, Keldon Johnson",9,"2",24,29,29,36,869,975,5,7,-2,106
"22100024","DEN","Aaron Gordon, Michael Porter Jr., Monte Morris, Nikola Jokic, Will Barton",10,"2",41,34,53,48,1114,1398,12,14,-2,284
"22100024","SAS","Bryn Forbes, Devin Vassell, Drew Eubanks, Keldon Johnson, Lonnie Walker IV",10,"2",29,36,29,36,975,975,0,0,0,0
"22100024","DEN","Aaron Gordon, Monte Morris, Nikola Jokic, P.J. Dozier, Will Barton",11,"2",53,48,53,48,1398,1422,0,0,0,24
"22100024","SAS","Bryn Forbes, Derrick White, Drew Eubanks, Keldon Johnson, Lonnie Walker IV",11,"2",29,36,34,41,975,1085,5,5,0,110
"22100024","DEN","Aaron Gordon, Jeff Green, Nikola Jokic, P.J. Dozier, Will Barton",12,"2",53,48,53,48,1422,1422,0,0,0,0
"22100024","SAS","Bryn Forbes, Derrick White, Jakob Poeltl, Keldon Johnson, Lonnie Walker IV",12,"2",34,41,39,43,1085,1203,5,2,3,118
"22100024","DEN","Aaron Gordon, Facundo Campazzo, Jeff Green, P.J. Dozier, Will Barton",13,"2",53,48,53,50,1422,1440,0,2,-2,18
"22100024","SAS","Derrick White, Doug McDermott, Jakob Poeltl, Keldon Johnson, Lonnie Walker IV",13,"2",39,43,39,43,1203,1228,0,0,0,25
"22100024","DEN","Aaron Gordon, Michael Porter Jr., Monte Morris, Nikola Jokic, Will Barton",14,"3",53,50,67,64,1440,1841,14,14,0,401
"22100024","SAS","Dejounte Murray, Derrick White, Doug McDermott, Jakob Poeltl, Keldon Johnson",14,"2",39,43,48,53,1228,1410,9,10,-1,182
"22100024","DEN","Aaron Gordon, Monte Morris, Nikola Jokic, P.J. Dozier, Will Barton",15,"3",67,64,69,66,1841,1934,2,2,0,93
"22100024","SAS","Derrick White, Doug McDermott, Jakob Poeltl, Keldon Johnson, Lonnie Walker IV",15,"2",48,53,50,53,1410,1440,2,0,2,30
"22100024","DEN","Aaron Gordon, Facundo Campazzo, Nikola Jokic, P.J. Dozier, Will Barton",16,"3",69,66,71,66,1934,1980,2,0,2,46
"22100024","SAS","Bryn Forbes, Dejounte Murray, Derrick White, Jakob Poeltl, Keldon Johnson",16,"3",50,53,59,55,1440,1577,9,2,7,137
"22100024","DEN","Facundo Campazzo, Jeff Green, Nikola Jokic, P.J. Dozier, Will Barton",17,"3",71,66,76,66,1980,2033,5,0,5,53
"22100024","SAS","Dejounte Murray, Derrick White, Doug McDermott, Jakob Poeltl, Keldon Johnson",17,"3",59,55,64,63,1577,1752,5,8,-3,175
"22100024","DEN","Austin Rivers, Facundo Campazzo, Jeff Green, Nikola Jokic, P.J. Dozier",18,"3",76,66,79,68,2033,2087,3,2,1,54
"22100024","SAS","Dejounte Murray, Derrick White, Jakob Poeltl, Keldon Johnson, Lonnie Walker IV",18,"3",64,63,64,65,1752,1821,0,2,-2,69
"22100024","DEN","Austin Rivers, Facundo Campazzo, JaMychal Green, Jeff Green, P.J. Dozier",19,"3",79,68,79,70,2087,2160,0,2,-2,73
"22100024","DEN","Austin Rivers, Facundo Campazzo, JaMychal Green, Jeff Green, P.J. Dozier",19,"4",79,70,85,82,2160,2465,6,12,-6,305
"22100024","SAS","Derrick White, Drew Eubanks, Jakob Poeltl, Keldon Johnson, Lonnie Walker IV",19,"3",64,65,64,65,1821,1821,0,0,0,0
"22100024","DEN","Austin Rivers, Facundo Campazzo, Jeff Green, Nikola Jokic, P.J. Dozier",20,"4",85,82,85,82,2465,2465,0,0,0,0
"22100024","SAS","Derrick White, Devin Vassell, Drew Eubanks, Keldon Johnson, Lonnie Walker IV",20,"3",64,65,66,71,1821,1980,2,6,-4,159
"22100024","DEN","Austin Rivers, Jeff Green, Monte Morris, Nikola Jokic, P.J. Dozier",21,"4",85,82,85,82,2465,2465,0,0,0,0
"22100024","SAS","Dejounte Murray, Derrick White, Devin Vassell, Drew Eubanks, Lonnie Walker IV",21,"3",66,71,66,71,1980,1980,0,0,0,0
"22100024","DEN","Jeff Green, Monte Morris, Nikola Jokic, P.J. Dozier, Will Barton",22,"4",85,82,85,82,2465,2465,0,0,0,0
"22100024","SAS","Dejounte Murray, Devin Vassell, Drew Eubanks, Lonnie Walker IV, Thaddeus Young",22,"3",66,71,66,71,1980,1980,0,0,0,0
"22100024","DEN","Jeff Green, Michael Porter Jr., Monte Morris, Nikola Jokic, Will Barton",23,"4",85,82,89,84,2465,2550,4,2,2,85
"22100024","SAS","Dejounte Murray, Devin Vassell, Doug McDermott, Lonnie Walker IV, Thaddeus Young",23,"3",66,71,68,79,1980,2087,2,8,-6,107
"22100024","DEN","Aaron Gordon, Michael Porter Jr., Monte Morris, Nikola Jokic, Will Barton",24,"4",89,84,102,96,2550,2880,13,12,1,330
"22100024","SAS","Devin Vassell, Doug McDermott, Lonnie Walker IV, Thaddeus Young, Tre Jones",24,"3",68,79,70,79,2087,2160,2,0,2,73
"22100024","SAS","Dejounte Murray, Derrick White, Doug McDermott, Jakob Poeltl, Keldon Johnson",25,"4",70,79,80,83,2160,2359,10,4,6,199
"22100024","SAS","Dejounte Murray, Derrick White, Devin Vassell, Jakob Poeltl, Keldon Johnson",26,"4",80,83,82,85,2359,2465,2,2,0,106
"22100024","SAS","Dejounte Murray, Devin Vassell, Jakob Poeltl, Keldon Johnson, Lonnie Walker IV",27,"4",82,85,84,89,2465,2550,2,4,-2,85
"22100024","SAS","Dejounte Murray, Derrick White, Devin Vassell, Jakob Poeltl, Lonnie Walker IV",28,"4",84,89,84,89,2550,2550,0,0,0,0
"22100024","SAS","Derrick White, Devin Vassell, Drew Eubanks, Jakob Poeltl, Lonnie Walker IV",29,"4",84,89,84,89,2550,2550,0,0,0,0
"22100024","SAS","Derrick White, Devin Vassell, Doug McDermott, Drew Eubanks, Lonnie Walker IV",30,"4",84,89,85,94,2550,2639,1,5,-4,89
"22100024","SAS","Derrick White, Doug McDermott, Drew Eubanks, Jakob Poeltl, Lonnie Walker IV",31,"4",85,94,85,94,2639,2639,0,0,0,0
"22100024","SAS","Dejounte Murray, Derrick White, Doug McDermott, Jakob Poeltl, Lonnie Walker IV",32,"4",85,94,87,94,2639,2650,2,0,2,11
"22100024","SAS","Dejounte Murray, Derrick White, Doug McDermott, Jakob Poeltl, Keldon Johnson",33,"4",87,94,96,102,2650,2880,9,8,1,230
"22100025","LAL","Anthony Davis, DeAndre Jordan, Kent Bazemore, LeBron James, Russell Westbrook",0,"1",0,0,15,13,0,329,15,13,2,329
"22100025","PHX","Chris Paul, Deandre Ayton, Devin Booker, Jae Crowder, Mikal Bridges",0,"1",0,0,15,20,0,406,15,20,-5,406
"22100025","LAL","Anthony Davis, DeAndre Jordan, Kent Bazemore, LeBron James, Malik Monk",1,"1",15,13,21,15,329,455,6,2,4,126
"22100025","PHX","Cameron Johnson, Deandre Ayton, Devin Booker, Jae Crowder, Mikal Bridges",1,"1",15,20,15,20,406,406,0,0,0,0
"22100025","LAL","Anthony Davis, Carmelo Anthony, Kent Bazemore, LeBron James, Malik Monk",2,"1",21,15,21,15,455,459,0,0,0,4
"22100025","PHX","Cameron Johnson, Cameron Payne, Deandre Ayton, Devin Booker, Mikal Bridges",2,"1",15,20,15,21,406,502,0,1,-1,96
"22100025","LAL","Anthony Davis, Carmelo Anthony, Kent Bazemore, Malik Monk, Russell Westbrook",3,"1",21,15,21,17,459,531,0,2,-2,72
"22100025","PHX","Cameron Johnson, Cameron Payne, Deandre Ayton, JaVale McGee, Mikal Bridges",3,"1",15,21,15,21,502,502,0,0,0,0
"22100025","LAL","Anthony Davis, Avery Bradley, Carmelo Anthony, Malik Monk, Russell Westbrook",4,"1",21,17,26,23,531,720,5,6,-1,189
"22100025","PHX","Abdel Nader, Cameron Johnson, Cameron Payne, JaVale McGee, Mikal Bridges",4,"1",15,21,15,21,502,502,0,0,0,0
"22100025","LAL","Avery Bradley, Carmelo Anthony, Dwight Howard, LeBron James, Russell Westbrook",5,"2",26,23,31,30,720,860,5,7,-2,140
"22100025","PHX","Abdel Nader, Cameron Johnson, Cameron Payne, JaVale McGee, Landry Shamet",5,"1",15,21,23,26,502,720,8,5,3,218
"22100025","LAL","Avery Bradley, Carmelo Anthony, Dwight Howard, LeBron James, Malik Monk",6,"2",31,30,36,40,860,1021,5,10,-5,161
"22100025","PHX","Cameron Johnson, Chris Paul, Jae Crowder, JaVale McGee, Landry Shamet",6,"2",23,26,32,33,720,921,9,7,2,201
"22100025","LAL","Carmelo Anthony, Dwight Howard, Kent Bazemore, LeBron James, Malik Monk",7,"2",36,40,38,40,1021,1023,2,0,2,2
"22100025","PHX","Chris Paul, Jae Crowder, JaVale McGee, Landry Shamet, Mikal Bridges",7,"2",32,33,35,33,921,948,3,0,3,27
"22100025","LAL","Carmelo Anthony, Dwight Howard, Kent Bazemore, Malik Monk, Russell Westbrook",8,"2",38,40,38,44,1023,1092,0,4,-4,69
"22100025","PHX","Chris Paul, Deandre Ayton, Jae Crowder, Landry Shamet, Mikal Bridges",8,"2",35,33,40,36,948,1021,5,3,2,73
"22100025","LAL","Anthony Davis, Dwight Howard, Kent Bazemore, Malik Monk, Russell Westbrook",9,"2",38,44,38,47,1092,1158,0,3,-3,66
"22100025","PHX","Chris Paul, Deandre Ayton, Devin Booker, Jae Crowder, Mikal Bridges",9,"2",40,36,44,38,1021,1092,4,2,2,71
"22100025","LAL","Anthony Davis, Dwight Howard, Kent Bazemore, Malik Monk, Rajon Rondo",10,"2",38,47,41,49,1158,1247,3,2,1,89
"22100025","PHX","Cameron Payne, Deandre Ayton, Devin Booker, Jae Crowder, Mikal Bridges",10,"2",44,38,53,44,1092,1364,9,6,3,272
"22100025","LAL","Anthony Davis, Dwight Howard, Kent Bazemore, LeBron James, Rajon Rondo",11,"2",41,49,41,49,1247,1247,0,0,0,0
"22100025","PHX","Chris Paul, Deandre Ayton, Devin Booker, Jae Crowder, Mikal Bridges",11,"2",53,44,53,44,1364,1364,0,0,0,0
"22100025","LAL","Anthony Davis, Avery Bradley, Kent Bazemore, LeBron James, Rajon Rondo",12,"2",41,49,44,57,1247,1440,3,8,-5,193
"22100025","PHX","Cameron Johnson, Chris Paul, Deandre Ayton, Devin Booker, Mikal Bridges",12,"2",53,44,57,44,1364,1414,4,0,4,50
"22100025","LAL","Anthony Davis, DeAndre Jordan, Kent Bazemore, LeBron James, Russell Westbrook",13,"3",44,57,48,63,1440,1597,4,6,-2,157
"22100025","PHX","Abdel Nader, Cameron Johnson, Chris Paul, Deandre Ayton, Mikal Bridges",13,"2",57,44,57,44,1414,1440,0,0,0,26
"22100025","LAL","Anthony Davis, Avery Bradley, Kent Bazemore, LeBron James, Russell Westbrook",14,"3",48,63,53,72,1597,1797,5,9,-4,200
"22100025","PHX","Chris Paul, Deandre Ayton, Devin Booker, Jae Crowder, Mikal Bridges",14,"3",57,44,78,55,1440,1839,21,11,10,399
"22100025","LAL","Anthony Davis, Avery Bradley, Kent Bazemore, LeBron James, Malik Monk",15,"3",53,72,55,80,1797,1898,2,8,-6,101
"22100025","PHX","Cameron Payne, Deandre Ayton, Devin Booker, Jae Crowder, Mikal Bridges",15,"3",78,55,78,55,1839,1839,0,0,0,0
"22100025","LAL","Anthony Davis, Avery Bradley, LeBron James, Malik Monk, Rajon Rondo",16,"3",55,80,57,87,1898,2027,2,7,-5,129
"22100025","PHX","Cameron Johnson, Cameron Payne, Deandre Ayton, Devin Booker, Mikal Bridges",16,"3",78,55,80,55,1839,1898,2,0,2,59
"22100025","LAL","Anthony Davis, Avery Bradley, Carmelo Anthony, Malik Monk, Rajon Rondo",17,"3",57,87,57,87,2027,2027,0,0,0,0
"22100025","PHX","Cameron Johnson, Cameron Payne, Devin Booker, JaVale McGee, Mikal Bridges",17,"3",80,55,87,57,1898,2027,7,2,5,129
"22100025","LAL","Anthony Davis, Avery Bradley, Carmelo Anthony, Rajon Rondo, Russell Westbrook",18,"3",57,87,67,94,2027,2160,10,7,3,133
"22100025","PHX","Cameron Johnson, Cameron Payne, JaVale McGee, Landry Shamet, Mikal Bridges",18,"3",87,57,87,57,2027,2027,0,0,0,0
"22100025","LAL","Austin Reaves, Carmelo Anthony, LeBron James, Rajon Rondo, Russell Westbrook",19,"4",67,94,76,98,2160,2379,9,4,5,219
"22100025","PHX","Abdel Nader, Cameron Johnson, Cameron Payne, JaVale McGee, Landry Shamet",19,"3",87,57,94,67,2027,2160,7,10,-3,133
"22100025","PHX","Abdel Nader, Cameron Johnson, Cameron Payne, JaVale McGee, Landry Shamet",19,"4",94,67,98,72,2160,2237,4,5,-1,77
"22100025","LAL","Anthony Davis, Austin Reaves, Carmelo Anthony, Rajon Rondo, Russell Westbrook",20,"4",76,98,80,100,2379,2449,4,2,2,70
"22100025","PHX","Abdel Nader, Cameron Johnson, Cameron Payne, Jae Crowder, Landry Shamet",20,"4",98,72,98,76,2237,2348,0,4,-4,111
"22100025","LAL","Anthony Davis, Austin Reaves, Carmelo Anthony, LeBron James, Russell Westbrook",21,"4",80,100,105,115,2449,2880,25,15,10,431
"22100025","PHX","Cameron Johnson, Cameron Payne, Devin Booker, Jae Crowder, Landry Shamet",21,"4",98,76,98,76,2348,2379,0,0,0,31
"22100025","PHX","Cameron Johnson, Cameron Payne, Devin Booker, Jae Crowder, Mikal Bridges",22,"4",98,76,98,76,2379,2379,0,0,0,0
"22100025","PHX","Cameron Johnson, Chris Paul, Devin Booker, Jae Crowder, Mikal Bridges",23,"4",98,76,98,76,2379,2379,0,0,0,0
"22100025","PHX","Chris Paul, Deandre Ayton, Devin Booker, Jae Crowder, Mikal Bridges",24,"4",98,76,115,105,2379,2880,17,29,-12,501
"22100026","SAC","De'Aaron Fox, Harrison Barnes, Richaun Holmes, Terence Davis, Tyrese Haliburton",0,"1",0,0,14,15,0,307,14,15,-1,307
"22100026","UTA","Bojan Bogdanovic, Donovan Mitchell, Mike Conley, Royce O'Neale, Rudy Gobert",0,"1",0,0,12,12,0,280,12,12,0,280
"22100026","SAC","Buddy Hield, De'Aaron Fox, Harrison Barnes, Richaun Holmes, Tyrese Haliburton",1,"1",14,15,14,15,307,331,0,0,0,24
"22100026","UTA","Bojan Bogdanovic, Donovan Mitchell, Joe Ingles, Royce O'Neale, Rudy Gobert",1,"1",12,12,15,14,280,307,3,2,1,27
"22100026","SAC","Alex Len, Buddy Hield, De'Aaron Fox, Harrison Barnes, Tyrese Haliburton",2,"1",14,15,16,17,331,443,2,2,0,112
"22100026","UTA","Bojan Bogdanovic, Donovan Mitchell, Hassan Whiteside, Joe Ingles, Royce O'Neale",2,"1",15,14,17,16,307,500,2,2,0,193
"22100026","SAC","Alex Len, Buddy Hield, Davion Mitchell, Harrison Barnes, Tyrese Haliburton",3,"1",16,17,18,20,443,533,2,3,-1,90
"22100026","UTA","Donovan Mitchell, Hassan Whiteside, Joe Ingles, Mike Conley, Royce O'Neale",3,"1",17,16,17,16,500,500,0,0,0,0
"22100026","SAC","Alex Len, Buddy Hield, Davion Mitchell, Marvin Bagley III, Tyrese Haliburton",4,"1",18,20,18,24,533,586,0,4,-4,53
"22100026","UTA","Hassan Whiteside, Joe Ingles, Jordan Clarkson, Mike Conley, Royce O'Neale",4,"1",17,16,20,18,500,533,3,2,1,33
"22100026","SAC","Alex Len, Buddy Hield, Davion Mitchell, De'Aaron Fox, Marvin Bagley III",5,"1",18,24,26,24,586,720,8,0,8,134
"22100026","UTA","Eric Paschall, Hassan Whiteside, Joe Ingles, Jordan Clarkson, Mike Conley",5,"1",20,18,24,18,533,586,4,0,4,53
"22100026","SAC","Buddy Hield, Davion Mitchell, De'Aaron Fox, Marvin Bagley III, Richaun Holmes",6,"2",26,24,31,24,720,845,5,0,5,125
"22100026","UTA","Eric Paschall, Joe Ingles, Jordan Clarkson, Mike Conley, Rudy Gobert",6,"1",24,18,24,19,586,624,0,1,-1,38
"22100026","SAC","Davion Mitchell, De'Aaron Fox, Marvin Bagley III, Richaun Holmes, Terence Davis",7,"2",31,24,33,26,845,920,2,2,0,75
"22100026","UTA","Eric Paschall, Jordan Clarkson, Mike Conley, Miye Oni, Rudy Gobert",7,"1",24,19,24,26,624,720,0,7,-7,96
"22100026","UTA","Eric Paschall, Jordan Clarkson, Mike Conley, Miye Oni, Rudy Gobert",7,"2",24,26,24,31,720,845,0,5,-5,125
"22100026","SAC","Davion Mitchell, Marvin Bagley III, Richaun Holmes, Terence Davis, Tyrese Haliburton",8,"2",33,26,33,26,920,920,0,0,0,0
"22100026","UTA","Donovan Mitchell, Eric Paschall, Jordan Clarkson, Miye Oni, Rudy Gobert",8,"2",24,31,24,31,845,845,0,0,0,0
"22100026","SAC","Davion Mitchell, Harrison Barnes, Richaun Holmes, Terence Davis, Tyrese Haliburton",9,"2",33,26,35,29,920,976,2,3,-1,56
"22100026","UTA","Donovan Mitchell, Eric Paschall, Jared Butler, Jordan Clarkson, Rudy Gobert",9,"2",24,31,26,33,845,920,2,2,0,75
"22100026","SAC","Alex Len, Davion Mitchell, Harrison Barnes, Terence Davis, Tyrese Haliburton",10,"2",35,29,43,39,976,1186,8,10,-2,210
"22100026","UTA","Bojan Bogdanovic, Donovan Mitchell, Jared Butler, Jordan Clarkson, Rudy Gobert",10,"2",26,33,29,35,920,976,3,2,1,56
"22100026","SAC","Alex Len, Davion Mitchell, Harrison Barnes, Richaun Holmes, Tyrese Haliburton",11,"2",43,39,43,39,1186,1186,0,0,0,0
"22100026","UTA","Bojan Bogdanovic, Donovan Mitchell, Jordan Clarkson, Royce O'Neale, Rudy Gobert",11,"2",29,35,29,35,976,976,0,0,0,0
"22100026","SAC","Davion Mitchell, De'Aaron Fox, Harrison Barnes, Richaun Holmes, Tyrese Haliburton",12,"2",43,39,43,39,1186,1204,0,0,0,18
"22100026","UTA","Bojan Bogdanovic, Donovan Mitchell, Hassan Whiteside, Jordan Clarkson, Royce O'Neale",12,"2",29,35,39,43,976,1186,10,8,2,210
"22100026","SAC","Buddy Hield, De'Aaron Fox, Harrison Barnes, Richaun Holmes, Tyrese Haliburton",13,"2",43,39,45,39,1204,1221,2,0,2,17
"22100026","UTA","Bojan Bogdanovic, Donovan Mitchell, Hassan Whiteside, Royce O'Neale, Rudy Gobert",13,"2",39,43,39,43,1186,1186,0,0,0,0
"22100026","SAC","Alex Len, Buddy Hield, De'Aaron Fox, Harrison Barnes, Tyrese Haliburton",14,"2",45,39,52,44,1221,1410,7,5,2,189
"22100026","UTA","Bojan Bogdanovic, Donovan Mitchell, Mike Conley, Royce O'Neale, Rudy Gobert",14,"2",39,43,46,52,1186,1433,7,9,-2,247
"22100026","SAC","Alex Len, Buddy Hield, Davion Mitchell, De'Aaron Fox, Harrison Barnes",15,"2",52,44,52,46,1410,1433,0,2,-2,23
"22100026","UTA","Bojan Bogdanovic, Donovan Mitchell, Miye Oni, Royce O'Neale, Rudy Gobert",15,"2",46,52,46,52,1433,1440,0,0,0,7
"22100026","SAC","Buddy Hield, Davion Mitchell, De'Aaron Fox, Harrison Barnes, Tyrese Haliburton",16,"2",52,46,52,46,1433,1433,0,0,0,0
"22100026","UTA","Bojan Bogdanovic, Donovan Mitchell, Mike Conley, Royce O'Neale, Rudy Gobert",16,"3",46,52,62,67,1440,1770,16,15,1,330
"22100026","SAC","Buddy Hield, De'Aaron Fox, Harrison Barnes, Terence Davis, Tyrese Haliburton",17,"2",52,46,52,46,1433,1440,0,0,0,7
"22100026","UTA","Bojan Bogdanovic, Donovan Mitchell, Hassan Whiteside, Royce O'Neale, Rudy Gobert",17,"3",62,67,62,67,1770,1770,0,0,0,0
"22100026","SAC","De'Aaron Fox, Harrison Barnes, Richaun Holmes, Terence Davis, Tyrese Haliburton",18,"3",52,46,61,52,1440,1607,9,6,3,167
"22100026","UTA","Bojan Bogdanovic, Donovan Mitchell, Hassan Whiteside, Jordan Clarkson, Royce O'Neale",18,"3",62,67,68,73,1770,1920,6,6,0,150
"22100026","SAC","Alex Len, De'Aaron Fox, Harrison Barnes, Terence Davis, Tyrese Haliburton",19,"3",61,52,67,62,1607,1770,6,10,-4,163
"22100026","UTA","Bojan Bogdanovic, Donovan Mitchell, Eric Paschall, Hassan Whiteside, Jordan Clarkson",19,"3",68,73,70,73,1920,1975,2,0,2,55
"22100026","SAC","Alex Len, Davion Mitchell, De'Aaron Fox, Harrison Barnes, Terence Davis",20,"3",67,62,67,62,1770,1770,0,0,0,0
"22100026","UTA","Bojan Bogdanovic, Donovan Mitchell, Eric Paschall, Jordan Clarkson, Mike Conley",20,"3",70,73,70,73,1975,1975,0,0,0,0
"22100026","SAC","Alex Len, Buddy Hield, Davion Mitchell, De'Aaron Fox, Harrison Barnes",21,"3",67,62,73,68,1770,1920,6,6,0,150
"22100026","UTA","Donovan Mitchell, Eric Paschall, Jordan Clarkson, Mike Conley, Rudy Gobert",21,"3",70,73,70,73,1975,1975,0,0,0,0
"22100026","SAC","Alex Len, Buddy Hield, Davion Mitchell, De'Aaron Fox, Marvin Bagley III",22,"3",73,68,73,70,1920,1975,0,2,-2,55
"22100026","UTA","Eric Paschall, Jordan Clarkson, Mike Conley, Rudy Gobert, Trent Forrest",22,"3",70,73,81,80,1975,2160,11,7,4,185
"22100026","UTA","Eric Paschall, Jordan Clarkson, Mike Conley, Rudy Gobert, Trent Forrest",22,"4",81,80,83,87,2160,2274,2,7,-5,114
"22100026","SAC","Buddy Hield, Davion Mitchell, De'Aaron Fox, Marvin Bagley III, Richaun Holmes",23,"3",73,70,73,70,1975,1985,0,0,0,10
"22100026","UTA","Donovan Mitchell, Eric Paschall, Mike Conley, Rudy Gobert, Trent Forrest",23,"4",83,87,83,87,2274,2284,0,0,0,10
"22100026","SAC","Buddy Hield, Davion Mitchell, Marvin Bagley III, Richaun Holmes, Tyrese Haliburton",24,"3",73,70,80,78,1985,2090,7,8,-1,105
"22100026","UTA","Donovan Mitchell, Eric Paschall, Hassan Whiteside, Mike Conley, Trent Forrest",24,"4",83,87,87,87,2284,2346,4,0,4,62
"22100026","SAC","Alex Len, Buddy Hield, Davion Mitchell, Marvin Bagley III, Tyrese Haliburton",25,"3",80,78,80,81,2090,2160,0,3,-3,70
"22100026","UTA","Donovan Mitchell, Eric Paschall, Hassan Whiteside, Jordan Clarkson, Trent Forrest",25,"4",87,87,89,87,2346,2416,2,0,2,70
"22100026","SAC","Buddy Hield, Davion Mitchell, Harrison Barnes, Terence Davis, Tristan Thompson",26,"4",80,81,87,87,2160,2346,7,6,1,186
"22100026","UTA","Bojan Bogdanovic, Donovan Mitchell, Hassan Whiteside, Jordan Clarkson, Trent Forrest",26,"4",89,87,89,87,2416,2416,0,0,0,0
"22100026","SAC","Buddy Hield, Davion Mitchell, Harrison Barnes, Tristan Thompson, Tyrese Haliburton",27,"4",87,87,87,87,2346,2346,0,0,0,0
"22100026","UTA","Bojan Bogdanovic, Donovan Mitchell, Hassan Whiteside, Jordan Clarkson, Royce O'Neale",27,"4",89,87,95,90,2416,2537,6,3,3,121
"22100026","SAC","Davion Mitchell, De'Aaron Fox, Harrison Barnes, Tristan Thompson, Tyrese Haliburton",28,"4",87,87,87,89,2346,2416,0,2,-2,70
"22100026","UTA","Bojan Bogdanovic, Donovan Mitchell, Jordan Clarkson, Royce O'Neale, Rudy Gobert",28,"4",95,90,95,93,2537,2567,0,3,-3,30
"22100026","SAC","Alex Len, Davion Mitchell, De'Aaron Fox, Harrison Barnes, Tyrese Haliburton",29,"4",87,89,89,95,2416,2522,2,6,-4,106
"22100026","UTA","Bojan Bogdanovic, Donovan Mitchell, Mike Conley, Royce O'Neale, Rudy Gobert",29,"4",95,93,110,101,2567,2880,15,8,7,313
"22100026","SAC","Davion Mitchell, De'Aaron Fox, Harrison Barnes, Richaun Holmes, Tyrese Haliburton",30,"4",89,95,95,99,2522,2667,6,4,2,145
"22100026","SAC","Buddy Hield, Davion Mitchell, De'Aaron Fox, Harrison Barnes, Richaun Holmes",31,"4",95,99,95,101,2667,2688,0,2,-2,21
"22100026","SAC","Buddy Hield, Davion Mitchell, De'Aaron Fox, Harrison Barnes, Tyrese Haliburton",32,"4",95,101,101,110,2688,2880,6,9,-3,192
"22100027","ATL","Bogdan Bogdanovic, Clint Capela, De'Andre Hunter, John Collins, Trae Young",0,"1",0,0,6,6,0,292,6,6,0,292
"22100027","CLE","Collin Sexton, Evan Mobley, Jarrett Allen, Lauri Markkanen, Ricky Rubio",0,"1",0,0,6,6,0,292,6,6,0,292
"22100027","ATL","Clint Capela, De'Andre Hunter, John Collins, Kevin Huerter, Trae Young",1,"1",6,6,18,13,292,461,12,7,5,169
"22100027","CLE","Evan Mobley, Isaac Okoro, Jarrett Allen, Lauri Markkanen, Ricky Rubio",1,"1",6,6,6,6,292,311,0,0,0,19
"22100027","ATL","Clint Capela, John Collins, Kevin Huerter, Solomon Hill, Trae Young",2,"1",18,13,18,13,461,461,0,0,0,0
"22100027","CLE","Isaac Okoro, Jarrett Allen, Kevin Love, Lauri Markkanen, Ricky Rubio",2,"1",6,6,13,18,311,461,7,12,-5,150
"22100027","ATL","Cam Reddish, John Collins, Kevin Huerter, Solomon Hill, Trae Young",3,"1",18,13,20,16,461,550,2,3,-1,89
"22100027","CLE","Collin Sexton, Isaac Okoro, Jarrett Allen, Kevin Love, Lauri Markkanen",3,"1",13,18,13,18,461,461,0,0,0,0
"22100027","ATL","Cam Reddish, Gorgui Dieng, Kevin Huerter, Solomon Hill, Trae Young",4,"1",20,16,22,17,550,572,2,1,1,22
"22100027","CLE","Collin Sexton, Evan Mobley, Isaac Okoro, Jarrett Allen, Kevin Love",4,"1",13,18,13,18,461,461,0,0,0,0
"22100027","ATL","Cam Reddish, Delon Wright, Gorgui Dieng, Kevin Huerter, Solomon Hill",5,"1",22,17,27,24,572,720,5,7,-2,148
"22100027","ATL","Cam Reddish, Delon Wright, Gorgui Dieng, Kevin Huerter, Solomon Hill",5,"2",27,24,36,28,720,970,9,4,5,250
"22100027","CLE","Cedi Osman, Collin Sexton, Evan Mobley, Isaac Okoro, Kevin Love",5,"1",13,18,24,27,461,720,11,9,2,259
"22100027","ATL","Cam Reddish, Gorgui Dieng, Kevin Huerter, Solomon Hill, Trae Young",6,"2",36,28,36,28,970,970,0,0,0,0
"22100027","CLE","Cedi Osman, Collin Sexton, Evan Mobley, Isaac Okoro, Lauri Markkanen",6,"2",24,27,28,36,720,970,4,9,-5,250
"22100027","ATL","Cam Reddish, De'Andre Hunter, Gorgui Dieng, Solomon Hill, Trae Young",7,"2",36,28,36,28,970,970,0,0,0,0
"22100027","CLE","Cedi Osman, Evan Mobley, Isaac Okoro, Lauri Markkanen, Ricky Rubio",7,"2",28,36,28,36,970,970,0,0,0,0
"22100027","ATL","Bogdan Bogdanovic, Cam Reddish, De'Andre Hunter, Gorgui Dieng, Trae Young",8,"2",36,28,36,28,970,970,0,0,0,0
"22100027","CLE","Cedi Osman, Evan Mobley, Jarrett Allen, Lauri Markkanen, Ricky Rubio",8,"2",28,36,33,43,970,1141,5,7,-2,171
"22100027","ATL","Bogdan Bogdanovic, De'Andre Hunter, Gorgui Dieng, John Collins, Trae Young",9,"2",36,28,38,28,970,1061,2,0,2,91
"22100027","CLE","Cedi Osman, Isaac Okoro, Jarrett Allen, Lauri Markkanen, Ricky Rubio",9,"2",33,43,33,43,1141,1141,0,0,0,0
"22100027","ATL","Bogdan Bogdanovic, Clint Capela, De'Andre Hunter, John Collins, Trae Young",10,"2",38,28,49,38,1061,1257,11,10,1,196
"22100027","CLE","Isaac Okoro, Jarrett Allen, Kevin Love, Lauri Markkanen, Ricky Rubio",10,"2",33,43,38,49,1141,1257,5,6,-1,116
"22100027","ATL","Bogdan Bogdanovic, Cam Reddish, Clint Capela, De'Andre Hunter, Trae Young",11,"2",49,38,55,52,1257,1440,6,14,-8,183
"22100027","CLE","Collin Sexton, Isaac Okoro, Jarrett Allen, Kevin Love, Ricky Rubio",11,"2",38,49,52,55,1257,1440,14,6,8,183
"22100027","ATL","Bogdan Bogdanovic, Clint Capela, De'Andre Hunter, John Collins, Trae Young",12,"3",55,52,55,54,1440,1479,0,2,-2,39
"22100027","CLE","Collin Sexton, Evan Mobley, Jarrett Allen, Lauri Markkanen, Ricky Rubio",12,"3",52,55,67,58,1440,1673,15,3,12,233
"22100027","ATL","Bogdan Bogdanovic, Cam Reddish, Clint Capela, De'Andre Hunter, Trae Young",13,"3",55,54,62,69,1479,1804,7,15,-8,325
"22100027","CLE","Evan Mobley, Isaac Okoro, Jarrett Allen, Lauri Markkanen, Ricky Rubio",13,"3",67,58,67,62,1673,1727,0,4,-4,54
"22100027","ATL","Bogdan Bogdanovic, Cam Reddish, De'Andre Hunter, Gorgui Dieng, Trae Young",14,"3",62,69,62,70,1804,1804,0,1,-1,0
"22100027","CLE","Cedi Osman, Evan Mobley, Isaac Okoro, Jarrett Allen, Ricky Rubio",14,"3",67,62,67,62,1727,1727,0,0,0,0
"22100027","ATL","Bogdan Bogdanovic, De'Andre Hunter, Gorgui Dieng, Kevin Huerter, Trae Young",15,"3",62,70,64,75,1804,1895,2,5,-3,91
"22100027","CLE","Cedi Osman, Evan Mobley, Isaac Okoro, Kevin Love, Ricky Rubio",15,"3",67,62,77,64,1727,1905,10,2,8,178
"22100027","ATL","Bogdan Bogdanovic, Gorgui Dieng, Kevin Huerter, Solomon Hill, Trae Young",16,"3",64,75,69,79,1895,2001,5,4,1,106
"22100027","CLE","Cedi Osman, Collin Sexton, Evan Mobley, Isaac Okoro, Kevin Love",16,"3",77,64,79,69,1905,2001,2,5,-3,96
"22100027","ATL","Bogdan Bogdanovic, Delon Wright, Gorgui Dieng, Kevin Huerter, Solomon Hill",17,"3",69,79,69,79,2001,2001,0,0,0,0
"22100027","CLE","Cedi Osman, Collin Sexton, Isaac Okoro, Jarrett Allen, Kevin Love",17,"3",79,69,81,69,2001,2054,2,0,2,53
"22100027","ATL","Cam Reddish, Delon Wright, Gorgui Dieng, Kevin Huerter, Solomon Hill",18,"3",69,79,72,83,2001,2160,3,4,-1,159
"22100027","CLE","Cedi Osman, Isaac Okoro, Jarrett Allen, Kevin Love, Ricky Rubio",18,"3",81,69,83,72,2054,2146,2,3,-1,92
"22100027","ATL","Cam Reddish, Delon Wright, Gorgui Dieng, John Collins, Kevin Huerter",19,"4",72,83,80,85,2160,2356,8,2,6,196
"22100027","CLE","Cedi Osman, Collin Sexton, Isaac Okoro, Kevin Love, Ricky Rubio",19,"3",83,72,83,72,2146,2146,0,0,0,0
"22100027","ATL","Cam Reddish, Gorgui Dieng, John Collins, Kevin Huerter, Trae Young",20,"4",80,85,80,86,2356,2419,0,1,-1,63
"22100027","CLE","Cedi Osman, Collin Sexton, Kevin Love, Lauri Markkanen, Ricky Rubio",20,"3",83,72,83,72,2146,2160,0,0,0,14
"22100027","ATL","Cam Reddish, Clint Capela, Gorgui Dieng, John Collins, Trae Young",21,"4",80,86,80,86,2419,2419,0,0,0,0
"22100027","CLE","Collin Sexton, Evan Mobley, Jarrett Allen, Lauri Markkanen, Ricky Rubio",21,"4",83,72,85,80,2160,2313,2,8,-6,153
"22100027","ATL","Bogdan Bogdanovic, Cam Reddish, Clint Capela, John Collins, Trae Young",22,"4",80,86,80,89,2419,2465,0,3,-3,46
"22100027","CLE","Evan Mobley, Isaac Okoro, Jarrett Allen, Lauri Markkanen, Ricky Rubio",22,"4",85,80,86,80,2313,2419,1,0,1,106
"22100027","ATL","Bogdan Bogdanovic, Clint Capela, De'Andre Hunter, John Collins, Trae Young",23,"4",80,89,88,95,2465,2703,8,6,2,238
"22100027","CLE","Isaac Okoro, Jarrett Allen, Kevin Love, Lauri Markkanen, Ricky Rubio",23,"4",86,80,89,80,2419,2465,3,0,3,46
"22100027","ATL","Cam Reddish, Clint Capela, De'Andre Hunter, John Collins, Trae Young",24,"4",88,95,95,99,2703,2854,7,4,3,151
"22100027","CLE","Collin Sexton, Isaac Okoro, Jarrett Allen, Kevin Love, Lauri Markkanen",24,"4",89,80,89,80,2465,2465,0,0,0,0
"22100027","ATL","Bogdan Bogdanovic, Cam Reddish, De'Andre Hunter, John Collins, Trae Young",25,"4",95,99,95,101,2854,2880,0,2,-2,26
"22100027","CLE","Cedi Osman, Collin Sexton, Isaac Okoro, Jarrett Allen, Kevin Love",25,"4",89,80,89,86,2465,2582,0,6,-6,117
"22100027","CLE","Cedi Osman, Collin Sexton, Evan Mobley, Isaac Okoro, Kevin Love",26,"4",89,86,89,86,2582,2582,0,0,0,0
"22100027","CLE","Cedi Osman, Evan Mobley, Isaac Okoro, Kevin Love, Lauri Markkanen",27,"4",89,86,89,86,2582,2582,0,0,0,0
"22100027","CLE","Evan Mobley, Isaac Okoro, Kevin Love, Lauri Markkanen, Ricky Rubio",28,"4",89,86,95,88,2582,2703,6,2,4,121
"22100027","CLE","Evan Mobley, Isaac Okoro, Jarrett Allen, Lauri Markkanen, Ricky Rubio",29,"4",95,88,101,95,2703,2880,6,7,-1,177
"22100028","IND","Chris Duarte, Domantas Sabonis, Justin Holiday, Malcolm Brogdon, Myles Turner",0,"1",0,0,9,8,0,248,9,8,1,248
"22100028","MIA","Bam Adebayo, Duncan Robinson, Gabe Vincent, Jimmy Butler, P.J. Tucker",0,"1",0,0,15,11,0,426,15,11,4,426
"22100028","IND","Chris Duarte, Justin Holiday, Malcolm Brogdon, Myles Turner, Torrey Craig",1,"1",9,8,11,15,248,426,2,7,-5,178
"22100028","MIA","Bam Adebayo, Duncan Robinson, Gabe Vincent, P.J. Tucker, Tyler Herro",1,"1",15,11,15,13,426,497,0,2,-2,71
"22100028","IND","Chris Duarte, Domantas Sabonis, Justin Holiday, Malcolm Brogdon, Torrey Craig",2,"1",11,15,13,15,426,460,2,0,2,34
"22100028","MIA","Dewayne Dedmon, Duncan Robinson, Gabe Vincent, P.J. Tucker, Tyler Herro",2,"1",15,13,15,15,497,525,0,2,-2,28
"22100028","IND","Domantas Sabonis, Justin Holiday, Malcolm Brogdon, T.J. McConnell, Torrey Craig",3,"1",13,15,13,15,460,460,0,0,0,0
"22100028","MIA","Dewayne Dedmon, Duncan Robinson, Gabe Vincent, Markieff Morris, Tyler Herro",3,"1",15,15,15,15,525,525,0,0,0,0
"22100028","IND","Domantas Sabonis, Jeremy Lamb, Malcolm Brogdon, T.J. McConnell, Torrey Craig",4,"1",13,15,28,24,460,720,15,9,6,260
"22100028","MIA","Dewayne Dedmon, Gabe Vincent, Markieff Morris, Max Strus, Tyler Herro",4,"1",15,15,24,28,525,720,9,13,-4,195
"22100028","IND","Chris Duarte, Domantas Sabonis, Jeremy Lamb, Oshae Brissett, T.J. McConnell",5,"2",28,24,39,32,720,871,11,8,3,151
"22100028","MIA","Dewayne Dedmon, Jimmy Butler, Markieff Morris, Max Strus, Tyler Herro",5,"2",24,28,32,39,720,889,8,11,-3,169
"22100028","IND","Chris Duarte, Jeremy Lamb, Myles Turner, Oshae Brissett, T.J. McConnell",6,"2",39,32,41,33,871,950,2,1,1,79
"22100028","MIA","Bam Adebayo, Jimmy Butler, Markieff Morris, Max Strus, Tyler Herro",6,"2",32,39,33,41,889,950,1,2,-1,61
"22100028","IND","Chris Duarte, Justin Holiday, Myles Turner, Oshae Brissett, T.J. McConnell",7,"2",41,33,47,37,950,1089,6,4,2,139
"22100028","MIA","Bam Adebayo, Duncan Robinson, Jimmy Butler, Markieff Morris, Tyler Herro",7,"2",33,41,35,44,950,1014,2,3,-1,64
"22100028","IND","Justin Holiday, Malcolm Brogdon, Myles Turner, Oshae Brissett, T.J. McConnell",8,"2",47,37,47,39,1089,1111,0,2,-2,22
"22100028","MIA","Bam Adebayo, Duncan Robinson, Jimmy Butler, P.J. Tucker, Tyler Herro",8,"2",35,44,39,49,1014,1187,4,5,-1,173
"22100028","IND","Jeremy Lamb, Justin Holiday, Malcolm Brogdon, Myles Turner, Oshae Brissett",9,"2",47,39,47,39,1111,1111,0,0,0,0
"22100028","MIA","Bam Adebayo, Duncan Robinson, Gabe Vincent, P.J. Tucker, Tyler Herro",9,"2",39,49,43,53,1187,1335,4,4,0,148
"22100028","IND","Domantas Sabonis, Jeremy Lamb, Justin Holiday, Malcolm Brogdon, Oshae Brissett",10,"2",47,39,49,41,1111,1217,2,2,0,106
"22100028","MIA","Bam Adebayo, Duncan Robinson, Jimmy Butler, P.J. Tucker, Tyler Herro",10,"2",43,53,46,55,1335,1405,3,2,1,70
"22100028","IND","Chris Duarte, Domantas Sabonis, Jeremy Lamb, Justin Holiday, Malcolm Brogdon",11,"2",49,41,49,41,1217,1217,0,0,0,0
"22100028","MIA","Duncan Robinson, Jimmy Butler, Max Strus, P.J. Tucker, Tyler Herro",11,"2",46,55,46,55,1405,1405,0,0,0,0
"22100028","IND","Chris Duarte, Domantas Sabonis, Justin Holiday, Malcolm Brogdon, Myles Turner",12,"2",49,41,53,43,1217,1355,4,2,2,138
"22100028","MIA","Dewayne Dedmon, Duncan Robinson, Jimmy Butler, Max Strus, Tyler Herro",12,"2",46,55,46,56,1405,1440,0,1,-1,35
"22100028","IND","Chris Duarte, Domantas Sabonis, Justin Holiday, Malcolm Brogdon, Oshae Brissett",13,"2",53,43,55,46,1355,1405,2,3,-1,50
"22100028","MIA","Bam Adebayo, Duncan Robinson, Gabe Vincent, Jimmy Butler, P.J. Tucker",13,"3",46,56,52,62,1440,1724,6,6,0,284
"22100028","IND","Chris Duarte, Isaiah Jackson, Justin Holiday, Malcolm Brogdon, Oshae Brissett",14,"2",55,46,56,46,1405,1440,1,0,1,35
"22100028","MIA","Bam Adebayo, Duncan Robinson, Jimmy Butler, P.J. Tucker, Tyler Herro",14,"3",52,62,56,62,1724,1855,4,0,4,131
"22100028","IND","Chris Duarte, Domantas Sabonis, Justin Holiday, Malcolm Brogdon, Myles Turner",15,"3",56,46,56,46,1440,1477,0,0,0,37
"22100028","MIA","Dewayne Dedmon, Duncan Robinson, Jimmy Butler, P.J. Tucker, Tyler Herro",15,"3",56,62,58,62,1855,2030,2,0,2,175
"22100028","IND","Chris Duarte, Domantas Sabonis, Justin Holiday, Malcolm Brogdon, Oshae Brissett",16,"3",56,46,62,56,1477,1855,6,10,-4,378
"22100028","MIA","Dewayne Dedmon, Jimmy Butler, Max Strus, P.J. Tucker, Tyler Herro",16,"3",58,62,58,62,2030,2052,0,0,0,22
"22100028","IND","Domantas Sabonis, Justin Holiday, Malcolm Brogdon, Oshae Brissett, T.J. McConnell",17,"3",62,56,62,56,1855,1855,0,0,0,0
"22100028","MIA","Dewayne Dedmon, Jimmy Butler, Markieff Morris, Max Strus, Tyler Herro",17,"3",58,62,63,64,2052,2123,5,2,3,71
"22100028","IND","Domantas Sabonis, Jeremy Lamb, Malcolm Brogdon, Oshae Brissett, T.J. McConnell",18,"3",62,56,62,58,1855,1985,0,2,-2,130
"22100028","MIA","Bam Adebayo, Jimmy Butler, Markieff Morris, Max Strus, Tyler Herro",18,"3",63,64,63,64,2123,2123,0,0,0,0
"22100028","IND","Chris Duarte, Domantas Sabonis, Jeremy Lamb, Oshae Brissett, T.J. McConnell",19,"3",62,58,64,63,1985,2123,2,5,-3,138
"22100028","MIA","Bam Adebayo, Gabe Vincent, Markieff Morris, Max Strus, Tyler Herro",19,"3",63,64,63,64,2123,2160,0,0,0,37
"22100028","MIA","Bam Adebayo, Gabe Vincent, Markieff Morris, Max Strus, Tyler Herro",19,"4",63,64,74,73,2160,2444,11,9,2,284
"22100028","IND","Chris Duarte, Jeremy Lamb, Oshae Brissett, T.J. McConnell, Torrey Craig",20,"3",64,63,64,63,2123,2123,0,0,0,0
"22100028","MIA","Bam Adebayo, Jimmy Butler, Markieff Morris, Max Strus, Tyler Herro",20,"4",74,73,74,73,2444,2444,0,0,0,0
"22100028","IND","Chris Duarte, Isaiah Jackson, Jeremy Lamb, T.J. McConnell, Torrey Craig",21,"3",64,63,64,63,2123,2160,0,0,0,37
"22100028","MIA","Dewayne Dedmon, Jimmy Butler, Markieff Morris, Max Strus, Tyler Herro",21,"4",74,73,78,76,2444,2568,4,3,1,124
"22100028","IND","Jeremy Lamb, Malcolm Brogdon, Myles Turner, T.J. McConnell, Torrey Craig",22,"4",64,63,66,69,2160,2278,2,6,-4,118
"22100028","MIA","Bam Adebayo, Dewayne Dedmon, Jimmy Butler, Max Strus, Tyler Herro",22,"4",78,76,78,76,2568,2568,0,0,0,0
"22100028","IND","Domantas Sabonis, Jeremy Lamb, Malcolm Brogdon, T.J. McConnell, Torrey Craig",23,"4",66,69,66,71,2278,2323,0,2,-2,45
"22100028","MIA","Bam Adebayo, Jimmy Butler, Max Strus, P.J. Tucker, Tyler Herro",23,"4",78,76,78,76,2568,2568,0,0,0,0
"22100028","IND","Chris Duarte, Domantas Sabonis, Jeremy Lamb, Malcolm Brogdon, T.J. McConnell",24,"4",66,71,66,71,2323,2323,0,0,0,0
"22100028","MIA","Bam Adebayo, Duncan Robinson, Jimmy Butler, P.J. Tucker, Tyler Herro",24,"4",78,76,86,86,2568,2880,8,10,-2,312
"22100028","MIA","Bam Adebayo, Duncan Robinson, Jimmy Butler, P.J. Tucker, Tyler Herro",24,"5",86,86,91,102,2880,3180,5,16,-11,300
"22100028","IND","Chris Duarte, Domantas Sabonis, Justin Holiday, Malcolm Brogdon, T.J. McConnell",25,"4",66,71,73,76,2323,2498,7,5,2,175
"22100028","IND","Chris Duarte, Domantas Sabonis, Justin Holiday, Oshae Brissett, T.J. McConnell",26,"4",73,76,79,80,2498,2640,6,4,2,142
"22100028","IND","Chris Duarte, Domantas Sabonis, Justin Holiday, Malcolm Brogdon, Oshae Brissett",27,"4",79,80,86,86,2640,2864,7,6,1,224
"22100028","IND","Chris Duarte, Domantas Sabonis, Justin Holiday, Malcolm Brogdon, Myles Turner",28,"4",86,86,86,86,2864,2877,0,0,0,13
"22100028","IND","Chris Duarte, Domantas Sabonis, Justin Holiday, Malcolm Brogdon, Oshae Brissett",29,"4",86,86,86,86,2877,2880,0,0,0,3
"22100028","IND","Chris Duarte, Domantas Sabonis, Justin Holiday, Malcolm Brogdon, Oshae Brissett",29,"5",86,86,100,91,2880,3128,14,5,9,248
"22100028","IND","Domantas Sabonis, Justin Holiday, Malcolm Brogdon, Oshae Brissett, Torrey Craig",30,"5",100,91,100,91,3128,3139,0,0,0,11
"22100028","IND","Chris Duarte, Domantas Sabonis, Justin Holiday, Malcolm Brogdon, Oshae Brissett",31,"5",100,91,102,91,3139,3162,2,0,2,23
"22100028","IND","Chris Duarte, Domantas Sabonis, Isaiah Jackson, Justin Holiday, Oshae Brissett",32,"5",102,91,102,91,3162,3162,0,0,0,0
"22100028","IND","Chris Duarte, Isaiah Jackson, Justin Holiday, Oshae Brissett, T.J. McConnell",33,"5",102,91,102,91,3162,3180,0,0,0,18
"22100029","DAL","Dorian Finney-Smith, Dwight Powell, Kristaps Porzingis, Luka Doncic, Tim Hardaway Jr.",0,"1",0,0,5,16,0,375,5,16,-11,375
"22100029","TOR","Fred VanVleet, Gary Trent Jr., OG Anunoby, Precious Achiuwa, Scottie Barnes",0,"1",0,0,19,7,0,435,19,7,12,435
"22100029","DAL","Dorian Finney-Smith, Dwight Powell, Luka Doncic, Tim Hardaway Jr., Willie Cauley-Stein",1,"1",5,16,5,16,375,375,0,0,0,0
"22100029","TOR","Fred VanVleet, Gary Trent Jr., Khem Birch, OG Anunoby, Precious Achiuwa",1,"1",19,7,19,7,435,435,0,0,0,0
"22100029","DAL","Dorian Finney-Smith, Jalen Brunson, Luka Doncic, Tim Hardaway Jr., Willie Cauley-Stein",2,"1",5,16,13,22,375,537,8,6,2,162
"22100029","TOR","Fred VanVleet, Gary Trent Jr., Goran Dragic, Khem Birch, OG Anunoby",2,"1",19,7,19,7,435,435,0,0,0,0
"22100029","DAL","Jalen Brunson, Luka Doncic, Sterling Brown, Tim Hardaway Jr., Willie Cauley-Stein",3,"1",13,22,13,22,537,537,0,0,0,0
"22100029","TOR","Fred VanVleet, Goran Dragic, Khem Birch, OG Anunoby, Svi Mykhailiuk",3,"1",19,7,19,9,435,479,0,2,-2,44
"22100029","DAL","Jalen Brunson, Luka Doncic, Maxi Kleber, Sterling Brown, Willie Cauley-Stein",4,"1",13,22,13,22,537,537,0,0,0,0
"22100029","TOR","Gary Trent Jr., Goran Dragic, Khem Birch, OG Anunoby, Svi Mykhailiuk",4,"1",19,9,22,13,479,584,3,4,-1,105
"22100029","DAL","Jalen Brunson, Maxi Kleber, Reggie Bullock, Sterling Brown, Willie Cauley-Stein",5,"1",13,22,13,22,537,584,0,0,0,47
"22100029","TOR","Gary Trent Jr., Goran Dragic, Khem Birch, Scottie Barnes, Svi Mykhailiuk",5,"1",22,13,22,13,584,584,0,0,0,0
"22100029","DAL","Jalen Brunson, Kristaps Porzingis, Maxi Kleber, Reggie Bullock, Sterling Brown",6,"1",13,22,18,25,584,720,5,3,2,136
"22100029","DAL","Jalen Brunson, Kristaps Porzingis, Maxi Kleber, Reggie Bullock, Sterling Brown",6,"2",18,25,21,28,720,879,3,3,0,159
"22100029","TOR","Chris Boucher, Goran Dragic, Khem Birch, Scottie Barnes, Svi Mykhailiuk",6,"1",22,13,25,18,584,720,3,5,-2,136
"22100029","DAL","Jalen Brunson, Kristaps Porzingis, Maxi Kleber, Reggie Bullock, Tim Hardaway Jr.",7,"2",21,28,21,28,879,905,0,0,0,26
"22100029","TOR","Chris Boucher, Fred VanVleet, Goran Dragic, OG Anunoby, Precious Achiuwa",7,"2",25,18,28,21,720,879,3,3,0,159
"22100029","DAL","Kristaps Porzingis, Luka Doncic, Maxi Kleber, Reggie Bullock, Tim Hardaway Jr.",8,"2",21,28,24,31,905,974,3,3,0,69
"22100029","TOR","Chris Boucher, Fred VanVleet, Gary Trent Jr., OG Anunoby, Precious Achiuwa",8,"2",28,21,28,21,879,879,0,0,0,0
"22100029","DAL","Dwight Powell, Luka Doncic, Maxi Kleber, Reggie Bullock, Tim Hardaway Jr.",9,"2",24,31,26,36,974,1027,2,5,-3,53
"22100029","TOR","Chris Boucher, Fred VanVleet, Gary Trent Jr., Precious Achiuwa, Scottie Barnes",9,"2",28,21,31,24,879,974,3,3,0,95
"22100029","DAL","Dorian Finney-Smith, Dwight Powell, Luka Doncic, Maxi Kleber, Tim Hardaway Jr.",10,"2",26,36,35,43,1027,1193,9,7,2,166
"22100029","TOR","Fred VanVleet, Gary Trent Jr., OG Anunoby, Precious Achiuwa, Scottie Barnes",10,"2",31,24,36,28,974,1048,5,4,1,74
"22100029","DAL","Dorian Finney-Smith, Dwight Powell, Jalen Brunson, Luka Doncic, Tim Hardaway Jr.",11,"2",35,43,43,47,1193,1292,8,4,4,99
"22100029","TOR","Fred VanVleet, Gary Trent Jr., OG Anunoby, Precious Achiuwa, Svi Mykhailiuk",11,"2",36,28,39,30,1048,1105,3,2,1,57
"22100029","DAL","Dorian Finney-Smith, Jalen Brunson, Kristaps Porzingis, Luka Doncic, Tim Hardaway Jr.",12,"2",43,47,45,51,1292,1440,2,4,-2,148
"22100029","TOR","Gary Trent Jr., Goran Dragic, OG Anunoby, Precious Achiuwa, Svi Mykhailiuk",12,"2",39,30,41,31,1105,1141,2,1,1,36
"22100029","DAL","Dorian Finney-Smith, Dwight Powell, Kristaps Porzingis, Luka Doncic, Tim Hardaway Jr.",13,"3",45,51,64,62,1440,1839,19,11,8,399
"22100029","TOR","Chris Boucher, Gary Trent Jr., Goran Dragic, Precious Achiuwa, Svi Mykhailiuk",13,"2",41,31,43,35,1141,1181,2,4,-2,40
"22100029","DAL","Dorian Finney-Smith, Dwight Powell, Jalen Brunson, Luka Doncic, Tim Hardaway Jr.",14,"3",64,62,64,62,1839,1839,0,0,0,0
"22100029","TOR","Chris Boucher, Gary Trent Jr., Goran Dragic, Khem Birch, Svi Mykhailiuk",14,"2",43,35,43,39,1181,1232,0,4,-4,51
"22100029","DAL","Dorian Finney-Smith, Jalen Brunson, Luka Doncic, Maxi Kleber, Tim Hardaway Jr.",15,"3",64,62,72,64,1839,1924,8,2,6,85
"22100029","TOR","Chris Boucher, Gary Trent Jr., Isaac Bonga, Khem Birch, Svi Mykhailiuk",15,"2",43,39,43,39,1232,1232,0,0,0,0
"22100029","DAL","Jalen Brunson, Luka Doncic, Maxi Kleber, Reggie Bullock, Tim Hardaway Jr.",16,"3",72,64,72,67,1924,1955,0,3,-3,31
"22100029","TOR","Fred VanVleet, Gary Trent Jr., Isaac Bonga, Khem Birch, Svi Mykhailiuk",16,"2",43,39,51,45,1232,1440,8,6,2,208
"22100029","DAL","Jalen Brunson, Luka Doncic, Maxi Kleber, Reggie Bullock, Sterling Brown",17,"3",72,67,74,69,1955,2055,2,2,0,100
"22100029","TOR","Fred VanVleet, Gary Trent Jr., OG Anunoby, Precious Achiuwa, Scottie Barnes",17,"3",51,45,62,62,1440,1794,11,17,-6,354
"22100029","DAL","Jalen Brunson, Kristaps Porzingis, Luka Doncic, Reggie Bullock, Sterling Brown",18,"3",74,69,74,72,2055,2160,0,3,-3,105
"22100029","TOR","Fred VanVleet, Gary Trent Jr., Khem Birch, OG Anunoby, Precious Achiuwa",18,"3",62,62,62,62,1794,1794,0,0,0,0
"22100029","DAL","Dorian Finney-Smith, Jalen Brunson, Kristaps Porzingis, Reggie Bullock, Tim Hardaway Jr.",19,"4",74,72,82,75,2160,2339,8,3,5,179
"22100029","TOR","Fred VanVleet, Gary Trent Jr., Khem Birch, OG Anunoby, Svi Mykhailiuk",19,"3",62,62,62,64,1794,1839,0,2,-2,45
"22100029","DAL","Dorian Finney-Smith, Jalen Brunson, Luka Doncic, Reggie Bullock, Tim Hardaway Jr.",20,"4",82,75,82,75,2339,2339,0,0,0,0
"22100029","TOR","Dalano Banton, Fred VanVleet, Khem Birch, OG Anunoby, Svi Mykhailiuk",20,"3",62,64,67,74,1839,2020,5,10,-5,181
"22100029","DAL","Dorian Finney-Smith, Dwight Powell, Luka Doncic, Reggie Bullock, Tim Hardaway Jr.",21,"4",82,75,84,76,2339,2457,2,1,1,118
"22100029","TOR","Dalano Banton, Fred VanVleet, Khem Birch, Scottie Barnes, Svi Mykhailiuk",21,"3",67,74,70,74,2020,2129,3,0,3,109
"22100029","DAL","Dorian Finney-Smith, Dwight Powell, Luka Doncic, Maxi Kleber, Tim Hardaway Jr.",22,"4",84,76,94,84,2457,2724,10,8,2,267
"22100029","TOR","Dalano Banton, Fred VanVleet, Khem Birch, Precious Achiuwa, Svi Mykhailiuk",22,"3",70,74,72,74,2129,2160,2,0,2,31
"22100029","DAL","Dorian Finney-Smith, Kristaps Porzingis, Luka Doncic, Maxi Kleber, Tim Hardaway Jr.",23,"4",94,84,99,87,2724,2795,5,3,2,71
"22100029","TOR","Dalano Banton, Goran Dragic, Khem Birch, Precious Achiuwa, Svi Mykhailiuk",23,"4",72,74,72,76,2160,2240,0,2,-2,80
"22100029","DAL","Dorian Finney-Smith, Jalen Brunson, Kristaps Porzingis, Luka Doncic, Tim Hardaway Jr.",24,"4",99,87,103,95,2795,2880,4,8,-4,85
"22100029","TOR","Dalano Banton, Gary Trent Jr., Goran Dragic, Khem Birch, Precious Achiuwa",24,"4",72,76,75,82,2240,2309,3,6,-3,69
"22100029","TOR","Dalano Banton, Gary Trent Jr., Goran Dragic, Precious Achiuwa, Scottie Barnes",25,"4",75,82,75,82,2309,2339,0,0,0,30
"22100029","TOR","Fred VanVleet, Gary Trent Jr., Goran Dragic, Precious Achiuwa, Scottie Barnes",26,"4",75,82,76,84,2339,2457,1,2,-1,118
"22100029","TOR","Fred VanVleet, Gary Trent Jr., OG Anunoby, Precious Achiuwa, Scottie Barnes",27,"4",76,84,95,103,2457,2880,19,19,0,423
"22100030","CHI","DeMar DeRozan, Lonzo Ball, Nikola Vucevic, Patrick Williams, Zach LaVine",0,"1",0,0,14,15,0,361,14,15,-1,361
"22100030","DET","Frank Jackson, Isaiah Stewart, Jerami Grant, Killian Hayes, Saddiq Bey",0,"1",0,0,15,14,0,361,15,14,1,361
"22100030","CHI","DeMar DeRozan, Javonte Green, Lonzo Ball, Nikola Vucevic, Zach LaVine",1,"1",14,15,14,15,361,373,0,0,0,12
"22100030","DET","Frank Jackson, Isaiah Stewart, Jerami Grant, Kelly Olynyk, Saddiq Bey",1,"1",15,14,15,14,361,361,0,0,0,0
"22100030","CHI","Javonte Green, Lonzo Ball, Nikola Vucevic, Troy Brown Jr., Zach LaVine",2,"1",14,15,21,21,373,544,7,6,1,171
"22100030","DET","Cory Joseph, Frank Jackson, Jerami Grant, Kelly Olynyk, Saddiq Bey",2,"1",15,14,15,14,361,402,0,0,0,41
"22100030","CHI","DeMar DeRozan, Javonte Green, Nikola Vucevic, Troy Brown Jr., Zach LaVine",3,"1",21,21,21,21,544,544,0,0,0,0
"22100030","DET","Cory Joseph, Jerami Grant, Josh Jackson, Kelly Olynyk, Saddiq Bey",3,"1",15,14,21,21,402,544,6,7,-1,142
"22100030","CHI","Alize Johnson, DeMar DeRozan, Javonte Green, Nikola Vucevic, Troy Brown Jr.",4,"1",21,21,21,21,544,544,0,0,0,0
"22100030","DET","Cory Joseph, Josh Jackson, Kelly Olynyk, Saddiq Bey, Trey Lyles",4,"1",21,21,23,22,544,595,2,1,1,51
"22100030","CHI","Alex Caruso, Alize Johnson, DeMar DeRozan, Javonte Green, Troy Brown Jr.",5,"1",21,21,31,28,544,714,10,7,3,170
"22100030","DET","Cory Joseph, Hamidou Diallo, Josh Jackson, Kelly Olynyk, Trey Lyles",5,"1",23,22,28,31,595,714,5,9,-4,119
"22100030","CHI","Alex Caruso, DeMar DeRozan, Javonte Green, Patrick Williams, Troy Brown Jr.",6,"1",31,28,31,28,714,720,0,0,0,6
"22100030","DET","Cory Joseph, Frank Jackson, Hamidou Diallo, Josh Jackson, Trey Lyles",6,"1",28,31,28,31,714,720,0,0,0,6
"22100030","CHI","Alex Caruso, Alize Johnson, DeMar DeRozan, Lonzo Ball, Patrick Williams",7,"2",31,28,33,31,720,796,2,3,-1,76
"22100030","DET","Cory Joseph, Hamidou Diallo, Josh Jackson, Kelly Olynyk, Trey Lyles",7,"2",28,31,33,36,720,869,5,5,0,149
"22100030","CHI","Alex Caruso, DeMar DeRozan, Lonzo Ball, Patrick Williams, Troy Brown Jr.",8,"2",33,31,38,35,796,922,5,4,1,126
"22100030","DET","Hamidou Diallo, Josh Jackson, Kelly Olynyk, Killian Hayes, Trey Lyles",8,"2",33,36,35,38,869,922,2,2,0,53
"22100030","CHI","DeMar DeRozan, Lonzo Ball, Patrick Williams, Troy Brown Jr., Zach LaVine",9,"2",38,35,38,35,922,922,0,0,0,0
"22100030","DET","Hamidou Diallo, Jerami Grant, Kelly Olynyk, Killian Hayes, Trey Lyles",9,"2",35,38,35,40,922,953,0,2,-2,31
"22100030","CHI","Lonzo Ball, Nikola Vucevic, Patrick Williams, Troy Brown Jr., Zach LaVine",10,"2",38,35,40,35,922,1020,2,0,2,98
"22100030","DET","Hamidou Diallo, Isaiah Stewart, Jerami Grant, Killian Hayes, Trey Lyles",10,"2",35,40,35,40,953,1004,0,0,0,51
"22100030","CHI","Alex Caruso, Nikola Vucevic, Patrick Williams, Troy Brown Jr., Zach LaVine",11,"2",40,35,40,35,1020,1020,0,0,0,0
"22100030","DET","Isaiah Stewart, Jerami Grant, Killian Hayes, Saddiq Bey, Trey Lyles",11,"2",35,40,36,40,1004,1024,1,0,1,20
"22100030","CHI","Alex Caruso, Ayo Dosunmu, Nikola Vucevic, Patrick Williams, Zach LaVine",12,"2",40,35,46,41,1020,1145,6,6,0,125
"22100030","DET","Frank Jackson, Isaiah Stewart, Jerami Grant, Killian Hayes, Saddiq Bey",12,"2",36,40,41,46,1024,1145,5,6,-1,121
"22100030","CHI","Alex Caruso, Ayo Dosunmu, Lonzo Ball, Nikola Vucevic, Zach LaVine",13,"2",46,41,49,41,1145,1195,3,0,3,50
"22100030","DET","Cory Joseph, Frank Jackson, Isaiah Stewart, Jerami Grant, Saddiq Bey",13,"2",41,46,41,51,1145,1304,0,5,-5,159
"22100030","CHI","Alex Caruso, DeMar DeRozan, Lonzo Ball, Nikola Vucevic, Zach LaVine",14,"2",49,41,54,43,1195,1382,5,2,3,187
"22100030","DET","Frank Jackson, Isaiah Stewart, Jerami Grant, Killian Hayes, Saddiq Bey",14,"2",41,51,43,53,1304,1341,2,2,0,37
"22100030","CHI","Alex Caruso, DeMar DeRozan, Nikola Vucevic, Patrick Williams, Zach LaVine",15,"2",54,43,54,43,1382,1440,0,0,0,58
"22100030","DET","Frank Jackson, Isaiah Stewart, Kelly Olynyk, Killian Hayes, Saddiq Bey",15,"2",43,53,43,54,1341,1440,0,1,-1,99
"22100030","CHI","DeMar DeRozan, Lonzo Ball, Nikola Vucevic, Patrick Williams, Zach LaVine",16,"3",54,43,67,47,1440,1834,13,4,9,394
"22100030","DET","Frank Jackson, Isaiah Stewart, Jerami Grant, Killian Hayes, Saddiq Bey",16,"3",43,54,47,67,1440,1834,4,13,-9,394
"22100030","CHI","Ayo Dosunmu, Lonzo Ball, Nikola Vucevic, Patrick Williams, Zach LaVine",17,"3",67,47,67,47,1834,1834,0,0,0,0
"22100030","DET","Isaiah Stewart, Jerami Grant, Josh Jackson, Killian Hayes, Saddiq Bey",17,"3",47,67,47,67,1834,1834,0,0,0,0
"22100030","CHI","Ayo Dosunmu, Javonte Green, Lonzo Ball, Nikola Vucevic, Zach LaVine",18,"3",67,47,71,49,1834,1989,4,2,2,155
"22100030","DET","Isaiah Stewart, Jerami Grant, Josh Jackson, Kelly Olynyk, Saddiq Bey",18,"3",47,67,47,67,1834,1834,0,0,0,0
"22100030","CHI","Ayo Dosunmu, DeMar DeRozan, Javonte Green, Nikola Vucevic, Zach LaVine",19,"3",71,49,71,49,1989,1989,0,0,0,0
"22100030","DET","Jerami Grant, Josh Jackson, Kelly Olynyk, Saben Lee, Saddiq Bey",19,"3",47,67,49,71,1834,1989,2,4,-2,155
"22100030","CHI","Alex Caruso, Ayo Dosunmu, DeMar DeRozan, Javonte Green, Nikola Vucevic",20,"3",71,49,71,49,1989,1989,0,0,0,0
"22100030","DET","Josh Jackson, Kelly Olynyk, Saben Lee, Saddiq Bey, Trey Lyles",20,"3",49,71,49,71,1989,2002,0,0,0,13
"22100030","CHI","Alex Caruso, Ayo Dosunmu, DeMar DeRozan, Javonte Green, Patrick Williams",21,"3",71,49,79,54,1989,2160,8,5,3,171
"22100030","DET","Hamidou Diallo, Josh Jackson, Kelly Olynyk, Saben Lee, Trey Lyles",21,"3",49,71,54,79,2002,2160,5,8,-3,158
"22100030","DET","Hamidou Diallo, Josh Jackson, Kelly Olynyk, Saben Lee, Trey Lyles",21,"4",54,79,58,85,2160,2292,4,6,-2,132
"22100030","CHI","Alex Caruso, DeMar DeRozan, Javonte Green, Lonzo Ball, Patrick Williams",22,"4",79,54,89,64,2160,2420,10,10,0,260
"22100030","DET","Hamidou Diallo, Josh Jackson, Luka Garza, Saben Lee, Trey Lyles",22,"4",58,85,58,85,2292,2292,0,0,0,0
"22100030","CHI","Alex Caruso, Javonte Green, Lonzo Ball, Nikola Vucevic, Patrick Williams",23,"4",89,64,89,64,2420,2420,0,0,0,0
"22100030","DET","Cory Joseph, Hamidou Diallo, Luka Garza, Saben Lee, Trey Lyles",23,"4",58,85,64,89,2292,2420,6,4,2,128
"22100030","CHI","Alex Caruso, Javonte Green, Lonzo Ball, Nikola Vucevic, Zach LaVine",24,"4",89,64,89,67,2420,2485,0,3,-3,65
"22100030","DET","Cory Joseph, Luka Garza, Saben Lee, Saddiq Bey, Trey Lyles",24,"4",64,89,64,89,2420,2420,0,0,0,0
"22100030","CHI","Alex Caruso, Lonzo Ball, Nikola Vucevic, Patrick Williams, Zach LaVine",25,"4",89,67,89,67,2485,2485,0,0,0,0
"22100030","DET","Cory Joseph, Jerami Grant, Luka Garza, Saddiq Bey, Trey Lyles",25,"4",64,89,78,95,2420,2666,14,6,8,246
"22100030","CHI","Ayo Dosunmu, Lonzo Ball, Nikola Vucevic, Patrick Williams, Zach LaVine",26,"4",89,67,91,76,2485,2583,2,9,-7,98
"22100030","DET","Cory Joseph, Isaiah Stewart, Jerami Grant, Luka Garza, Saddiq Bey",26,"4",78,95,78,95,2666,2666,0,0,0,0
"22100030","CHI","Ayo Dosunmu, DeMar DeRozan, Lonzo Ball, Nikola Vucevic, Zach LaVine",27,"4",91,76,91,76,2583,2583,0,0,0,0
"22100030","DET","Cory Joseph, Isaiah Stewart, Jerami Grant, Rodney McGruder, Saddiq Bey",27,"4",78,95,78,95,2666,2795,0,0,0,129
"22100030","CHI","Alex Caruso, DeMar DeRozan, Lonzo Ball, Nikola Vucevic, Zach LaVine",28,"4",91,76,95,78,2583,2795,4,2,2,212
"22100030","DET","Cory Joseph, Isaiah Stewart, Jamorko Pickett, Rodney McGruder, Saddiq Bey",28,"4",78,95,82,97,2795,2880,4,2,2,85
"22100030","CHI","Alex Caruso, Alize Johnson, DeMar DeRozan, Nikola Vucevic, Zach LaVine",29,"4",95,78,95,78,2795,2795,0,0,0,0
"22100030","CHI","Alex Caruso, Alize Johnson, Ayo Dosunmu, DeMar DeRozan, Nikola Vucevic",30,"4",95,78,95,78,2795,2795,0,0,0,0
"22100030","CHI","Alex Caruso, Alize Johnson, Ayo Dosunmu, DeMar DeRozan, Troy Brown Jr.",31,"4",95,78,95,78,2795,2795,0,0,0,0
"22100030","CHI","Alex Caruso, Alize Johnson, Ayo Dosunmu, Javonte Green, Troy Brown Jr.",32,"4",95,78,97,82,2795,2880,2,4,-2,85
"22100031","MIN","Anthony Edwards, D'Angelo Russell, Jaden McDaniels, Josh Okogie, Karl-Anthony Towns",0,"1",0,0,15,12,0,424,15,12,3,424
"22100031","NOP","Brandon Ingram, Devonte' Graham, Herbert Jones, Jonas Valanciunas, Nickeil Alexander-Walker",0,"1",0,0,12,10,0,336,12,10,2,336
"22100031","MIN","Anthony Edwards, Jaden McDaniels, Josh Okogie, Karl-Anthony Towns, Patrick Beverley",1,"1",15,12,15,12,424,435,0,0,0,11
"22100031","NOP","Brandon Ingram, Devonte' Graham, Jonas Valanciunas, Naji Marshall, Nickeil Alexander-Walker",1,"1",12,10,12,15,336,424,0,5,-5,88
"22100031","MIN","Anthony Edwards, Jaden McDaniels, Karl-Anthony Towns, Malik Beasley, Patrick Beverley",2,"1",15,12,18,16,435,473,3,4,-1,38
"22100031","NOP","Devonte' Graham, Jonas Valanciunas, Naji Marshall, Nickeil Alexander-Walker, Trey Murphy III",2,"1",12,15,19,28,424,583,7,13,-6,159
"22100031","MIN","Anthony Edwards, Karl-Anthony Towns, Malik Beasley, Patrick Beverley, Taurean Prince",3,"1",18,16,28,19,473,583,10,3,7,110
"22100031","NOP","Jonas Valanciunas, Kira Lewis Jr., Naji Marshall, Nickeil Alexander-Walker, Trey Murphy III",3,"1",19,28,19,28,583,583,0,0,0,0
"22100031","MIN","Jarred Vanderbilt, Karl-Anthony Towns, Malik Beasley, Patrick Beverley, Taurean Prince",4,"1",28,19,28,27,583,720,0,8,-8,137
"22100031","NOP","Brandon Ingram, Jonas Valanciunas, Kira Lewis Jr., Nickeil Alexander-Walker, Trey Murphy III",4,"1",19,28,19,28,583,583,0,0,0,0
"22100031","MIN","D'Angelo Russell, Jarred Vanderbilt, Naz Reid, Patrick Beverley, Taurean Prince",5,"2",28,27,39,33,720,1012,11,6,5,292
"22100031","NOP","Brandon Ingram, Jaxson Hayes, Kira Lewis Jr., Nickeil Alexander-Walker, Trey Murphy III",5,"1",19,28,27,28,583,720,8,0,8,137
"22100031","MIN","Anthony Edwards, D'Angelo Russell, Jarred Vanderbilt, Naz Reid, Taurean Prince",6,"2",39,33,39,33,1012,1012,0,0,0,0
"22100031","NOP","Brandon Ingram, Garrett Temple, Jaxson Hayes, Kira Lewis Jr., Trey Murphy III",6,"2",27,28,33,37,720,930,6,9,-3,210
"22100031","MIN","Anthony Edwards, D'Angelo Russell, Jaden McDaniels, Jarred Vanderbilt, Naz Reid",7,"2",39,33,39,33,1012,1026,0,0,0,14
"22100031","NOP","Brandon Ingram, Garrett Temple, Herbert Jones, Jaxson Hayes, Kira Lewis Jr.",7,"2",33,37,33,37,930,930,0,0,0,0
"22100031","MIN","Anthony Edwards, D'Angelo Russell, Jaden McDaniels, Josh Okogie, Naz Reid",8,"2",39,33,43,33,1026,1127,4,0,4,101
"22100031","NOP","Brandon Ingram, Garrett Temple, Herbert Jones, Jaxson Hayes, Nickeil Alexander-Walker",8,"2",33,37,33,39,930,1012,0,2,-2,82
"22100031","MIN","Anthony Edwards, D'Angelo Russell, Jaden McDaniels, Josh Okogie, Karl-Anthony Towns",9,"2",43,33,46,33,1127,1199,3,0,3,72
"22100031","NOP","Brandon Ingram, Garrett Temple, Herbert Jones, Jonas Valanciunas, Nickeil Alexander-Walker",9,"2",33,39,33,39,1012,1012,0,0,0,0
"22100031","MIN","Anthony Edwards, Jaden McDaniels, Josh Okogie, Karl-Anthony Towns, Patrick Beverley",10,"2",46,33,54,41,1199,1440,8,8,0,241
"22100031","NOP","Brandon Ingram, Devonte' Graham, Herbert Jones, Jonas Valanciunas, Nickeil Alexander-Walker",10,"2",33,39,33,41,1012,1086,0,2,-2,74
"22100031","MIN","Anthony Edwards, D'Angelo Russell, Jaden McDaniels, Josh Okogie, Karl-Anthony Towns",11,"3",54,41,60,49,1440,1692,6,8,-2,252
"22100031","NOP","Devonte' Graham, Garrett Temple, Herbert Jones, Jonas Valanciunas, Nickeil Alexander-Walker",11,"2",33,41,33,46,1086,1199,0,5,-5,113
"22100031","MIN","Anthony Edwards, D'Angelo Russell, Jaden McDaniels, Karl-Anthony Towns, Patrick Beverley",12,"3",60,49,60,53,1692,1725,0,4,-4,33
"22100031","NOP","Brandon Ingram, Devonte' Graham, Herbert Jones, Jonas Valanciunas, Nickeil Alexander-Walker",12,"2",33,46,37,52,1199,1305,4,6,-2,106
"22100031","MIN","Anthony Edwards, Jaden McDaniels, Karl-Anthony Towns, Malik Beasley, Patrick Beverley",13,"3",60,53,63,55,1725,1800,3,2,1,75
"22100031","NOP","Brandon Ingram, Devonte' Graham, Jonas Valanciunas, Nickeil Alexander-Walker, Trey Murphy III",13,"2",37,52,41,54,1305,1406,4,2,2,101
"22100031","MIN","Anthony Edwards, Jaden McDaniels, Malik Beasley, Naz Reid, Patrick Beverley",14,"3",63,55,63,57,1800,1849,0,2,-2,49
"22100031","NOP","Brandon Ingram, Devonte' Graham, Herbert Jones, Jonas Valanciunas, Nickeil Alexander-Walker",14,"2",41,54,41,54,1406,1440,0,0,0,34
"22100031","NOP","Brandon Ingram, Devonte' Graham, Herbert Jones, Jonas Valanciunas, Nickeil Alexander-Walker",14,"3",41,54,57,63,1440,1849,16,9,7,409
"22100031","MIN","Anthony Edwards, Jarred Vanderbilt, Malik Beasley, Naz Reid, Patrick Beverley",15,"3",63,57,63,61,1849,1926,0,4,-4,77
"22100031","NOP","Devonte' Graham, Herbert Jones, Jonas Valanciunas, Nickeil Alexander-Walker, Trey Murphy III",15,"3",57,63,63,63,1849,1938,6,0,6,89
"22100031","MIN","D'Angelo Russell, Jarred Vanderbilt, Malik Beasley, Naz Reid, Patrick Beverley",16,"3",63,61,69,67,1926,2160,6,6,0,234
"22100031","NOP","Herbert Jones, Jonas Valanciunas, Kira Lewis Jr., Nickeil Alexander-Walker, Trey Murphy III",16,"3",63,63,63,63,1938,1938,0,0,0,0
"22100031","MIN","Anthony Edwards, Jordan McLaughlin, Karl-Anthony Towns, Malik Beasley, Taurean Prince",17,"4",69,67,83,75,2160,2484,14,8,6,324
"22100031","NOP","Brandon Ingram, Herbert Jones, Jonas Valanciunas, Kira Lewis Jr., Trey Murphy III",17,"3",63,63,63,63,1938,1949,0,0,0,11
"22100031","MIN","Anthony Edwards, Jordan McLaughlin, Malik Beasley, Naz Reid, Taurean Prince",18,"4",83,75,86,79,2484,2551,3,4,-1,67
"22100031","NOP","Brandon Ingram, Garrett Temple, Jonas Valanciunas, Kira Lewis Jr., Trey Murphy III",18,"3",63,63,63,65,1949,1990,0,2,-2,41
"22100031","MIN","Anthony Edwards, D'Angelo Russell, Jordan McLaughlin, Naz Reid, Taurean Prince",19,"4",86,79,86,79,2551,2551,0,0,0,0
"22100031","NOP","Brandon Ingram, Garrett Temple, Jaxson Hayes, Kira Lewis Jr., Trey Murphy III",19,"3",63,65,67,69,1990,2160,4,4,0,170
"22100031","MIN","Anthony Edwards, D'Angelo Russell, Jaden McDaniels, Jordan McLaughlin, Naz Reid",20,"4",86,79,96,89,2551,2880,10,10,0,329
"22100031","NOP","Garrett Temple, Jaxson Hayes, Kira Lewis Jr., Nickeil Alexander-Walker, Trey Murphy III",20,"4",67,69,67,73,2160,2263,0,4,-4,103
"22100031","NOP","Devonte' Graham, Garrett Temple, Jaxson Hayes, Kira Lewis Jr., Nickeil Alexander-Walker",21,"4",67,73,67,73,2263,2263,0,0,0,0
"22100031","NOP","Brandon Ingram, Devonte' Graham, Garrett Temple, Kira Lewis Jr., Nickeil Alexander-Walker",22,"4",67,73,67,73,2263,2263,0,0,0,0
"22100031","NOP","Brandon Ingram, Devonte' Graham, Garrett Temple, Jonas Valanciunas, Nickeil Alexander-Walker",23,"4",67,73,68,77,2263,2333,1,4,-3,70
"22100031","NOP","Brandon Ingram, Devonte' Graham, Herbert Jones, Jonas Valanciunas, Nickeil Alexander-Walker",24,"4",68,77,74,83,2333,2470,6,6,0,137
"22100031","NOP","Brandon Ingram, Devonte' Graham, Herbert Jones, Jonas Valanciunas, Trey Murphy III",25,"4",74,83,85,91,2470,2742,11,8,3,272
"22100031","NOP","Brandon Ingram, Devonte' Graham, Garrett Temple, Herbert Jones, Jonas Valanciunas",26,"4",85,91,85,91,2742,2786,0,0,0,44
"22100031","NOP","Brandon Ingram, Devonte' Graham, Garrett Temple, Jonas Valanciunas, Nickeil Alexander-Walker",27,"4",85,91,87,94,2786,2856,2,3,-1,70
"22100031","NOP","Brandon Ingram, Devonte' Graham, Garrett Temple, Herbert Jones, Nickeil Alexander-Walker",28,"4",87,94,87,94,2856,2856,0,0,0,0
"22100031","NOP","Brandon Ingram, Devonte' Graham, Herbert Jones, Nickeil Alexander-Walker, Trey Murphy III",29,"4",87,94,89,96,2856,2880,2,2,0,24
"22100032","MIL","Giannis Antetokounmpo, Grayson Allen, Jrue Holiday, Khris Middleton, Pat Connaughton",0,"1",0,0,12,15,0,271,12,15,-3,271
"22100032","SAS","Dejounte Murray, Derrick White, Doug McDermott, Jakob Poeltl, Keldon Johnson",0,"1",0,0,15,9,0,249,15,9,6,249
"22100032","MIL","Grayson Allen, Jrue Holiday, Khris Middleton, Pat Connaughton, Thanasis Antetokounmpo",1,"1",12,15,19,22,271,406,7,7,0,135
"22100032","SAS","Dejounte Murray, Derrick White, Doug McDermott, Jakob Poeltl, Lonnie Walker IV",1,"1",15,9,15,12,249,296,0,3,-3,47
"22100032","MIL","George Hill, Jrue Holiday, Khris Middleton, Pat Connaughton, Thanasis Antetokounmpo",2,"1",19,22,19,22,406,406,0,0,0,0
"22100032","SAS","Dejounte Murray, Derrick White, Doug McDermott, Drew Eubanks, Lonnie Walker IV",2,"1",15,12,22,19,296,406,7,7,0,110
"22100032","MIL","George Hill, Jordan Nwora, Khris Middleton, Pat Connaughton, Thanasis Antetokounmpo",3,"1",19,22,22,26,406,486,3,4,-1,80
"22100032","SAS","Bryn Forbes, Dejounte Murray, Doug McDermott, Drew Eubanks, Lonnie Walker IV",3,"1",22,19,22,19,406,406,0,0,0,0
"22100032","MIL","George Hill, Jordan Nwora, Pat Connaughton, Sandro Mamukelashvili, Thanasis Antetokounmpo",4,"1",22,26,22,26,486,486,0,0,0,0
"22100032","SAS","Bryn Forbes, Dejounte Murray, Devin Vassell, Drew Eubanks, Lonnie Walker IV",4,"1",22,19,26,22,406,486,4,3,1,80
"22100032","MIL","George Hill, Jordan Nwora, Justin Robinson, Sandro Mamukelashvili, Thanasis Antetokounmpo",5,"1",22,26,22,28,486,504,0,2,-2,18
"22100032","SAS","Bryn Forbes, Devin Vassell, Drew Eubanks, Lonnie Walker IV, Tre Jones",5,"1",26,22,28,22,486,504,2,0,2,18
"22100032","MIL","George Hill, Giannis Antetokounmpo, Jordan Nwora, Justin Robinson, Sandro Mamukelashvili",6,"1",22,28,32,32,504,717,10,4,6,213
"22100032","SAS","Bryn Forbes, Devin Vassell, Jakob Poeltl, Lonnie Walker IV, Tre Jones",6,"1",28,22,32,32,504,720,4,10,-6,216
"22100032","MIL","George Hill, Giannis Antetokounmpo, Jordan Nwora, Sandro Mamukelashvili, Thanasis Antetokounmpo",7,"1",32,32,32,32,717,720,0,0,0,3
"22100032","SAS","Bryn Forbes, Derrick White, Devin Vassell, Jakob Poeltl, Keldon Johnson",7,"2",32,32,36,32,720,833,4,0,4,113
"22100032","MIL","George Hill, Giannis Antetokounmpo, Jordan Nwora, Khris Middleton, Sandro Mamukelashvili",8,"2",32,32,32,32,720,772,0,0,0,52
"22100032","SAS","Dejounte Murray, Derrick White, Devin Vassell, Jakob Poeltl, Keldon Johnson",8,"2",36,32,36,32,833,833,0,0,0,0
"22100032","MIL","George Hill, Giannis Antetokounmpo, Grayson Allen, Khris Middleton, Sandro Mamukelashvili",9,"2",32,32,32,32,772,772,0,0,0,0
"22100032","SAS","Dejounte Murray, Derrick White, Doug McDermott, Jakob Poeltl, Keldon Johnson",9,"2",36,32,36,32,833,833,0,0,0,0
"22100032","MIL","Giannis Antetokounmpo, Grayson Allen, Jrue Holiday, Khris Middleton, Sandro Mamukelashvili",10,"2",32,32,32,36,772,833,0,4,-4,61
"22100032","SAS","Dejounte Murray, Derrick White, Doug McDermott, Drew Eubanks, Keldon Johnson",10,"2",36,32,42,41,833,1055,6,9,-3,222
"22100032","MIL","Grayson Allen, Jrue Holiday, Khris Middleton, Sandro Mamukelashvili, Thanasis Antetokounmpo",11,"2",32,36,32,36,833,833,0,0,0,0
"22100032","SAS","Dejounte Murray, Derrick White, Devin Vassell, Doug McDermott, Drew Eubanks",11,"2",42,41,42,41,1055,1055,0,0,0,0
"22100032","MIL","Grayson Allen, Jrue Holiday, Khris Middleton, Pat Connaughton, Thanasis Antetokounmpo",12,"2",32,36,43,42,833,1090,11,6,5,257
"22100032","SAS","Dejounte Murray, Devin Vassell, Doug McDermott, Drew Eubanks, Lonnie Walker IV",12,"2",42,41,42,43,1055,1090,0,2,-2,35
"22100032","MIL","Giannis Antetokounmpo, Grayson Allen, Jrue Holiday, Khris Middleton, Pat Connaughton",13,"2",43,42,43,42,1090,1126,0,0,0,36
"22100032","SAS","Dejounte Murray, Devin Vassell, Doug McDermott, Jakob Poeltl, Lonnie Walker IV",13,"2",42,43,48,49,1090,1292,6,6,0,202
"22100032","MIL","George Hill, Giannis Antetokounmpo, Grayson Allen, Khris Middleton, Pat Connaughton",14,"2",43,42,43,42,1126,1126,0,0,0,0
"22100032","SAS","Derrick White, Devin Vassell, Doug McDermott, Jakob Poeltl, Lonnie Walker IV",14,"2",48,49,48,49,1292,1292,0,0,0,0
"22100032","MIL","George Hill, Giannis Antetokounmpo, Jordan Nwora, Khris Middleton, Pat Connaughton",15,"2",43,42,43,46,1126,1161,0,4,-4,35
"22100032","SAS","Bryn Forbes, Derrick White, Devin Vassell, Jakob Poeltl, Lonnie Walker IV",15,"2",48,49,48,49,1292,1292,0,0,0,0
"22100032","MIL","George Hill, Giannis Antetokounmpo, Jordan Nwora, Justin Robinson, Khris Middleton",16,"2",43,46,44,48,1161,1191,1,2,-1,30
"22100032","SAS","Bryn Forbes, Derrick White, Jakob Poeltl, Keldon Johnson, Lonnie Walker IV",16,"2",48,49,52,56,1292,1440,4,7,-3,148
"22100032","MIL","George Hill, Giannis Antetokounmpo, Jordan Nwora, Justin Robinson, Pat Connaughton",17,"2",44,48,56,50,1191,1383,12,2,10,192
"22100032","SAS","Dejounte Murray, Derrick White, Doug McDermott, Jakob Poeltl, Keldon Johnson",17,"3",52,56,62,70,1440,1737,10,14,-4,297
"22100032","MIL","George Hill, Jordan Nwora, Justin Robinson, Pat Connaughton, Thanasis Antetokounmpo",18,"2",56,50,56,52,1383,1440,0,2,-2,57
"22100032","SAS","Dejounte Murray, Derrick White, Doug McDermott, Drew Eubanks, Keldon Johnson",18,"3",62,70,68,72,1737,1815,6,2,4,78
"22100032","MIL","Giannis Antetokounmpo, Grayson Allen, Jrue Holiday, Khris Middleton, Pat Connaughton",19,"3",56,52,63,57,1440,1569,7,5,2,129
"22100032","SAS","Dejounte Murray, Doug McDermott, Drew Eubanks, Keldon Johnson, Lonnie Walker IV",19,"3",68,72,68,72,1815,1815,0,0,0,0
"22100032","MIL","Grayson Allen, Jrue Holiday, Khris Middleton, Pat Connaughton, Thanasis Antetokounmpo",20,"3",63,57,72,68,1569,1815,9,11,-2,246
"22100032","SAS","Bryn Forbes, Dejounte Murray, Drew Eubanks, Keldon Johnson, Lonnie Walker IV",20,"3",68,72,75,74,1815,1922,7,2,5,107
"22100032","MIL","Jordan Nwora, Jrue Holiday, Khris Middleton, Pat Connaughton, Thanasis Antetokounmpo",21,"3",72,68,72,68,1815,1815,0,0,0,0
"22100032","SAS","Bryn Forbes, Dejounte Murray, Drew Eubanks, Jakob Poeltl, Lonnie Walker IV",21,"3",75,74,75,74,1922,1922,0,0,0,0
"22100032","MIL","George Hill, Jordan Nwora, Khris Middleton, Pat Connaughton, Thanasis Antetokounmpo",22,"3",72,68,74,75,1815,1922,2,7,-5,107
"22100032","SAS","Bryn Forbes, Dejounte Murray, Devin Vassell, Jakob Poeltl, Lonnie Walker IV",22,"3",75,74,77,85,1922,2084,2,11,-9,162
"22100032","MIL","George Hill, Giannis Antetokounmpo, Jordan Nwora, Khris Middleton, Thanasis Antetokounmpo",23,"3",74,75,74,75,1922,1952,0,0,0,30
"22100032","SAS","Bryn Forbes, Devin Vassell, Doug McDermott, Jakob Poeltl, Lonnie Walker IV",23,"3",77,85,77,85,2084,2084,0,0,0,0
"22100032","MIL","George Hill, Giannis Antetokounmpo, Jordan Nwora, Justin Robinson, Thanasis Antetokounmpo",24,"3",74,75,85,81,1952,2159,11,6,5,207
"22100032","SAS","Derrick White, Devin Vassell, Doug McDermott, Jakob Poeltl, Lonnie Walker IV",24,"3",77,85,81,85,2084,2160,4,0,4,76
"22100032","SAS","Derrick White, Devin Vassell, Doug McDermott, Jakob Poeltl, Lonnie Walker IV",24,"4",81,85,89,90,2160,2277,8,5,3,117
"22100032","MIL","George Hill, Jordan Nwora, Justin Robinson, Sandro Mamukelashvili, Thanasis Antetokounmpo",25,"3",85,81,85,81,2159,2160,0,0,0,1
"22100032","SAS","Derrick White, Devin Vassell, Doug McDermott, Jakob Poeltl, Keldon Johnson",25,"4",89,90,91,98,2277,2356,2,8,-6,79
"22100032","MIL","George Hill, Giannis Antetokounmpo, Jordan Nwora, Jrue Holiday, Pat Connaughton",26,"4",85,81,90,87,2160,2249,5,6,-1,89
"22100032","SAS","Derrick White, Devin Vassell, Doug McDermott, Drew Eubanks, Keldon Johnson",26,"4",91,98,91,98,2356,2356,0,0,0,0
"22100032","MIL","George Hill, Giannis Antetokounmpo, Jrue Holiday, Khris Middleton, Pat Connaughton",27,"4",90,87,90,89,2249,2277,0,2,-2,28
"22100032","SAS","Dejounte Murray, Derrick White, Doug McDermott, Drew Eubanks, Keldon Johnson",27,"4",91,98,94,103,2356,2422,3,5,-2,66
"22100032","MIL","Giannis Antetokounmpo, Grayson Allen, Jrue Holiday, Khris Middleton, Pat Connaughton",28,"4",90,89,98,91,2277,2356,8,2,6,79
"22100032","SAS","Dejounte Murray, Derrick White, Drew Eubanks, Keldon Johnson, Lonnie Walker IV",28,"4",94,103,96,103,2422,2463,2,0,2,41
"22100032","MIL","Grayson Allen, Jrue Holiday, Khris Middleton, Pat Connaughton, Thanasis Antetokounmpo",29,"4",98,91,103,96,2356,2463,5,5,0,107
"22100032","SAS","Dejounte Murray, Drew Eubanks, Jakob Poeltl, Keldon Johnson, Lonnie Walker IV",29,"4",96,103,96,103,2463,2463,0,0,0,0
"22100032","MIL","George Hill, Grayson Allen, Khris Middleton, Pat Connaughton, Thanasis Antetokounmpo",30,"4",103,96,103,96,2463,2463,0,0,0,0
"22100032","SAS","Dejounte Murray, Doug McDermott, Jakob Poeltl, Keldon Johnson, Lonnie Walker IV",30,"4",96,103,103,109,2463,2600,7,6,1,137
"22100032","MIL","George Hill, Giannis Antetokounmpo, Grayson Allen, Khris Middleton, Pat Connaughton",31,"4",103,96,109,103,2463,2600,6,7,-1,137
"22100032","SAS","Dejounte Murray, Derrick White, Doug McDermott, Jakob Poeltl, Keldon Johnson",31,"4",103,109,109,121,2600,2832,6,12,-6,232
"22100032","MIL","George Hill, Giannis Antetokounmpo, Jordan Nwora, Khris Middleton, Pat Connaughton",32,"4",109,103,112,105,2600,2690,3,2,1,90
"22100032","SAS","Dejounte Murray, Derrick White, Doug McDermott, Jakob Poeltl, Tre Jones",32,"4",109,121,109,121,2832,2832,0,0,0,0
"22100032","MIL","George Hill, Giannis Antetokounmpo, Jrue Holiday, Khris Middleton, Pat Connaughton",33,"4",112,105,119,107,2690,2777,7,2,5,87
"22100032","SAS","Dejounte Murray, Doug McDermott, Jakob Poeltl, Jock Landale, Tre Jones",33,"4",109,121,109,121,2832,2832,0,0,0,0
"22100032","MIL","George Hill, Giannis Antetokounmpo, Grayson Allen, Khris Middleton, Pat Connaughton",34,"4",119,107,121,109,2777,2832,2,2,0,55
"22100032","SAS","Doug McDermott, Jakob Poeltl, Jock Landale, Keita Bates-Diop, Tre Jones",34,"4",109,121,109,121,2832,2832,0,0,0,0
"22100032","MIL","George Hill, Giannis Antetokounmpo, Grayson Allen, Jordan Nwora, Khris Middleton",35,"4",121,109,121,109,2832,2832,0,0,0,0
"22100032","SAS","Devin Vassell, Jakob Poeltl, Jock Landale, Keita Bates-Diop, Tre Jones",35,"4",109,121,109,121,2832,2832,0,0,0,0
"22100032","MIL","Giannis Antetokounmpo, Grayson Allen, Jordan Nwora, Justin Robinson, Khris Middleton",36,"4",121,109,121,109,2832,2832,0,0,0,0
"22100032","SAS","Devin Vassell, Jock Landale, Joshua Primo, Keita Bates-Diop, Tre Jones",36,"4",109,121,111,121,2832,2880,2,0,2,48
"22100032","MIL","Grayson Allen, Jordan Nwora, Justin Robinson, Khris Middleton, Thanasis Antetokounmpo",37,"4",121,109,121,111,2832,2880,0,2,-2,48
"22100033","PHX","Chris Paul, Deandre Ayton, Devin Booker, Jae Crowder, Mikal Bridges",0,"1",0,0,15,22,0,475,15,22,-7,475
"22100033","POR","CJ McCollum, Damian Lillard, Jusuf Nurkic, Norman Powell, Robert Covington",0,"1",0,0,16,13,0,368,16,13,3,368
"22100033","PHX","Deandre Ayton, Devin Booker, Elfrid Payton, Jae Crowder, Mikal Bridges",1,"1",15,22,15,22,475,475,0,0,0,0
"22100033","POR","Anfernee Simons, CJ McCollum, Damian Lillard, Jusuf Nurkic, Robert Covington",1,"1",16,13,16,13,368,368,0,0,0,0
"22100033","PHX","Cameron Johnson, Deandre Ayton, Devin Booker, Elfrid Payton, Mikal Bridges",2,"1",15,22,18,25,475,521,3,3,0,46
"22100033","POR","Anfernee Simons, Damian Lillard, Jusuf Nurkic, Nassir Little, Robert Covington",2,"1",16,13,22,15,368,475,6,2,4,107
"22100033","PHX","Cameron Johnson, Devin Booker, Elfrid Payton, Landry Shamet, Mikal Bridges",3,"1",18,25,18,25,521,521,0,0,0,0
"22100033","POR","Anfernee Simons, Cody Zeller, Damian Lillard, Nassir Little, Robert Covington",3,"1",22,15,22,15,475,475,0,0,0,0
"22100033","PHX","Cameron Johnson, Devin Booker, Elfrid Payton, JaVale McGee, Landry Shamet",4,"1",18,25,22,27,521,612,4,2,2,91
"22100033","POR","Anfernee Simons, Cody Zeller, Damian Lillard, Larry Nance Jr., Nassir Little",4,"1",22,15,25,18,475,521,3,3,0,46
"22100033","PHX","Abdel Nader, Cameron Johnson, Elfrid Payton, JaVale McGee, Landry Shamet",5,"1",22,27,24,30,612,720,2,3,-1,108
"22100033","PHX","Abdel Nader, Cameron Johnson, Elfrid Payton, JaVale McGee, Landry Shamet",5,"2",24,30,24,32,720,746,0,2,-2,26
"22100033","POR","Anfernee Simons, CJ McCollum, Cody Zeller, Larry Nance Jr., Nassir Little",5,"1",25,18,30,24,521,720,5,6,-1,199
"22100033","PHX","Abdel Nader, Cameron Johnson, Chris Paul, JaVale McGee, Landry Shamet",6,"2",24,32,32,45,746,955,8,13,-5,209
"22100033","POR","Anfernee Simons, CJ McCollum, Cody Zeller, Norman Powell, Robert Covington",6,"2",30,24,32,24,720,746,2,0,2,26
"22100033","PHX","Abdel Nader, Cameron Johnson, Chris Paul, Landry Shamet, Mikal Bridges",7,"2",32,45,32,45,955,955,0,0,0,0
"22100033","POR","Anfernee Simons, CJ McCollum, Jusuf Nurkic, Norman Powell, Robert Covington",7,"2",32,24,45,32,746,955,13,8,5,209
"22100033","PHX","Cameron Johnson, Chris Paul, Jae Crowder, Landry Shamet, Mikal Bridges",8,"2",32,45,32,45,955,955,0,0,0,0
"22100033","POR","CJ McCollum, Damian Lillard, Jusuf Nurkic, Norman Powell, Robert Covington",8,"2",45,32,51,32,955,1075,6,0,6,120
"22100033","PHX","Chris Paul, Deandre Ayton, Jae Crowder, Landry Shamet, Mikal Bridges",9,"2",32,45,32,46,955,1011,0,1,-1,56
"22100033","POR","CJ McCollum, Damian Lillard, Larry Nance Jr., Norman Powell, Robert Covington",9,"2",51,32,51,32,1075,1075,0,0,0,0
"22100033","PHX","Chris Paul, Deandre Ayton, Devin Booker, Jae Crowder, Mikal Bridges",10,"2",32,46,35,51,1011,1143,3,5,-2,132
"22100033","POR","CJ McCollum, Cody Zeller, Damian Lillard, Larry Nance Jr., Norman Powell",10,"2",51,32,51,32,1075,1097,0,0,0,22
"22100033","PHX","Deandre Ayton, Devin Booker, Elfrid Payton, Jae Crowder, Mikal Bridges",11,"2",35,51,47,67,1143,1388,12,16,-4,245
"22100033","POR","CJ McCollum, Cody Zeller, Damian Lillard, Larry Nance Jr., Nassir Little",11,"2",51,32,53,38,1097,1179,2,6,-4,82
"22100033","PHX","Chris Paul, Deandre Ayton, Devin Booker, Jae Crowder, Mikal Bridges",12,"2",47,67,47,67,1388,1440,0,0,0,52
"22100033","PHX","Chris Paul, Deandre Ayton, Devin Booker, Jae Crowder, Mikal Bridges",12,"3",47,67,70,94,1440,1903,23,27,-4,463
"22100033","POR","Anfernee Simons, Cody Zeller, Damian Lillard, Larry Nance Jr., Nassir Little",12,"2",53,38,58,43,1179,1231,5,5,0,52
"22100033","PHX","Deandre Ayton, Devin Booker, Elfrid Payton, Jae Crowder, Mikal Bridges",13,"3",70,94,70,94,1903,1903,0,0,0,0
"22100033","POR","Anfernee Simons, Damian Lillard, Jusuf Nurkic, Larry Nance Jr., Nassir Little",13,"2",58,43,67,47,1231,1440,9,4,5,209
"22100033","PHX","Devin Booker, Elfrid Payton, Jae Crowder, JaVale McGee, Mikal Bridges",14,"3",70,94,70,94,1903,1903,0,0,0,0
"22100033","POR","CJ McCollum, Damian Lillard, Jusuf Nurkic, Nassir Little, Robert Covington",14,"3",67,47,79,62,1440,1707,12,15,-3,267
"22100033","PHX","Cameron Johnson, Devin Booker, Elfrid Payton, JaVale McGee, Mikal Bridges",15,"3",70,94,75,94,1903,1965,5,0,5,62
"22100033","POR","CJ McCollum, Cody Zeller, Damian Lillard, Nassir Little, Robert Covington",15,"3",79,62,84,65,1707,1801,5,3,2,94
"22100033","PHX","Cameron Johnson, Devin Booker, Elfrid Payton, JaVale McGee, Landry Shamet",16,"3",75,94,77,101,1965,2090,2,7,-5,125
"22100033","POR","CJ McCollum, Damian Lillard, Larry Nance Jr., Nassir Little, Robert Covington",16,"3",84,65,94,70,1801,1903,10,5,5,102
"22100033","PHX","Abdel Nader, Cameron Johnson, Elfrid Payton, JaVale McGee, Landry Shamet",17,"3",77,101,81,104,2090,2153,4,3,1,63
"22100033","POR","Anfernee Simons, CJ McCollum, Larry Nance Jr., Nassir Little, Robert Covington",17,"3",94,70,94,75,1903,1965,0,5,-5,62
"22100033","PHX","Abdel Nader, Cameron Johnson, Chris Paul, Elfrid Payton, Landry Shamet",18,"3",81,104,81,106,2153,2160,0,2,-2,7
"22100033","PHX","Abdel Nader, Cameron Johnson, Chris Paul, Elfrid Payton, Landry Shamet",18,"4",81,106,81,109,2160,2221,0,3,-3,61
"22100033","POR","Anfernee Simons, Dennis Smith Jr., Larry Nance Jr., Nassir Little, Robert Covington",18,"3",94,75,106,81,1965,2160,12,6,6,195
"22100033","PHX","Cameron Johnson, Chris Paul, Deandre Ayton, Elfrid Payton, Landry Shamet",19,"4",81,109,83,116,2221,2296,2,7,-5,75
"22100033","POR","Anfernee Simons, CJ McCollum, Dennis Smith Jr., Jusuf Nurkic, Larry Nance Jr.",19,"4",106,81,120,85,2160,2396,14,4,10,236
"22100033","PHX","Cameron Johnson, Deandre Ayton, Elfrid Payton, Frank Kaminsky, Landry Shamet",20,"4",83,116,83,116,2296,2296,0,0,0,0
"22100033","POR","Anfernee Simons, CJ Elleby, Dennis Smith Jr., Jusuf Nurkic, Larry Nance Jr.",20,"4",120,85,120,85,2396,2396,0,0,0,0
"22100033","PHX","Abdel Nader, Deandre Ayton, Elfrid Payton, Frank Kaminsky, Landry Shamet",21,"4",83,116,83,116,2296,2296,0,0,0,0
"22100033","POR","Anfernee Simons, CJ Elleby, Dennis Smith Jr., Larry Nance Jr., Nassir Little",21,"4",120,85,124,90,2396,2495,4,5,-1,99
"22100033","PHX","Abdel Nader, Elfrid Payton, Frank Kaminsky, Jalen Smith, Landry Shamet",22,"4",83,116,90,124,2296,2495,7,8,-1,199
"22100033","POR","CJ Elleby, Dennis Smith Jr., Greg Brown III, Larry Nance Jr., Nassir Little",22,"4",124,90,124,90,2495,2495,0,0,0,0
"22100033","PHX","Abdel Nader, Chandler Hutchison, Elfrid Payton, Frank Kaminsky, Jalen Smith",23,"4",90,124,105,134,2495,2880,15,10,5,385
"22100033","POR","Ben McLemore, CJ Elleby, Dennis Smith Jr., Greg Brown III, Nassir Little",23,"4",124,90,129,95,2495,2627,5,5,0,132
"22100033","POR","Ben McLemore, CJ Elleby, Cody Zeller, Dennis Smith Jr., Greg Brown III",24,"4",129,95,134,105,2627,2880,5,10,-5,253
"22100034","LAC","Eric Bledsoe, Ivica Zubac, Marcus Morris Sr., Paul George, Reggie Jackson",0,"1",0,0,24,23,0,433,24,23,1,433
"22100034","MEM","De'Anthony Melton, Desmond Bane, Ja Morant, Jaren Jackson Jr., Steven Adams",0,"1",0,0,23,24,0,433,23,24,-1,433
"22100034","LAC","Ivica Zubac, Marcus Morris Sr., Nicolas Batum, Paul George, Reggie Jackson",1,"1",24,23,24,23,433,433,0,0,0,0
"22100034","MEM","Brandon Clarke, De'Anthony Melton, Desmond Bane, Ja Morant, Jaren Jackson Jr.",1,"1",23,24,23,24,433,433,0,0,0,0
"22100034","LAC","Ivica Zubac, Marcus Morris Sr., Nicolas Batum, Reggie Jackson, Terance Mann",2,"1",24,23,24,23,433,433,0,0,0,0
"22100034","MEM","Brandon Clarke, De'Anthony Melton, Desmond Bane, Ja Morant, Kyle Anderson",2,"1",23,24,23,24,433,433,0,0,0,0
"22100034","LAC","Isaiah Hartenstein, Ivica Zubac, Nicolas Batum, Reggie Jackson, Terance Mann",3,"1",24,23,24,23,433,433,0,0,0,0
"22100034","MEM","Brandon Clarke, Desmond Bane, Ja Morant, John Konchar, Kyle Anderson",3,"1",23,24,25,27,433,570,2,3,-1,137
"22100034","LAC","Isaiah Hartenstein, Luke Kennard, Nicolas Batum, Reggie Jackson, Terance Mann",4,"1",24,23,34,25,433,720,10,2,8,287
"22100034","MEM","Brandon Clarke, Desmond Bane, John Konchar, Kyle Anderson, Ziaire Williams",4,"1",25,27,25,27,570,570,0,0,0,0
"22100034","LAC","Eric Bledsoe, Isaiah Hartenstein, Luke Kennard, Nicolas Batum, Terance Mann",5,"2",34,25,43,35,720,932,9,10,-1,212
"22100034","MEM","Brandon Clarke, John Konchar, Kyle Anderson, Tyus Jones, Ziaire Williams",5,"1",25,27,25,34,570,720,0,7,-7,150
"22100034","LAC","Eric Bledsoe, Luke Kennard, Nicolas Batum, Paul George, Terance Mann",6,"2",43,35,46,37,932,1007,3,2,1,75
"22100034","MEM","Brandon Clarke, De'Anthony Melton, Jaren Jackson Jr., Tyus Jones, Ziaire Williams",6,"2",25,34,37,46,720,1007,12,12,0,287
"22100034","LAC","Eric Bledsoe, Luke Kennard, Marcus Morris Sr., Paul George, Terance Mann",7,"2",46,37,48,43,1007,1087,2,6,-4,80
"22100034","MEM","Brandon Clarke, De'Anthony Melton, Ja Morant, Jaren Jackson Jr., Ziaire Williams",7,"2",37,46,37,46,1007,1030,0,0,0,23
"22100034","LAC","Eric Bledsoe, Marcus Morris Sr., Paul George, Reggie Jackson, Terance Mann",8,"2",48,43,48,43,1087,1087,0,0,0,0
"22100034","MEM","Brandon Clarke, De'Anthony Melton, Ja Morant, Jaren Jackson Jr., Kyle Anderson",8,"2",37,46,37,46,1030,1030,0,0,0,0
"22100034","LAC","Eric Bledsoe, Ivica Zubac, Marcus Morris Sr., Paul George, Reggie Jackson",9,"2",48,43,52,47,1087,1181,4,4,0,94
"22100034","MEM","De'Anthony Melton, Ja Morant, Jaren Jackson Jr., John Konchar, Kyle Anderson",9,"2",37,46,43,48,1030,1087,6,2,4,57
"22100034","LAC","Ivica Zubac, Marcus Morris Sr., Nicolas Batum, Paul George, Reggie Jackson",10,"2",52,47,60,59,1181,1434,8,12,-4,253
"22100034","MEM","Ja Morant, Jaren Jackson Jr., John Konchar, Kyle Anderson, Steven Adams",10,"2",43,48,43,48,1087,1087,0,0,0,0
"22100034","LAC","Luke Kennard, Marcus Morris Sr., Nicolas Batum, Paul George, Reggie Jackson",11,"2",60,59,62,59,1434,1440,2,0,2,6
"22100034","MEM","Desmond Bane, Ja Morant, John Konchar, Kyle Anderson, Steven Adams",11,"2",43,48,51,58,1087,1310,8,10,-2,223
"22100034","LAC","Eric Bledsoe, Ivica Zubac, Marcus Morris Sr., Paul George, Reggie Jackson",12,"3",62,59,73,83,1440,1795,11,24,-13,355
"22100034","MEM","De'Anthony Melton, Desmond Bane, Ja Morant, John Konchar, Steven Adams",12,"2",51,58,51,58,1310,1310,0,0,0,0
"22100034","LAC","Ivica Zubac, Marcus Morris Sr., Nicolas Batum, Paul George, Reggie Jackson",13,"3",73,83,73,83,1795,1795,0,0,0,0
"22100034","MEM","De'Anthony Melton, Desmond Bane, Ja Morant, Jaren Jackson Jr., Steven Adams",13,"2",51,58,59,60,1310,1434,8,2,6,124
"22100034","LAC","Ivica Zubac, Luke Kennard, Nicolas Batum, Paul George, Reggie Jackson",14,"3",73,83,73,85,1795,1818,0,2,-2,23
"22100034","MEM","De'Anthony Melton, Desmond Bane, Ja Morant, Jaren Jackson Jr., Kyle Anderson",14,"2",59,60,59,62,1434,1440,0,2,-2,6
"22100034","LAC","Isaiah Hartenstein, Luke Kennard, Nicolas Batum, Paul George, Reggie Jackson",15,"3",73,85,75,91,1818,1932,2,6,-4,114
"22100034","MEM","De'Anthony Melton, Desmond Bane, Ja Morant, Jaren Jackson Jr., Steven Adams",15,"3",59,62,78,71,1440,1735,19,9,10,295
"22100034","LAC","Isaiah Hartenstein, Luke Kennard, Nicolas Batum, Paul George, Terance Mann",16,"3",75,91,89,97,1932,2160,14,6,8,228
"22100034","MEM","Desmond Bane, Ja Morant, Jaren Jackson Jr., John Konchar, Steven Adams",16,"3",78,71,78,71,1735,1735,0,0,0,0
"22100034","LAC","Eric Bledsoe, Isaiah Hartenstein, Luke Kennard, Nicolas Batum, Terance Mann",17,"4",89,97,90,100,2160,2269,1,3,-2,109
"22100034","MEM","Desmond Bane, Ja Morant, John Konchar, Kyle Anderson, Steven Adams",17,"3",78,71,91,75,1735,1983,13,4,9,248
"22100034","LAC","Eric Bledsoe, Luke Kennard, Nicolas Batum, Reggie Jackson, Terance Mann",18,"4",90,100,92,102,2269,2313,2,2,0,44
"22100034","MEM","Desmond Bane, Ja Morant, Jaren Jackson Jr., John Konchar, Kyle Anderson",18,"3",91,75,91,79,1983,2015,0,4,-4,32
"22100034","LAC","Eric Bledsoe, Luke Kennard, Marcus Morris Sr., Reggie Jackson, Terance Mann",19,"4",92,102,99,106,2313,2453,7,4,3,140
"22100034","MEM","De'Anthony Melton, Ja Morant, Jaren Jackson Jr., John Konchar, Kyle Anderson",19,"3",91,79,97,89,2015,2160,6,10,-4,145
"22100034","LAC","Eric Bledsoe, Marcus Morris Sr., Paul George, Reggie Jackson, Terance Mann",20,"4",99,106,114,119,2453,2864,15,13,2,411
"22100034","MEM","Brandon Clarke, De'Anthony Melton, Jaren Jackson Jr., Tyus Jones, Ziaire Williams",20,"4",97,89,104,96,2160,2385,7,7,0,225
"22100034","LAC","Luke Kennard, Marcus Morris Sr., Paul George, Reggie Jackson, Terance Mann",21,"4",114,119,114,119,2864,2864,0,0,0,0
"22100034","MEM","Brandon Clarke, De'Anthony Melton, Steven Adams, Tyus Jones, Ziaire Williams",21,"4",104,96,108,99,2385,2530,4,3,1,145
"22100034","LAC","Luke Kennard, Marcus Morris Sr., Nicolas Batum, Paul George, Reggie Jackson",22,"4",114,119,114,120,2864,2880,0,1,-1,16
"22100034","MEM","Brandon Clarke, Ja Morant, Steven Adams, Tyus Jones, Ziaire Williams",22,"4",108,99,108,99,2530,2530,0,0,0,0
"22100034","MEM","Brandon Clarke, Desmond Bane, Ja Morant, Steven Adams, Ziaire Williams",23,"4",108,99,111,106,2530,2640,3,7,-4,110
"22100034","MEM","Brandon Clarke, De'Anthony Melton, Desmond Bane, Ja Morant, Steven Adams",24,"4",111,106,111,106,2640,2640,0,0,0,0
"22100034","MEM","De'Anthony Melton, Desmond Bane, Ja Morant, Jaren Jackson Jr., Steven Adams",25,"4",111,106,111,108,2640,2670,0,2,-2,30
"22100034","MEM","Brandon Clarke, De'Anthony Melton, Desmond Bane, Ja Morant, Jaren Jackson Jr.",26,"4",111,108,119,114,2670,2864,8,6,2,194
"22100034","MEM","De'Anthony Melton, Desmond Bane, Ja Morant, Jaren Jackson Jr., Kyle Anderson",27,"4",119,114,120,114,2864,2880,1,0,1,16
"22100035","BKN","James Harden, Jevon Carter, Joe Harris, Kevin Durant, Nic Claxton",0,"1",0,0,6,11,0,285,6,11,-5,285
"22100035","CHA","Gordon Hayward, Kelly Oubre Jr., LaMelo Ball, Mason Plumlee, Miles Bridges",0,"1",0,0,13,8,0,320,13,8,5,320
"22100035","BKN","James Harden, Joe Harris, Kevin Durant, Nic Claxton, Patty Mills",1,"1",6,11,8,13,285,320,2,2,0,35
"22100035","CHA","Gordon Hayward, LaMelo Ball, Mason Plumlee, Miles Bridges, P.J. Washington",1,"1",13,8,13,8,320,320,0,0,0,0
"22100035","BKN","James Harden, Joe Harris, Kevin Durant, LaMarcus Aldridge, Patty Mills",2,"1",8,13,10,16,320,357,2,3,-1,37
"22100035","CHA","Cody Martin, Gordon Hayward, LaMelo Ball, Miles Bridges, P.J. Washington",2,"1",13,8,19,13,320,402,6,5,1,82
"22100035","BKN","Bruce Brown, James Harden, Kevin Durant, LaMarcus Aldridge, Patty Mills",3,"1",10,16,10,16,357,357,0,0,0,0
"22100035","CHA","Cody Martin, Gordon Hayward, Ish Smith, Miles Bridges, P.J. Washington",3,"1",19,13,19,17,402,448,0,4,-4,46
"22100035","BKN","Bruce Brown, Kevin Durant, LaMarcus Aldridge, Patty Mills, Paul Millsap",4,"1",10,16,26,21,357,567,16,5,11,210
"22100035","CHA","Cody Martin, Gordon Hayward, Ish Smith, Kelly Oubre Jr., P.J. Washington",4,"1",19,17,21,19,448,482,2,2,0,34
"22100035","BKN","Bruce Brown, James Harden, LaMarcus Aldridge, Patty Mills, Paul Millsap",5,"1",26,21,26,21,567,567,0,0,0,0
"22100035","CHA","Cody Martin, Ish Smith, Kelly Oubre Jr., Mason Plumlee, P.J. Washington",5,"1",21,19,21,26,482,567,0,7,-7,85
"22100035","BKN","Bruce Brown, James Harden, Nic Claxton, Patty Mills, Paul Millsap",6,"1",26,21,28,24,567,635,2,3,-1,68
"22100035","CHA","Cody Martin, Ish Smith, Jalen McDaniels, Mason Plumlee, P.J. Washington",6,"1",21,26,24,28,567,635,3,2,1,68
"22100035","BKN","Bruce Brown, James Harden, Joe Harris, Nic Claxton, Patty Mills",7,"1",28,24,31,27,635,720,3,3,0,85
"22100035","CHA","Cody Martin, Jalen McDaniels, LaMelo Ball, Mason Plumlee, P.J. Washington",7,"1",24,28,27,31,635,720,3,3,0,85
"22100035","BKN","James Harden, James Johnson, Joe Harris, Nic Claxton, Patty Mills",8,"2",31,27,34,29,720,778,3,2,1,58
"22100035","CHA","Cody Martin, Jalen McDaniels, LaMelo Ball, Miles Bridges, P.J. Washington",8,"2",27,31,31,36,720,862,4,5,-1,142
"22100035","BKN","James Harden, James Johnson, Jevon Carter, Joe Harris, Nic Claxton",9,"2",34,29,36,31,778,862,2,2,0,84
"22100035","CHA","Cody Martin, Jalen McDaniels, LaMelo Ball, Mason Plumlee, Miles Bridges",9,"2",31,36,35,39,862,941,4,3,1,79
"22100035","BKN","James Harden, James Johnson, Jevon Carter, Joe Harris, LaMarcus Aldridge",10,"2",36,31,39,35,862,941,3,4,-1,79
"22100035","CHA","Gordon Hayward, Jalen McDaniels, LaMelo Ball, Mason Plumlee, Miles Bridges",10,"2",35,39,41,39,941,1070,6,0,6,129
"22100035","BKN","James Harden, James Johnson, Joe Harris, Kevin Durant, LaMarcus Aldridge",11,"2",39,35,39,35,941,941,0,0,0,0
"22100035","CHA","Gordon Hayward, Ish Smith, Jalen McDaniels, Mason Plumlee, Miles Bridges",11,"2",41,39,41,41,1070,1130,0,2,-2,60
"22100035","BKN","James Harden, Joe Harris, Kevin Durant, LaMarcus Aldridge, Patty Mills",12,"2",39,35,39,39,941,1054,0,4,-4,113
"22100035","CHA","Cody Martin, Gordon Hayward, Ish Smith, Jalen McDaniels, Mason Plumlee",12,"2",41,41,43,43,1130,1214,2,2,0,84
"22100035","BKN","James Harden, Kevin Durant, LaMarcus Aldridge, Patty Mills, Paul Millsap",13,"2",39,39,39,39,1054,1054,0,0,0,0
"22100035","CHA","Cody Martin, Gordon Hayward, Jalen McDaniels, LaMelo Ball, Mason Plumlee",13,"2",43,43,43,48,1214,1271,0,5,-5,57
"22100035","BKN","Jevon Carter, Kevin Durant, LaMarcus Aldridge, Patty Mills, Paul Millsap",14,"2",39,39,43,43,1054,1214,4,4,0,160
"22100035","CHA","Cody Martin, Gordon Hayward, LaMelo Ball, Mason Plumlee, Miles Bridges",14,"2",43,48,50,58,1271,1435,7,10,-3,164
"22100035","BKN","Jevon Carter, Joe Harris, Kevin Durant, LaMarcus Aldridge, Paul Millsap",15,"2",43,43,43,43,1214,1214,0,0,0,0
"22100035","CHA","Gordon Hayward, Kelly Oubre Jr., LaMelo Ball, Mason Plumlee, Miles Bridges",15,"2",50,58,50,58,1435,1435,0,0,0,0
"22100035","BKN","James Harden, Jevon Carter, Joe Harris, Kevin Durant, LaMarcus Aldridge",16,"2",43,43,45,43,1214,1229,2,0,2,15
"22100035","CHA","Gordon Hayward, Kelly Oubre Jr., LaMelo Ball, Miles Bridges, P.J. Washington",16,"2",50,58,50,58,1435,1440,0,0,0,5
"22100035","BKN","Bruce Brown, James Harden, Joe Harris, Kevin Durant, LaMarcus Aldridge",17,"2",45,43,48,43,1229,1271,3,0,3,42
"22100035","CHA","Gordon Hayward, Kelly Oubre Jr., LaMelo Ball, Mason Plumlee, Miles Bridges",17,"3",50,58,59,68,1440,1679,9,10,-1,239
"22100035","BKN","Bruce Brown, James Harden, Kevin Durant, LaMarcus Aldridge, Patty Mills",18,"2",48,43,58,50,1271,1435,10,7,3,164
"22100035","CHA","Gordon Hayward, Kelly Oubre Jr., LaMelo Ball, Miles Bridges, P.J. Washington",18,"3",59,68,64,70,1679,1812,5,2,3,133
"22100035","BKN","Bruce Brown, Jevon Carter, Kevin Durant, LaMarcus Aldridge, Patty Mills",19,"2",58,50,58,50,1435,1435,0,0,0,0
"22100035","CHA","Cody Martin, Kelly Oubre Jr., LaMelo Ball, Miles Bridges, P.J. Washington",19,"3",64,70,73,72,1812,1940,9,2,7,128
"22100035","BKN","Bruce Brown, Jevon Carter, Kevin Durant, Nic Claxton, Patty Mills",20,"2",58,50,58,50,1435,1440,0,0,0,5
"22100035","CHA","Cody Martin, Ish Smith, Kelly Oubre Jr., Miles Bridges, P.J. Washington",20,"3",73,72,73,74,1940,2003,0,2,-2,63
"22100035","BKN","James Harden, Jevon Carter, Joe Harris, Kevin Durant, Nic Claxton",21,"3",58,50,68,64,1440,1775,10,14,-4,335
"22100035","CHA","Cody Martin, Ish Smith, Kelly Oubre Jr., Mason Plumlee, P.J. Washington",21,"3",73,74,73,74,2003,2003,0,0,0,0
"22100035","BKN","Bruce Brown, James Harden, Jevon Carter, Kevin Durant, Nic Claxton",22,"3",68,64,68,64,1775,1775,0,0,0,0
"22100035","CHA","Cody Martin, Gordon Hayward, Ish Smith, Mason Plumlee, P.J. Washington",22,"3",73,74,79,78,2003,2160,6,4,2,157
"22100035","BKN","Bruce Brown, James Harden, Jevon Carter, Kevin Durant, LaMarcus Aldridge",23,"3",68,64,70,64,1775,1812,2,0,2,37
"22100035","CHA","Cody Martin, Gordon Hayward, Ish Smith, Mason Plumlee, Miles Bridges",23,"4",79,78,84,83,2160,2313,5,5,0,153
"22100035","BKN","Bruce Brown, Jevon Carter, Kevin Durant, LaMarcus Aldridge, Patty Mills",24,"3",70,64,72,73,1812,1940,2,9,-7,128
"22100035","CHA","Cody Martin, Gordon Hayward, Ish Smith, Miles Bridges, P.J. Washington",24,"4",84,83,94,86,2313,2467,10,3,7,154
"22100035","BKN","Bruce Brown, Kevin Durant, LaMarcus Aldridge, Patty Mills, Paul Millsap",25,"3",72,73,74,73,1940,2003,2,0,2,63
"22100035","CHA","Cody Martin, Ish Smith, Kelly Oubre Jr., Miles Bridges, P.J. Washington",25,"4",94,86,104,93,2467,2682,10,7,3,215
"22100035","BKN","Bruce Brown, James Harden, Kevin Durant, LaMarcus Aldridge, Patty Mills",26,"3",74,73,78,79,2003,2160,4,6,-2,157
"22100035","CHA","Cody Martin, Gordon Hayward, Ish Smith, Kelly Oubre Jr., P.J. Washington",26,"4",104,93,111,95,2682,2833,7,2,5,151
"22100035","BKN","Bruce Brown, James Harden, Joe Harris, LaMarcus Aldridge, Patty Mills",27,"4",78,79,78,82,2160,2265,0,3,-3,105
"22100035","CHA","Gordon Hayward, Ish Smith, JT Thor, Kelly Oubre Jr., P.J. Washington",27,"4",111,95,111,95,2833,2833,0,0,0,0
"22100035","BKN","James Harden, Jevon Carter, Joe Harris, LaMarcus Aldridge, Patty Mills",28,"4",78,82,78,82,2265,2265,0,0,0,0
"22100035","CHA","Gordon Hayward, Ish Smith, JT Thor, P.J. Washington, Vernon Carey Jr.",28,"4",111,95,111,95,2833,2833,0,0,0,0
"22100035","BKN","James Harden, Jevon Carter, Joe Harris, Nic Claxton, Patty Mills",29,"4",78,82,83,84,2265,2313,5,2,3,48
"22100035","CHA","Gordon Hayward, JT Thor, Kai Jones, P.J. Washington, Vernon Carey Jr.",29,"4",111,95,111,95,2833,2833,0,0,0,0
"22100035","BKN","Bruce Brown, James Harden, Jevon Carter, Nic Claxton, Patty Mills",30,"4",83,84,86,90,2313,2409,3,6,-3,96
"22100035","CHA","JT Thor, Kai Jones, Nick Richards, P.J. Washington, Vernon Carey Jr.",30,"4",111,95,111,95,2833,2833,0,0,0,0
"22100035","BKN","Bruce Brown, James Harden, Jevon Carter, Kevin Durant, Patty Mills",31,"4",86,90,86,92,2409,2446,0,2,-2,37
"22100035","CHA","James Bouknight, JT Thor, Kai Jones, Nick Richards, Vernon Carey Jr.",31,"4",111,95,111,95,2833,2880,0,0,0,47
"22100035","BKN","Bruce Brown, Jevon Carter, Joe Harris, Kevin Durant, Patty Mills",32,"4",86,92,93,104,2446,2682,7,12,-5,236
"22100035","BKN","Bruce Brown, James Harden, Joe Harris, Kevin Durant, Patty Mills",33,"4",93,104,95,109,2682,2791,2,5,-3,109
"22100035","BKN","Bruce Brown, DeAndre' Bembry, James Harden, Joe Harris, Patty Mills",34,"4",95,109,95,109,2791,2791,0,0,0,0
"22100035","BKN","Bruce Brown, Cam Thomas, DeAndre' Bembry, James Harden, Joe Harris",35,"4",95,109,95,109,2791,2791,0,0,0,0
"22100035","BKN","Bruce Brown, Cam Thomas, Day'Ron Sharpe, DeAndre' Bembry, James Harden",36,"4",95,109,95,109,2791,2791,0,0,0,0
"22100035","BKN","Bruce Brown, Cam Thomas, Day'Ron Sharpe, DeAndre' Bembry, James Johnson",37,"4",95,109,95,111,2791,2880,0,2,-2,89
"22100036","NYK","Evan Fournier, Julius Randle, Kemba Walker, Mitchell Robinson, RJ Barrett",0,"1",0,0,16,18,0,425,16,18,-2,425
"22100036","ORL","Cole Anthony, Franz Wagner, Jalen Suggs, Mo Bamba, Wendell Carter Jr.",0,"1",0,0,13,12,0,298,13,12,1,298
"22100036","NYK","Derrick Rose, Evan Fournier, Julius Randle, Mitchell Robinson, RJ Barrett",1,"1",16,18,16,18,425,425,0,0,0,0
"22100036","ORL","Franz Wagner, Jalen Suggs, Mo Bamba, Terrence Ross, Wendell Carter Jr.",1,"1",13,12,18,16,298,425,5,4,1,127
"22100036","NYK","Derrick Rose, Evan Fournier, Julius Randle, RJ Barrett, Taj Gibson",2,"1",16,18,21,18,425,478,5,0,5,53
"22100036","ORL","Cole Anthony, Franz Wagner, Mo Bamba, Terrence Ross, Wendell Carter Jr.",2,"1",18,16,18,21,425,478,0,5,-5,53
"22100036","NYK","Alec Burks, Derrick Rose, Evan Fournier, Julius Randle, Taj Gibson",3,"1",21,18,24,24,478,616,3,6,-3,138
"22100036","ORL","Cole Anthony, Franz Wagner, Mo Bamba, Moritz Wagner, Terrence Ross",3,"1",18,21,18,21,478,478,0,0,0,0
"22100036","NYK","Alec Burks, Derrick Rose, Julius Randle, Obi Toppin, Taj Gibson",4,"1",24,24,24,24,616,616,0,0,0,0
"22100036","ORL","Cole Anthony, Mo Bamba, Moritz Wagner, R.J. Hampton, Terrence Ross",4,"1",18,21,21,21,478,550,3,0,3,72
"22100036","NYK","Alec Burks, Derrick Rose, Immanuel Quickley, Obi Toppin, Taj Gibson",5,"1",24,24,29,27,616,720,5,3,2,104
"22100036","NYK","Alec Burks, Derrick Rose, Immanuel Quickley, Obi Toppin, Taj Gibson",5,"2",29,27,37,34,720,940,8,7,1,220
"22100036","ORL","Cole Anthony, Moritz Wagner, R.J. Hampton, Robin Lopez, Terrence Ross",5,"1",21,21,27,29,550,720,6,8,-2,170
"22100036","NYK","Alec Burks, Derrick Rose, Immanuel Quickley, Mitchell Robinson, Obi Toppin",6,"2",37,34,41,34,940,1027,4,0,4,87
"22100036","ORL","Cole Anthony, Mo Bamba, R.J. Hampton, Robin Lopez, Terrence Ross",6,"2",27,29,34,37,720,940,7,8,-1,220
"22100036","NYK","Alec Burks, Derrick Rose, Immanuel Quickley, Julius Randle, Mitchell Robinson",7,"2",41,34,45,34,1027,1093,4,0,4,66
"22100036","ORL","Cole Anthony, Mo Bamba, Robin Lopez, Terrence Ross, Wendell Carter Jr.",7,"2",34,37,34,37,940,940,0,0,0,0
"22100036","NYK","Alec Burks, Evan Fournier, Immanuel Quickley, Julius Randle, Mitchell Robinson",8,"2",45,34,45,34,1093,1093,0,0,0,0
"22100036","ORL","Cole Anthony, Jalen Suggs, Mo Bamba, Terrence Ross, Wendell Carter Jr.",8,"2",34,37,34,37,940,940,0,0,0,0
"22100036","NYK","Alec Burks, Evan Fournier, Julius Randle, Kemba Walker, Mitchell Robinson",9,"2",45,34,47,34,1093,1120,2,0,2,27
"22100036","ORL","Franz Wagner, Jalen Suggs, Mo Bamba, Terrence Ross, Wendell Carter Jr.",9,"2",34,37,34,39,940,967,0,2,-2,27
"22100036","NYK","Evan Fournier, Julius Randle, Kemba Walker, Mitchell Robinson, RJ Barrett",10,"2",47,34,57,52,1120,1436,10,18,-8,316
"22100036","ORL","Franz Wagner, Ignas Brazdeikis, Jalen Suggs, Mo Bamba, Wendell Carter Jr.",10,"2",34,39,34,45,967,1093,0,6,-6,126
"22100036","NYK","Evan Fournier, Julius Randle, Kemba Walker, RJ Barrett, Taj Gibson",11,"2",57,52,57,52,1436,1436,0,0,0,0
"22100036","ORL","Cole Anthony, Franz Wagner, Jalen Suggs, Mo Bamba, Wendell Carter Jr.",11,"2",34,45,36,47,1093,1188,2,2,0,95
"22100036","NYK","Evan Fournier, Julius Randle, Miles McBride, RJ Barrett, Taj Gibson",12,"2",57,52,57,52,1436,1440,0,0,0,4
"22100036","ORL","Cole Anthony, Franz Wagner, Jalen Suggs, Moritz Wagner, Wendell Carter Jr.",12,"2",36,47,36,47,1188,1188,0,0,0,0
"22100036","NYK","Evan Fournier, Julius Randle, Kemba Walker, Mitchell Robinson, RJ Barrett",13,"3",57,52,62,57,1440,1581,5,5,0,141
"22100036","ORL","Cole Anthony, Franz Wagner, Moritz Wagner, R.J. Hampton, Wendell Carter Jr.",13,"2",36,47,43,49,1188,1282,7,2,5,94
"22100036","NYK","Evan Fournier, Julius Randle, Kemba Walker, Obi Toppin, RJ Barrett",14,"3",62,57,66,65,1581,1725,4,8,-4,144
"22100036","ORL","Cole Anthony, Franz Wagner, Moritz Wagner, R.J. Hampton, Terrence Ross",14,"2",43,49,52,57,1282,1440,9,8,1,158
"22100036","NYK","Evan Fournier, Julius Randle, Kemba Walker, Mitchell Robinson, RJ Barrett",15,"3",66,65,66,67,1725,1830,0,2,-2,105
"22100036","ORL","Cole Anthony, Franz Wagner, Jalen Suggs, Mo Bamba, Wendell Carter Jr.",15,"3",52,57,67,66,1440,1830,15,9,6,390
"22100036","NYK","Derrick Rose, Julius Randle, Kemba Walker, Mitchell Robinson, RJ Barrett",16,"3",66,67,66,67,1830,1830,0,0,0,0
"22100036","ORL","Cole Anthony, Jalen Suggs, Mo Bamba, Terrence Ross, Wendell Carter Jr.",16,"3",67,66,69,72,1830,1930,2,6,-4,100
"22100036","NYK","Alec Burks, Derrick Rose, Julius Randle, Mitchell Robinson, RJ Barrett",17,"3",66,67,78,71,1830,2065,12,4,8,235
"22100036","ORL","Jalen Suggs, Mo Bamba, R.J. Hampton, Terrence Ross, Wendell Carter Jr.",17,"3",69,72,69,72,1930,1930,0,0,0,0
"22100036","NYK","Alec Burks, Derrick Rose, Immanuel Quickley, Julius Randle, Mitchell Robinson",18,"3",78,71,80,71,2065,2128,2,0,2,63
"22100036","ORL","Franz Wagner, Mo Bamba, R.J. Hampton, Terrence Ross, Wendell Carter Jr.",18,"3",69,72,71,75,1930,2003,2,3,-1,73
"22100036","NYK","Alec Burks, Derrick Rose, Immanuel Quickley, Julius Randle, Taj Gibson",19,"3",80,71,80,74,2128,2160,0,3,-3,32
"22100036","ORL","Franz Wagner, Mo Bamba, R.J. Hampton, Robin Lopez, Terrence Ross",19,"3",71,75,71,78,2003,2065,0,3,-3,62
"22100036","NYK","Alec Burks, Derrick Rose, Immanuel Quickley, Obi Toppin, Taj Gibson",20,"4",80,74,80,86,2160,2320,0,12,-12,160
"22100036","ORL","Franz Wagner, Moritz Wagner, R.J. Hampton, Robin Lopez, Terrence Ross",20,"3",71,78,74,80,2065,2160,3,2,1,95
"22100036","NYK","Alec Burks, Derrick Rose, Julius Randle, Obi Toppin, Taj Gibson",21,"4",80,86,80,86,2320,2320,0,0,0,0
"22100036","ORL","Franz Wagner, Jalen Suggs, Moritz Wagner, Robin Lopez, Terrence Ross",21,"4",74,80,87,82,2160,2409,13,2,11,249
"22100036","NYK","Alec Burks, Derrick Rose, Julius Randle, Obi Toppin, RJ Barrett",22,"4",80,86,80,86,2320,2320,0,0,0,0
"22100036","ORL","Franz Wagner, Jalen Suggs, Robin Lopez, Terrence Ross, Wendell Carter Jr.",22,"4",87,82,87,82,2409,2445,0,0,0,36
"22100036","NYK","Alec Burks, Derrick Rose, Julius Randle, Mitchell Robinson, RJ Barrett",23,"4",80,86,92,101,2320,2675,12,15,-3,355
"22100036","ORL","Cole Anthony, Franz Wagner, Robin Lopez, Terrence Ross, Wendell Carter Jr.",23,"4",87,82,89,86,2445,2493,2,4,-2,48
"22100036","NYK","Derrick Rose, Evan Fournier, Julius Randle, Mitchell Robinson, RJ Barrett",24,"4",92,101,96,106,2675,2857,4,5,-1,182
"22100036","ORL","Cole Anthony, Franz Wagner, Mo Bamba, Terrence Ross, Wendell Carter Jr.",24,"4",89,86,110,104,2493,2880,21,18,3,387
"22100036","NYK","Derrick Rose, Evan Fournier, Julius Randle, Obi Toppin, RJ Barrett",25,"4",96,106,104,110,2857,2880,8,4,4,23
"22100037","BOS","Al Horford, Dennis Schroder, Jayson Tatum, Marcus Smart, Robert Williams III",0,"1",0,0,10,9,0,292,10,9,1,292
"22100037","HOU","Christian Wood, Daniel Theis, Jae'Sean Tate, Jalen Green, Kevin Porter Jr.",0,"1",0,0,13,10,0,376,13,10,3,376
"22100037","BOS","Dennis Schroder, Grant Williams, Jayson Tatum, Marcus Smart, Robert Williams III",1,"1",10,9,10,13,292,376,0,4,-4,84
"22100037","HOU","Alperen Sengun, Christian Wood, Daniel Theis, Jae'Sean Tate, Kevin Porter Jr.",1,"1",13,10,13,10,376,376,0,0,0,0
"22100037","BOS","Dennis Schroder, Grant Williams, Josh Richardson, Marcus Smart, Robert Williams III",2,"1",10,13,12,13,376,422,2,0,2,46
"22100037","HOU","Alperen Sengun, Christian Wood, Eric Gordon, Jae'Sean Tate, Kevin Porter Jr.",2,"1",13,10,19,15,376,534,6,5,1,158
"22100037","BOS","Aaron Nesmith, Grant Williams, Josh Richardson, Marcus Smart, Robert Williams III",3,"1",12,13,15,19,422,534,3,6,-3,112
"22100037","HOU","Alperen Sengun, Christian Wood, D.J. Augustin, Eric Gordon, Jae'Sean Tate",3,"1",19,15,19,15,534,534,0,0,0,0
"22100037","BOS","Aaron Nesmith, Al Horford, Grant Williams, Josh Richardson, Marcus Smart",4,"1",15,19,15,21,534,550,0,2,-2,16
"22100037","HOU","Alperen Sengun, Christian Wood, D.J. Augustin, Danuel House Jr., Eric Gordon",4,"1",19,15,27,18,534,655,8,3,5,121
"22100037","BOS","Aaron Nesmith, Al Horford, Josh Richardson, Marcus Smart, Payton Pritchard",5,"1",15,21,15,21,550,550,0,0,0,0
"22100037","HOU","Alperen Sengun, D.J. Augustin, Danuel House Jr., Eric Gordon, Jalen Green",5,"1",27,18,30,22,655,720,3,4,-1,65
"22100037","HOU","Alperen Sengun, D.J. Augustin, Danuel House Jr., Eric Gordon, Jalen Green",5,"2",30,22,30,28,720,813,0,6,-6,93
"22100037","BOS","Aaron Nesmith, Al Horford, Jayson Tatum, Josh Richardson, Payton Pritchard",6,"1",15,21,22,30,550,720,7,9,-2,170
"22100037","HOU","Alperen Sengun, D.J. Augustin, Eric Gordon, Jalen Green, Kevin Porter Jr.",6,"2",30,28,30,28,813,813,0,0,0,0
"22100037","BOS","Al Horford, Grant Williams, Jayson Tatum, Josh Richardson, Payton Pritchard",7,"2",22,30,28,30,720,813,6,0,6,93
"22100037","HOU","Alperen Sengun, David Nwaba, Eric Gordon, Jalen Green, Kevin Porter Jr.",7,"2",30,28,33,28,813,877,3,0,3,64
"22100037","BOS","Grant Williams, Jayson Tatum, Josh Richardson, Payton Pritchard, Robert Williams III",8,"2",28,30,28,33,813,877,0,3,-3,64
"22100037","HOU","Daniel Theis, David Nwaba, Eric Gordon, Jalen Green, Kevin Porter Jr.",8,"2",33,28,38,35,877,1038,5,7,-2,161
"22100037","BOS","Aaron Nesmith, Grant Williams, Josh Richardson, Payton Pritchard, Robert Williams III",9,"2",28,33,28,33,877,877,0,0,0,0
"22100037","HOU","Christian Wood, Daniel Theis, Eric Gordon, Jalen Green, Kevin Porter Jr.",9,"2",38,35,38,35,1038,1038,0,0,0,0
"22100037","BOS","Aaron Nesmith, Dennis Schroder, Grant Williams, Payton Pritchard, Robert Williams III",10,"2",28,33,35,38,877,1038,7,5,2,161
"22100037","HOU","Christian Wood, Daniel Theis, Jae'Sean Tate, Jalen Green, Kevin Porter Jr.",10,"2",38,35,51,53,1038,1440,13,18,-5,402
"22100037","HOU","Christian Wood, Daniel Theis, Jae'Sean Tate, Jalen Green, Kevin Porter Jr.",10,"3",51,53,64,73,1440,1856,13,20,-7,416
"22100037","BOS","Aaron Nesmith, Dennis Schroder, Grant Williams, Marcus Smart, Robert Williams III",11,"2",35,38,37,38,1038,1094,2,0,2,56
"22100037","HOU","Christian Wood, Daniel Theis, Eric Gordon, Jae'Sean Tate, Kevin Porter Jr.",11,"3",64,73,64,73,1856,1856,0,0,0,0
"22100037","BOS","Dennis Schroder, Grant Williams, Jayson Tatum, Marcus Smart, Robert Williams III",12,"2",37,38,38,41,1094,1126,1,3,-2,32
"22100037","HOU","Alperen Sengun, Christian Wood, Eric Gordon, Jae'Sean Tate, Kevin Porter Jr.",12,"3",64,73,64,75,1856,1867,0,2,-2,11
"22100037","BOS","Al Horford, Dennis Schroder, Grant Williams, Jayson Tatum, Marcus Smart",13,"2",38,41,53,51,1126,1440,15,10,5,314
"22100037","HOU","Alperen Sengun, Christian Wood, Danuel House Jr., Eric Gordon, Kevin Porter Jr.",13,"3",64,75,66,79,1867,1970,2,4,-2,103
"22100037","BOS","Al Horford, Dennis Schroder, Jayson Tatum, Marcus Smart, Robert Williams III",14,"3",53,51,67,60,1440,1738,14,9,5,298
"22100037","HOU","Alperen Sengun, Christian Wood, D.J. Augustin, Danuel House Jr., Eric Gordon",14,"3",66,79,69,86,1970,2045,3,7,-4,75
"22100037","BOS","Dennis Schroder, Grant Williams, Jayson Tatum, Marcus Smart, Robert Williams III",15,"3",67,60,73,64,1738,1856,6,4,2,118
"22100037","HOU","Alperen Sengun, D.J. Augustin, Danuel House Jr., Eric Gordon, Jae'Sean Tate",15,"3",69,86,72,89,2045,2160,3,3,0,115
"22100037","HOU","Alperen Sengun, D.J. Augustin, Danuel House Jr., Eric Gordon, Jae'Sean Tate",15,"4",72,89,76,89,2160,2307,4,0,4,147
"22100037","BOS","Dennis Schroder, Grant Williams, Josh Richardson, Marcus Smart, Robert Williams III",16,"3",73,64,77,66,1856,1927,4,2,2,71
"22100037","HOU","Alperen Sengun, Danuel House Jr., Eric Gordon, Jae'Sean Tate, Jalen Green",16,"4",76,89,76,91,2307,2343,0,2,-2,36
"22100037","BOS","Al Horford, Dennis Schroder, Grant Williams, Josh Richardson, Marcus Smart",17,"3",77,66,79,66,1927,1989,2,0,2,62
"22100037","HOU","Alperen Sengun, Danuel House Jr., Jae'Sean Tate, Jalen Green, Kevin Porter Jr.",17,"4",76,91,81,93,2343,2411,5,2,3,68
"22100037","BOS","Al Horford, Grant Williams, Josh Richardson, Marcus Smart, Payton Pritchard",18,"3",79,66,84,69,1989,2021,5,3,2,32
"22100037","HOU","Alperen Sengun, Christian Wood, Jae'Sean Tate, Jalen Green, Kevin Porter Jr.",18,"4",81,93,83,93,2411,2441,2,0,2,30
"22100037","BOS","Al Horford, Jayson Tatum, Josh Richardson, Marcus Smart, Payton Pritchard",19,"3",84,69,89,72,2021,2160,5,3,2,139
"22100037","HOU","Alperen Sengun, Christian Wood, Eric Gordon, Jalen Green, Kevin Porter Jr.",19,"4",83,93,83,97,2441,2521,0,4,-4,80
"22100037","BOS","Aaron Nesmith, Jayson Tatum, Josh Richardson, Payton Pritchard, Robert Williams III",20,"4",89,72,89,76,2160,2307,0,4,-4,147
"22100037","HOU","Christian Wood, Eric Gordon, Jae'Sean Tate, Jalen Green, Kevin Porter Jr.",20,"4",83,97,95,107,2521,2848,12,10,2,327
"22100037","BOS","Grant Williams, Jayson Tatum, Josh Richardson, Payton Pritchard, Robert Williams III",21,"4",89,76,93,81,2307,2411,4,5,-1,104
"22100037","HOU","Christian Wood, Eric Gordon, Jae'Sean Tate, Jalen Green, Josh Christopher",21,"4",95,107,97,107,2848,2880,2,0,2,32
"22100037","BOS","Grant Williams, Josh Richardson, Marcus Smart, Payton Pritchard, Robert Williams III",22,"4",93,81,93,81,2411,2411,0,0,0,0
"22100037","BOS","Dennis Schroder, Grant Williams, Josh Richardson, Marcus Smart, Robert Williams III",23,"4",93,81,96,83,2411,2488,3,2,1,77
"22100037","BOS","Dennis Schroder, Grant Williams, Jayson Tatum, Marcus Smart, Robert Williams III",24,"4",96,83,96,83,2488,2488,0,0,0,0
"22100037","BOS","Al Horford, Dennis Schroder, Grant Williams, Jayson Tatum, Marcus Smart",25,"4",96,83,107,95,2488,2848,11,12,-1,360
"22100037","BOS","Aaron Nesmith, Al Horford, Dennis Schroder, Grant Williams, Marcus Smart",26,"4",107,95,107,95,2848,2848,0,0,0,0
"22100037","BOS","Aaron Nesmith, Dennis Schroder, Grant Williams, Marcus Smart, Payton Pritchard",27,"4",107,95,107,97,2848,2880,0,2,-2,32
"22100038","OKC","Darius Bazley, Derrick Favors, Josh Giddey, Luguentz Dort, Shai Gilgeous-Alexander",0,"1",0,0,17,18,0,407,17,18,-1,407
"22100038","PHI","Danny Green, Joel Embiid, Seth Curry, Tobias Harris, Tyrese Maxey",0,"1",0,0,10,5,0,234,10,5,5,234
"22100038","OKC","Darius Bazley, Jeremiah Robinson-Earl, Josh Giddey, Luguentz Dort, Shai Gilgeous-Alexander",1,"1",17,18,17,22,407,445,0,4,-4,38
"22100038","PHI","Danny Green, Georges Niang, Seth Curry, Tobias Harris, Tyrese Maxey",1,"1",10,5,15,11,234,343,5,6,-1,109
"22100038","OKC","Darius Bazley, Jeremiah Robinson-Earl, Luguentz Dort, Shai Gilgeous-Alexander, Tre Mann",2,"1",17,22,20,29,445,604,3,7,-4,159
"22100038","PHI","Danny Green, Joel Embiid, Seth Curry, Tobias Harris, Tyrese Maxey",2,"1",15,11,22,17,343,481,7,6,1,138
"22100038","OKC","Darius Bazley, Jeremiah Robinson-Earl, Luguentz Dort, Theo Maledon, Tre Mann",3,"1",20,29,20,29,604,604,0,0,0,0
"22100038","PHI","Joel Embiid, Matisse Thybulle, Seth Curry, Tobias Harris, Tyrese Maxey",3,"1",22,17,25,20,481,539,3,3,0,58
"22100038","OKC","Aleksej Pokusevski, Darius Bazley, Jeremiah Robinson-Earl, Theo Maledon, Tre Mann",4,"1",20,29,20,29,604,604,0,0,0,0
"22100038","PHI","Furkan Korkmaz, Joel Embiid, Matisse Thybulle, Seth Curry, Tobias Harris",4,"1",25,20,29,20,539,604,4,0,4,65
"22100038","OKC","Aleksej Pokusevski, Jeremiah Robinson-Earl, Kenrich Williams, Theo Maledon, Tre Mann",5,"1",20,29,22,30,604,627,2,1,1,23
"22100038","PHI","Furkan Korkmaz, Georges Niang, Joel Embiid, Matisse Thybulle, Seth Curry",5,"1",29,20,36,26,604,720,7,6,1,116
"22100038","OKC","Aleksej Pokusevski, Kenrich Williams, Mike Muscala, Theo Maledon, Tre Mann",6,"1",22,30,26,36,627,720,4,6,-2,93
"22100038","PHI","Furkan Korkmaz, Georges Niang, Isaiah Joe, Matisse Thybulle, Paul Reed",6,"2",36,26,44,31,720,997,8,5,3,277
"22100038","OKC","Aleksej Pokusevski, Jeremiah Robinson-Earl, Kenrich Williams, Theo Maledon, Tre Mann",7,"2",26,36,31,41,720,903,5,5,0,183
"22100038","PHI","Furkan Korkmaz, Georges Niang, Isaiah Joe, Matisse Thybulle, Tobias Harris",7,"2",44,31,46,34,997,1069,2,3,-1,72
"22100038","OKC","Aleksej Pokusevski, Jeremiah Robinson-Earl, Josh Giddey, Kenrich Williams, Theo Maledon",8,"2",31,41,31,44,903,956,0,3,-3,53
"22100038","PHI","Furkan Korkmaz, Georges Niang, Matisse Thybulle, Tobias Harris, Tyrese Maxey",8,"2",46,34,46,36,1069,1099,0,2,-2,30
"22100038","OKC","Aleksej Pokusevski, Josh Giddey, Kenrich Williams, Mike Muscala, Theo Maledon",9,"2",31,44,31,44,956,971,0,0,0,15
"22100038","PHI","Furkan Korkmaz, Joel Embiid, Matisse Thybulle, Tobias Harris, Tyrese Maxey",9,"2",46,36,46,36,1099,1099,0,0,0,0
"22100038","OKC","Josh Giddey, Kenrich Williams, Luguentz Dort, Mike Muscala, Theo Maledon",10,"2",31,44,31,44,971,997,0,0,0,26
"22100038","PHI","Furkan Korkmaz, Joel Embiid, Seth Curry, Tobias Harris, Tyrese Maxey",10,"2",46,36,46,36,1099,1099,0,0,0,0
"22100038","OKC","Josh Giddey, Kenrich Williams, Luguentz Dort, Mike Muscala, Shai Gilgeous-Alexander",11,"2",31,44,34,46,997,1069,3,2,1,72
"22100038","PHI","Danny Green, Joel Embiid, Seth Curry, Tobias Harris, Tyrese Maxey",11,"2",46,36,59,51,1099,1440,13,15,-2,341
"22100038","PHI","Danny Green, Joel Embiid, Seth Curry, Tobias Harris, Tyrese Maxey",11,"3",59,51,76,70,1440,1936,17,19,-2,496
"22100038","OKC","Darius Bazley, Kenrich Williams, Luguentz Dort, Mike Muscala, Shai Gilgeous-Alexander",12,"2",34,46,36,46,1069,1099,2,0,2,30
"22100038","PHI","Danny Green, Joel Embiid, Matisse Thybulle, Seth Curry, Tyrese Maxey",12,"3",76,70,76,70,1936,1936,0,0,0,0
"22100038","OKC","Darius Bazley, Josh Giddey, Luguentz Dort, Mike Muscala, Shai Gilgeous-Alexander",13,"2",36,46,44,54,1099,1256,8,8,0,157
"22100038","PHI","Georges Niang, Joel Embiid, Matisse Thybulle, Seth Curry, Tyrese Maxey",13,"3",76,70,82,72,1936,2062,6,2,4,126
"22100038","OKC","Darius Bazley, Derrick Favors, Josh Giddey, Luguentz Dort, Shai Gilgeous-Alexander",14,"2",44,54,51,59,1256,1440,7,5,2,184
"22100038","OKC","Darius Bazley, Derrick Favors, Josh Giddey, Luguentz Dort, Shai Gilgeous-Alexander",14,"3",51,59,63,73,1440,1845,12,14,-2,405
"22100038","PHI","Furkan Korkmaz, Georges Niang, Joel Embiid, Matisse Thybulle, Seth Curry",14,"3",82,72,83,73,2062,2082,1,1,0,20
"22100038","OKC","Darius Bazley, Josh Giddey, Luguentz Dort, Mike Muscala, Shai Gilgeous-Alexander",15,"3",63,73,70,76,1845,1936,7,3,4,91
"22100038","PHI","Furkan Korkmaz, Georges Niang, Isaiah Joe, Joel Embiid, Matisse Thybulle",15,"3",83,73,87,78,2082,2160,4,5,-1,78
"22100038","OKC","Darius Bazley, Luguentz Dort, Mike Muscala, Shai Gilgeous-Alexander, Theo Maledon",16,"3",70,76,70,76,1936,1936,0,0,0,0
"22100038","PHI","Furkan Korkmaz, Georges Niang, Isaiah Joe, Matisse Thybulle, Paul Reed",16,"4",87,78,98,80,2160,2369,11,2,9,209
"22100038","OKC","Kenrich Williams, Luguentz Dort, Mike Muscala, Shai Gilgeous-Alexander, Theo Maledon",17,"3",70,76,72,82,1936,2062,2,6,-4,126
"22100038","PHI","Furkan Korkmaz, Georges Niang, Matisse Thybulle, Paul Reed, Tyrese Maxey",17,"4",98,80,98,84,2369,2449,0,4,-4,80
"22100038","OKC","Kenrich Williams, Mike Muscala, Shai Gilgeous-Alexander, Theo Maledon, Tre Mann",18,"3",72,82,78,87,2062,2160,6,5,1,98
"22100038","PHI","Furkan Korkmaz, Georges Niang, Matisse Thybulle, Tobias Harris, Tyrese Maxey",18,"4",98,84,98,86,2449,2519,0,2,-2,70
"22100038","OKC","Darius Bazley, Jeremiah Robinson-Earl, Josh Giddey, Kenrich Williams, Theo Maledon",19,"4",78,87,80,98,2160,2292,2,11,-9,132
"22100038","PHI","Furkan Korkmaz, Joel Embiid, Matisse Thybulle, Tobias Harris, Tyrese Maxey",19,"4",98,86,98,86,2519,2519,0,0,0,0
"22100038","OKC","Jeremiah Robinson-Earl, Josh Giddey, Kenrich Williams, Luguentz Dort, Theo Maledon",20,"4",80,98,80,98,2292,2292,0,0,0,0
"22100038","PHI","Furkan Korkmaz, Joel Embiid, Seth Curry, Tobias Harris, Tyrese Maxey",20,"4",98,86,98,86,2519,2519,0,0,0,0
"22100038","OKC","Jeremiah Robinson-Earl, Josh Giddey, Kenrich Williams, Luguentz Dort, Shai Gilgeous-Alexander",21,"4",80,98,84,98,2292,2449,4,0,4,157
"22100038","PHI","Danny Green, Joel Embiid, Seth Curry, Tobias Harris, Tyrese Maxey",21,"4",98,86,115,103,2519,2844,17,17,0,325
"22100038","OKC","Josh Giddey, Kenrich Williams, Luguentz Dort, Mike Muscala, Shai Gilgeous-Alexander",22,"4",84,98,89,102,2449,2577,5,4,1,128
"22100038","PHI","Danny Green, Georges Niang, Seth Curry, Tobias Harris, Tyrese Maxey",22,"4",115,103,115,103,2844,2880,0,0,0,36
"22100038","OKC","Darius Bazley, Kenrich Williams, Luguentz Dort, Mike Muscala, Shai Gilgeous-Alexander",23,"4",89,102,89,102,2577,2577,0,0,0,0
"22100038","OKC","Darius Bazley, Derrick Favors, Kenrich Williams, Luguentz Dort, Shai Gilgeous-Alexander",24,"4",89,102,93,106,2577,2695,4,4,0,118
"22100038","OKC","Darius Bazley, Derrick Favors, Josh Giddey, Luguentz Dort, Shai Gilgeous-Alexander",25,"4",93,106,93,106,2695,2695,0,0,0,0
"22100038","OKC","Darius Bazley, Josh Giddey, Luguentz Dort, Mike Muscala, Shai Gilgeous-Alexander",26,"4",93,106,99,110,2695,2799,6,4,2,104
"22100038","OKC","Darius Bazley, Jeremiah Robinson-Earl, Josh Giddey, Luguentz Dort, Shai Gilgeous-Alexander",27,"4",99,110,103,115,2799,2844,4,5,-1,45
"22100038","OKC","Aleksej Pokusevski, Darius Bazley, Jeremiah Robinson-Earl, Josh Giddey, Luguentz Dort",28,"4",103,115,103,115,2844,2844,0,0,0,0
"22100038","OKC","Aleksej Pokusevski, Darius Bazley, Jeremiah Robinson-Earl, Luguentz Dort, Tre Mann",29,"4",103,115,103,115,2844,2844,0,0,0,0
"22100038","OKC","Aleksej Pokusevski, Darius Bazley, Jeremiah Robinson-Earl, Theo Maledon, Tre Mann",30,"4",103,115,103,115,2844,2880,0,0,0,36
"22100039","GSW","Andrew Wiggins, Draymond Green, Jordan Poole, Kevon Looney, Stephen Curry",0,"1",0,0,14,16,0,373,14,16,-2,373
"22100039","SAC","De'Aaron Fox, Harrison Barnes, Maurice Harkless, Richaun Holmes, Tyrese Haliburton",0,"1",0,0,12,14,0,314,12,14,-2,314
"22100039","GSW","Andrew Wiggins, Draymond Green, Kevon Looney, Nemanja Bjelica, Stephen Curry",1,"1",14,16,14,16,373,373,0,0,0,0
"22100039","SAC","Davion Mitchell, De'Aaron Fox, Harrison Barnes, Richaun Holmes, Tyrese Haliburton",1,"1",12,14,12,14,314,314,0,0,0,0
"22100039","GSW","Andrew Wiggins, Draymond Green, Gary Payton II, Nemanja Bjelica, Stephen Curry",2,"1",14,16,22,21,373,530,8,5,3,157
"22100039","SAC","Buddy Hield, Davion Mitchell, De'Aaron Fox, Harrison Barnes, Richaun Holmes",2,"1",12,14,19,17,314,450,7,3,4,136
"22100039","GSW","Draymond Green, Gary Payton II, Nemanja Bjelica, Otto Porter Jr., Stephen Curry",3,"1",22,21,26,26,530,656,4,5,-1,126
"22100039","SAC","Buddy Hield, Davion Mitchell, De'Aaron Fox, Harrison Barnes, Tristan Thompson",3,"1",19,17,21,22,450,530,2,5,-3,80
"22100039","GSW","Gary Payton II, Juan Toscano-Anderson, Nemanja Bjelica, Otto Porter Jr., Stephen Curry",4,"1",26,26,29,31,656,720,3,5,-2,64
"22100039","SAC","Buddy Hield, Davion Mitchell, Harrison Barnes, Terence Davis, Tristan Thompson",4,"1",21,22,21,22,530,530,0,0,0,0
"22100039","GSW","Damion Lee, Jordan Poole, Juan Toscano-Anderson, Nemanja Bjelica, Otto Porter Jr.",5,"2",29,31,36,38,720,958,7,7,0,238
"22100039","SAC","Buddy Hield, Davion Mitchell, Maurice Harkless, Terence Davis, Tristan Thompson",5,"1",21,22,31,29,530,720,10,7,3,190
"22100039","GSW","Damion Lee, Jordan Poole, Juan Toscano-Anderson, Kevon Looney, Otto Porter Jr.",6,"2",36,38,36,40,958,993,0,2,-2,35
"22100039","SAC","Davion Mitchell, Maurice Harkless, Richaun Holmes, Terence Davis, Tyrese Haliburton",6,"2",31,29,38,36,720,958,7,7,0,238
"22100039","GSW","Damion Lee, Draymond Green, Jordan Poole, Kevon Looney, Otto Porter Jr.",7,"2",36,40,38,46,993,1061,2,6,-4,68
"22100039","SAC","Davion Mitchell, De'Aaron Fox, Richaun Holmes, Terence Davis, Tyrese Haliburton",7,"2",38,36,38,36,958,958,0,0,0,0
"22100039","GSW","Damion Lee, Draymond Green, Kevon Looney, Otto Porter Jr., Stephen Curry",8,"2",38,46,43,48,1061,1138,5,2,3,77
"22100039","SAC","De'Aaron Fox, Harrison Barnes, Richaun Holmes, Terence Davis, Tyrese Haliburton",8,"2",38,36,40,36,958,984,2,0,2,26
"22100039","GSW","Andrew Wiggins, Damion Lee, Draymond Green, Kevon Looney, Stephen Curry",9,"2",43,48,60,62,1138,1413,17,14,3,275
"22100039","SAC","De'Aaron Fox, Harrison Barnes, Richaun Holmes, Tristan Thompson, Tyrese Haliburton",9,"2",40,36,40,36,984,984,0,0,0,0
"22100039","GSW","Andrew Wiggins, Draymond Green, Gary Payton II, Kevon Looney, Stephen Curry",10,"2",60,62,60,62,1413,1440,0,0,0,27
"22100039","SAC","Buddy Hield, De'Aaron Fox, Harrison Barnes, Tristan Thompson, Tyrese Haliburton",10,"2",40,36,48,43,984,1138,8,7,1,154
"22100039","GSW","Andrew Wiggins, Draymond Green, Jordan Poole, Kevon Looney, Stephen Curry",11,"3",60,62,71,77,1440,1721,11,15,-4,281
"22100039","SAC","Buddy Hield, Davion Mitchell, De'Aaron Fox, Harrison Barnes, Tristan Thompson",11,"2",48,43,48,43,1138,1138,0,0,0,0
"22100039","GSW","Andrew Wiggins, Draymond Green, Jordan Poole, Otto Porter Jr., Stephen Curry",12,"3",71,77,79,79,1721,1920,8,2,6,199
"22100039","SAC","Buddy Hield, Davion Mitchell, De'Aaron Fox, Harrison Barnes, Richaun Holmes",12,"2",48,43,52,50,1138,1227,4,7,-3,89
"22100039","GSW","Andrew Wiggins, Draymond Green, Gary Payton II, Otto Porter Jr., Stephen Curry",13,"3",79,79,79,79,1920,1920,0,0,0,0
"22100039","SAC","Davion Mitchell, De'Aaron Fox, Harrison Barnes, Richaun Holmes, Tyrese Haliburton",13,"2",52,50,62,60,1227,1413,10,10,0,186
"22100039","GSW","Damion Lee, Draymond Green, Gary Payton II, Otto Porter Jr., Stephen Curry",14,"3",79,79,86,86,1920,2103,7,7,0,183
"22100039","SAC","Davion Mitchell, Harrison Barnes, Richaun Holmes, Tristan Thompson, Tyrese Haliburton",14,"2",62,60,62,60,1413,1413,0,0,0,0
"22100039","GSW","Damion Lee, Gary Payton II, Juan Toscano-Anderson, Otto Porter Jr., Stephen Curry",15,"3",86,86,90,88,2103,2160,4,2,2,57
"22100039","SAC","Buddy Hield, Davion Mitchell, Harrison Barnes, Tristan Thompson, Tyrese Haliburton",15,"2",62,60,62,60,1413,1440,0,0,0,27
"22100039","GSW","Damion Lee, Gary Payton II, Jordan Poole, Juan Toscano-Anderson, Otto Porter Jr.",16,"4",90,88,94,94,2160,2320,4,6,-2,160
"22100039","SAC","De'Aaron Fox, Harrison Barnes, Maurice Harkless, Richaun Holmes, Tyrese Haliburton",16,"3",62,60,77,73,1440,1762,15,13,2,322
"22100039","GSW","Andrew Wiggins, Damion Lee, Gary Payton II, Jordan Poole, Juan Toscano-Anderson",17,"4",94,94,107,101,2320,2583,13,7,6,263
"22100039","SAC","De'Aaron Fox, Harrison Barnes, Maurice Harkless, Richaun Holmes, Tristan Thompson",17,"3",77,73,77,73,1762,1762,0,0,0,0
"22100039","GSW","Andrew Wiggins, Damion Lee, Draymond Green, Jordan Poole, Juan Toscano-Anderson",18,"4",107,101,107,101,2583,2583,0,0,0,0
"22100039","SAC","Davion Mitchell, De'Aaron Fox, Harrison Barnes, Richaun Holmes, Tristan Thompson",18,"3",77,73,77,73,1762,1762,0,0,0,0
"22100039","GSW","Andrew Wiggins, Draymond Green, Jordan Poole, Juan Toscano-Anderson, Stephen Curry",19,"4",107,101,109,104,2583,2645,2,3,-1,62
"22100039","SAC","Buddy Hield, Davion Mitchell, De'Aaron Fox, Harrison Barnes, Tristan Thompson",19,"3",77,73,79,79,1762,1920,2,6,-4,158
"22100039","GSW","Andrew Wiggins, Draymond Green, Jordan Poole, Otto Porter Jr., Stephen Curry",20,"4",109,104,119,107,2645,2880,10,3,7,235
"22100039","SAC","Buddy Hield, Davion Mitchell, Harrison Barnes, Tristan Thompson, Tyrese Haliburton",20,"3",79,79,88,90,1920,2160,9,11,-2,240
"22100039","SAC","Davion Mitchell, De'Aaron Fox, Maurice Harkless, Richaun Holmes, Terence Davis",21,"4",88,90,98,102,2160,2451,10,12,-2,291
"22100039","SAC","Davion Mitchell, De'Aaron Fox, Maurice Harkless, Richaun Holmes, Tyrese Haliburton",22,"4",98,102,98,102,2451,2451,0,0,0,0
"22100039","SAC","Davion Mitchell, Maurice Harkless, Richaun Holmes, Tristan Thompson, Tyrese Haliburton",23,"4",98,102,98,102,2451,2451,0,0,0,0
"22100039","SAC","Buddy Hield, Davion Mitchell, Maurice Harkless, Tristan Thompson, Tyrese Haliburton",24,"4",98,102,98,102,2451,2451,0,0,0,0
"22100039","SAC","Buddy Hield, Davion Mitchell, Harrison Barnes, Tristan Thompson, Tyrese Haliburton",25,"4",98,102,101,107,2451,2583,3,5,-2,132
"22100039","SAC","Buddy Hield, De'Aaron Fox, Harrison Barnes, Tristan Thompson, Tyrese Haliburton",26,"4",101,107,101,107,2583,2583,0,0,0,0
"22100039","SAC","Buddy Hield, De'Aaron Fox, Harrison Barnes, Richaun Holmes, Tyrese Haliburton",27,"4",101,107,104,111,2583,2725,3,4,-1,142
"22100039","SAC","Buddy Hield, Davion Mitchell, Harrison Barnes, Richaun Holmes, Tyrese Haliburton",28,"4",104,111,105,112,2725,2736,1,1,0,11
"22100039","SAC","Buddy Hield, Davion Mitchell, De'Aaron Fox, Harrison Barnes, Richaun Holmes",29,"4",105,112,107,119,2736,2880,2,7,-5,144
"22100040","LAL","Anthony Davis, DeAndre Jordan, Kent Bazemore, LeBron James, Russell Westbrook",0,"1",0,0,9,17,0,358,9,17,-8,358
"22100040","MEM","De'Anthony Melton, Desmond Bane, Ja Morant, Jaren Jackson Jr., Steven Adams",0,"1",0,0,17,7,0,310,17,7,10,310
"22100040","LAL","Anthony Davis, DeAndre Jordan, Kent Bazemore, LeBron James, Malik Monk",1,"1",9,17,12,19,358,406,3,2,1,48
"22100040","MEM","De'Anthony Melton, Desmond Bane, Ja Morant, Kyle Anderson, Steven Adams",1,"1",17,7,17,7,310,310,0,0,0,0
"22100040","LAL","Anthony Davis, Carmelo Anthony, Kent Bazemore, LeBron James, Malik Monk",2,"1",12,19,20,22,406,584,8,3,5,178
"22100040","MEM","Brandon Clarke, Desmond Bane, Ja Morant, Kyle Anderson, Steven Adams",2,"1",17,7,19,12,310,406,2,5,-3,96
"22100040","LAL","Anthony Davis, Carmelo Anthony, Kent Bazemore, Malik Monk, Russell Westbrook",3,"1",20,22,20,22,584,584,0,0,0,0
"22100040","MEM","Brandon Clarke, Desmond Bane, Ja Morant, Kyle Anderson, Xavier Tillman Sr.",3,"1",19,12,19,12,406,406,0,0,0,0
"22100040","LAL","Anthony Davis, Austin Reaves, Carmelo Anthony, Malik Monk, Russell Westbrook",4,"1",20,22,29,24,584,720,9,2,7,136
"22100040","MEM","Brandon Clarke, Ja Morant, Kyle Anderson, Xavier Tillman Sr., Ziaire Williams",4,"1",19,12,22,20,406,584,3,8,-5,178
"22100040","LAL","Austin Reaves, Carmelo Anthony, Dwight Howard, LeBron James, Russell Westbrook",5,"2",29,24,41,34,720,999,12,10,2,279
"22100040","MEM","Ja Morant, Jaren Jackson Jr., Kyle Anderson, Xavier Tillman Sr., Ziaire Williams",5,"1",22,20,24,29,584,720,2,9,-7,136
"22100040","LAL","Austin Reaves, Carmelo Anthony, Dwight Howard, LeBron James, Malik Monk",6,"2",41,34,44,36,999,1057,3,2,1,58
"22100040","MEM","De'Anthony Melton, Jaren Jackson Jr., Tyus Jones, Xavier Tillman Sr., Ziaire Williams",6,"2",24,29,28,39,720,875,4,10,-6,155
"22100040","LAL","Anthony Davis, Austin Reaves, Carmelo Anthony, LeBron James, Malik Monk",7,"2",44,36,46,38,1057,1117,2,2,0,60
"22100040","MEM","De'Anthony Melton, Steven Adams, Tyus Jones, Xavier Tillman Sr., Ziaire Williams",7,"2",28,39,34,41,875,999,6,2,4,124
"22100040","LAL","Anthony Davis, Carmelo Anthony, LeBron James, Malik Monk, Russell Westbrook",8,"2",46,38,50,42,1117,1236,4,4,0,119
"22100040","MEM","De'Anthony Melton, Desmond Bane, Steven Adams, Tyus Jones, Xavier Tillman Sr.",8,"2",34,41,34,44,999,1017,0,3,-3,18
"22100040","LAL","Anthony Davis, Carmelo Anthony, Kent Bazemore, Malik Monk, Russell Westbrook",9,"2",50,42,50,42,1236,1236,0,0,0,0
"22100040","MEM","Desmond Bane, Kyle Anderson, Steven Adams, Tyus Jones, Xavier Tillman Sr.",9,"2",34,44,38,46,1017,1117,4,2,2,100
"22100040","LAL","Anthony Davis, Dwight Howard, Kent Bazemore, Malik Monk, Russell Westbrook",10,"2",50,42,57,50,1236,1345,7,8,-1,109
"22100040","MEM","Brandon Clarke, Desmond Bane, Kyle Anderson, Steven Adams, Tyus Jones",10,"2",38,46,38,46,1117,1117,0,0,0,0
"22100040","LAL","Anthony Davis, Dwight Howard, Kent Bazemore, LeBron James, Russell Westbrook",11,"2",57,50,62,56,1345,1440,5,6,-1,95
"22100040","MEM","Brandon Clarke, Desmond Bane, Ja Morant, Kyle Anderson, Steven Adams",11,"2",38,46,50,57,1117,1345,12,11,1,228
"22100040","LAL","Anthony Davis, Austin Reaves, Dwight Howard, Kent Bazemore, LeBron James",12,"2",62,56,62,56,1440,1440,0,0,0,0
"22100040","MEM","Brandon Clarke, De'Anthony Melton, Desmond Bane, Ja Morant, Steven Adams",12,"2",50,57,50,57,1345,1345,0,0,0,0
"22100040","LAL","Anthony Davis, DeAndre Jordan, Kent Bazemore, LeBron James, Russell Westbrook",13,"3",62,56,74,75,1440,1845,12,19,-7,405
"22100040","MEM","De'Anthony Melton, Desmond Bane, Ja Morant, Jaren Jackson Jr., Steven Adams",13,"2",50,57,56,62,1345,1440,6,5,1,95
"22100040","MEM","De'Anthony Melton, Desmond Bane, Ja Morant, Jaren Jackson Jr., Steven Adams",13,"3",56,62,73,72,1440,1775,17,10,7,335
"22100040","LAL","Anthony Davis, DeAndre Jordan, Kent Bazemore, LeBron James, Malik Monk",14,"3",74,75,77,79,1845,1903,3,4,-1,58
"22100040","MEM","De'Anthony Melton, Desmond Bane, Ja Morant, Jaren Jackson Jr., Xavier Tillman Sr.",14,"3",73,72,75,74,1775,1845,2,2,0,70
"22100040","LAL","Anthony Davis, Carmelo Anthony, Kent Bazemore, LeBron James, Malik Monk",15,"3",77,79,80,81,1903,1943,3,2,1,40
"22100040","MEM","Desmond Bane, Ja Morant, Jaren Jackson Jr., Kyle Anderson, Xavier Tillman Sr.",15,"3",75,74,79,77,1845,1903,4,3,1,58
"22100040","LAL","Anthony Davis, Carmelo Anthony, Kent Bazemore, Malik Monk, Russell Westbrook",16,"3",80,81,84,85,1943,2024,4,4,0,81
"22100040","MEM","Brandon Clarke, Desmond Bane, Ja Morant, Kyle Anderson, Xavier Tillman Sr.",16,"3",79,77,79,77,1903,1903,0,0,0,0
"22100040","LAL","Avery Bradley, Carmelo Anthony, Kent Bazemore, Malik Monk, Russell Westbrook",17,"3",84,85,84,85,2024,2024,0,0,0,0
"22100040","MEM","Brandon Clarke, Ja Morant, Kyle Anderson, Xavier Tillman Sr., Ziaire Williams",17,"3",79,77,88,87,1903,2124,9,10,-1,221
"22100040","LAL","Avery Bradley, Carmelo Anthony, Dwight Howard, Malik Monk, Russell Westbrook",18,"3",84,85,87,90,2024,2160,3,5,-2,136
"22100040","MEM","Brandon Clarke, Desmond Bane, Ja Morant, Xavier Tillman Sr., Ziaire Williams",18,"3",88,87,90,87,2124,2160,2,0,2,36
"22100040","LAL","Austin Reaves, Carmelo Anthony, Dwight Howard, LeBron James, Russell Westbrook",19,"4",87,90,94,94,2160,2313,7,4,3,153
"22100040","MEM","De'Anthony Melton, Steven Adams, Tyus Jones, Xavier Tillman Sr., Ziaire Williams",19,"4",90,87,94,100,2160,2378,4,13,-9,218
"22100040","LAL","Austin Reaves, Carmelo Anthony, Dwight Howard, LeBron James, Malik Monk",20,"4",94,94,106,102,2313,2545,12,8,4,232
"22100040","MEM","De'Anthony Melton, Ja Morant, Steven Adams, Tyus Jones, Ziaire Williams",20,"4",94,100,94,100,2378,2378,0,0,0,0
"22100040","LAL","Austin Reaves, Dwight Howard, LeBron James, Malik Monk, Russell Westbrook",21,"4",106,102,106,102,2545,2545,0,0,0,0
"22100040","MEM","De'Anthony Melton, Ja Morant, Jaren Jackson Jr., Steven Adams, Tyus Jones",21,"4",94,100,94,100,2378,2378,0,0,0,0
"22100040","LAL","Anthony Davis, Austin Reaves, Dwight Howard, LeBron James, Russell Westbrook",22,"4",106,102,106,102,2545,2545,0,0,0,0
"22100040","MEM","De'Anthony Melton, Desmond Bane, Ja Morant, Jaren Jackson Jr., Steven Adams",22,"4",94,100,102,106,2378,2545,8,6,2,167
"22100040","LAL","Anthony Davis, Austin Reaves, Kent Bazemore, LeBron James, Russell Westbrook",23,"4",106,102,111,106,2545,2697,5,4,1,152
"22100040","MEM","Desmond Bane, Ja Morant, Jaren Jackson Jr., Kyle Anderson, Steven Adams",23,"4",102,106,106,111,2545,2697,4,5,-1,152
"22100040","LAL","Anthony Davis, Carmelo Anthony, Kent Bazemore, LeBron James, Russell Westbrook",24,"4",111,106,115,114,2697,2869,4,8,-4,172
"22100040","MEM","De'Anthony Melton, Desmond Bane, Ja Morant, Jaren Jackson Jr., Steven Adams",24,"4",106,111,114,115,2697,2869,8,4,4,172
"22100040","LAL","Anthony Davis, Carmelo Anthony, LeBron James, Malik Monk, Russell Westbrook",25,"4",115,114,117,114,2869,2873,2,0,2,4
"22100040","MEM","De'Anthony Melton, Desmond Bane, Ja Morant, Jaren Jackson Jr., Kyle Anderson",25,"4",114,115,116,117,2869,2874,2,2,0,5
"22100040","LAL","Anthony Davis, Carmelo Anthony, Kent Bazemore, LeBron James, Russell Westbrook",26,"4",117,114,117,116,2873,2874,0,2,-2,1
"22100040","MEM","De'Anthony Melton, Desmond Bane, Ja Morant, Jaren Jackson Jr., Steven Adams",26,"4",116,117,116,117,2874,2874,0,0,0,0
"22100040","LAL","Anthony Davis, Carmelo Anthony, LeBron James, Malik Monk, Russell Westbrook",27,"4",117,116,119,116,2874,2875,2,0,2,1
"22100040","MEM","De'Anthony Melton, Desmond Bane, Ja Morant, Jaren Jackson Jr., Kyle Anderson",27,"4",116,117,116,119,2874,2875,0,2,-2,1
"22100040","LAL","Anthony Davis, Carmelo Anthony, Kent Bazemore, LeBron James, Russell Westbrook",28,"4",119,116,121,118,2875,2880,2,2,0,5
"22100040","MEM","De'Anthony Melton, Desmond Bane, Ja Morant, Jaren Jackson Jr., Steven Adams",28,"4",116,119,116,119,2875,2875,0,0,0,0
"22100040","MEM","Desmond Bane, Ja Morant, Jaren Jackson Jr., Kyle Anderson, Steven Adams",29,"4",116,119,116,119,2875,2878,0,0,0,3
"22100040","MEM","De'Anthony Melton, Desmond Bane, Ja Morant, Jaren Jackson Jr., Steven Adams",30,"4",116,119,118,121,2878,2880,2,2,0,2
"22100041","BOS","Dennis Schroder, Jaylen Brown, Jayson Tatum, Marcus Smart, Robert Williams III",0,"1",0,0,12,17,0,362,12,17,-5,362
"22100041","CHA","Gordon Hayward, Kelly Oubre Jr., LaMelo Ball, Mason Plumlee, Miles Bridges",0,"1",0,0,17,12,0,362,17,12,5,362
"22100041","BOS","Dennis Schroder, Grant Williams, Jaylen Brown, Marcus Smart, Robert Williams III",1,"1",12,17,12,17,362,362,0,0,0,0
"22100041","CHA","Cody Martin, Kelly Oubre Jr., LaMelo Ball, Mason Plumlee, Miles Bridges",1,"1",17,12,17,12,362,362,0,0,0,0
"22100041","BOS","Dennis Schroder, Grant Williams, Jaylen Brown, Josh Richardson, Robert Williams III",2,"1",12,17,12,19,362,400,0,2,-2,38
"22100041","CHA","Cody Martin, Jalen McDaniels, Kelly Oubre Jr., LaMelo Ball, Mason Plumlee",2,"1",17,12,19,12,362,400,2,0,2,38
"22100041","BOS","Dennis Schroder, Grant Williams, Jabari Parker, Jaylen Brown, Josh Richardson",3,"1",12,19,12,19,400,400,0,0,0,0
"22100041","CHA","Cody Martin, Ish Smith, Jalen McDaniels, Kelly Oubre Jr., Mason Plumlee",3,"1",19,12,29,20,400,545,10,8,2,145
"22100041","BOS","Grant Williams, Jabari Parker, Jaylen Brown, Josh Richardson, Payton Pritchard",4,"1",12,19,20,29,400,545,8,10,-2,145
"22100041","CHA","Cody Martin, Ish Smith, Jalen McDaniels, Mason Plumlee, Nick Richards",4,"1",29,20,29,20,545,545,0,0,0,0
"22100041","BOS","Grant Williams, Jabari Parker, Jayson Tatum, Josh Richardson, Payton Pritchard",5,"1",20,29,33,33,545,720,13,4,9,175
"22100041","CHA","Cody Martin, Gordon Hayward, Ish Smith, Jalen McDaniels, Nick Richards",5,"1",29,20,33,33,545,720,4,13,-9,175
"22100041","BOS","Grant Williams, Jabari Parker, Jayson Tatum, Marcus Smart, Payton Pritchard",6,"2",33,33,39,40,720,881,6,7,-1,161
"22100041","CHA","Cody Martin, Gordon Hayward, Ish Smith, Miles Bridges, Nick Richards",6,"2",33,33,33,33,720,762,0,0,0,42
"22100041","BOS","Dennis Schroder, Grant Williams, Jabari Parker, Marcus Smart, Payton Pritchard",7,"2",39,40,39,40,881,881,0,0,0,0
"22100041","CHA","Cody Martin, Gordon Hayward, LaMelo Ball, Miles Bridges, Nick Richards",7,"2",33,33,40,39,762,881,7,6,1,119
"22100041","BOS","Dennis Schroder, Grant Williams, Jabari Parker, Jaylen Brown, Marcus Smart",8,"2",39,40,44,43,881,933,5,3,2,52
"22100041","CHA","Cody Martin, Gordon Hayward, Kelly Oubre Jr., LaMelo Ball, Miles Bridges",8,"2",40,39,43,44,881,933,3,5,-2,52
"22100041","BOS","Dennis Schroder, Jabari Parker, Jaylen Brown, Marcus Smart, Robert Williams III",9,"2",44,43,44,43,933,933,0,0,0,0
"22100041","CHA","Gordon Hayward, Jalen McDaniels, Kelly Oubre Jr., LaMelo Ball, Miles Bridges",9,"2",43,44,43,44,933,933,0,0,0,0
"22100041","BOS","Dennis Schroder, Jaylen Brown, Juancho Hernangomez, Marcus Smart, Robert Williams III",10,"2",44,43,48,54,933,1044,4,11,-7,111
"22100041","CHA","Jalen McDaniels, Kelly Oubre Jr., LaMelo Ball, Mason Plumlee, Miles Bridges",10,"2",43,44,54,48,933,1044,11,4,7,111
"22100041","BOS","Dennis Schroder, Jaylen Brown, Jayson Tatum, Juancho Hernangomez, Robert Williams III",11,"2",48,54,55,57,1044,1194,7,3,4,150
"22100041","CHA","Cody Martin, Jalen McDaniels, Kelly Oubre Jr., LaMelo Ball, Mason Plumlee",11,"2",54,48,54,53,1044,1119,0,5,-5,75
"22100041","BOS","Dennis Schroder, Jaylen Brown, Jayson Tatum, Marcus Smart, Robert Williams III",12,"2",55,57,57,57,1194,1213,2,0,2,19
"22100041","CHA","Cody Martin, Ish Smith, Jalen McDaniels, Kelly Oubre Jr., Mason Plumlee",12,"2",54,53,57,55,1119,1194,3,2,1,75
"22100041","BOS","Dennis Schroder, Grant Williams, Jayson Tatum, Marcus Smart, Robert Williams III",13,"2",57,57,68,66,1213,1440,11,9,2,227
"22100041","CHA","Cody Martin, Gordon Hayward, Ish Smith, Kelly Oubre Jr., Mason Plumlee",13,"2",57,55,57,57,1194,1213,0,2,-2,19
"22100041","BOS","Dennis Schroder, Jaylen Brown, Jayson Tatum, Marcus Smart, Robert Williams III",14,"3",68,66,82,80,1440,1797,14,14,0,357
"22100041","CHA","Gordon Hayward, Ish Smith, Kelly Oubre Jr., Mason Plumlee, Miles Bridges",14,"2",57,57,66,68,1213,1440,9,11,-2,227
"22100041","BOS","Dennis Schroder, Jaylen Brown, Josh Richardson, Marcus Smart, Robert Williams III",15,"3",82,80,82,80,1797,1797,0,0,0,0
"22100041","CHA","Gordon Hayward, Kelly Oubre Jr., LaMelo Ball, Mason Plumlee, Miles Bridges",15,"3",66,68,80,76,1440,1744,14,8,6,304
"22100041","BOS","Grant Williams, Jaylen Brown, Josh Richardson, Marcus Smart, Robert Williams III",16,"3",82,80,86,86,1797,1909,4,6,-2,112
"22100041","CHA","Cody Martin, Kelly Oubre Jr., LaMelo Ball, Mason Plumlee, Miles Bridges",16,"3",80,76,80,82,1744,1797,0,6,-6,53
"22100041","BOS","Grant Williams, Jabari Parker, Jaylen Brown, Josh Richardson, Marcus Smart",17,"3",86,86,92,86,1909,1975,6,0,6,66
"22100041","CHA","Cody Martin, Ish Smith, Kelly Oubre Jr., Mason Plumlee, Miles Bridges",17,"3",80,82,80,82,1797,1797,0,0,0,0
"22100041","BOS","Grant Williams, Jabari Parker, Jaylen Brown, Jayson Tatum, Josh Richardson",18,"3",92,86,92,86,1975,1990,0,0,0,15
"22100041","CHA","Cody Martin, Gordon Hayward, Ish Smith, Mason Plumlee, Miles Bridges",18,"3",80,82,86,86,1797,1909,6,4,2,112
"22100041","BOS","Grant Williams, Jabari Parker, Jayson Tatum, Josh Richardson, Payton Pritchard",19,"3",92,86,94,97,1990,2149,2,11,-9,159
"22100041","CHA","Cody Martin, Gordon Hayward, Ish Smith, Mason Plumlee, Nick Richards",19,"3",86,86,86,86,1909,1909,0,0,0,0
"22100041","BOS","Dennis Schroder, Grant Williams, Jabari Parker, Jayson Tatum, Payton Pritchard",20,"3",94,97,94,97,2149,2149,0,0,0,0
"22100041","CHA","Cody Martin, Gordon Hayward, Ish Smith, Jalen McDaniels, Nick Richards",20,"3",86,86,86,92,1909,1975,0,6,-6,66
"22100041","BOS","Dennis Schroder, Jabari Parker, Jaylen Brown, Jayson Tatum, Payton Pritchard",21,"3",94,97,94,97,2149,2160,0,0,0,11
"22100041","CHA","Cody Martin, Ish Smith, Jalen McDaniels, Kelly Oubre Jr., Nick Richards",21,"3",86,92,90,94,1975,2044,4,2,2,69
"22100041","BOS","Grant Williams, Jabari Parker, Jayson Tatum, Josh Richardson, Payton Pritchard",22,"4",94,97,102,107,2160,2339,8,10,-2,179
"22100041","CHA","Ish Smith, Jalen McDaniels, Kelly Oubre Jr., LaMelo Ball, Nick Richards",22,"3",90,94,97,94,2044,2149,7,0,7,105
"22100041","BOS","Grant Williams, Jabari Parker, Josh Richardson, Marcus Smart, Payton Pritchard",23,"4",102,107,102,107,2339,2339,0,0,0,0
"22100041","CHA","Ish Smith, Jalen McDaniels, Kelly Oubre Jr., LaMelo Ball, Miles Bridges",23,"3",97,94,97,94,2149,2149,0,0,0,0
"22100041","BOS","Dennis Schroder, Grant Williams, Jabari Parker, Josh Richardson, Marcus Smart",24,"4",102,107,102,107,2339,2339,0,0,0,0
"22100041","CHA","Cody Martin, Ish Smith, Jalen McDaniels, Kelly Oubre Jr., Miles Bridges",24,"3",97,94,97,94,2149,2160,0,0,0,11
"22100041","BOS","Dennis Schroder, Grant Williams, Jabari Parker, Jaylen Brown, Marcus Smart",25,"4",102,107,102,107,2339,2397,0,0,0,58
"22100041","CHA","Jalen McDaniels, Kelly Oubre Jr., LaMelo Ball, Miles Bridges, Nick Richards",25,"4",97,94,107,102,2160,2397,10,8,2,237
"22100041","BOS","Dennis Schroder, Grant Williams, Jaylen Brown, Marcus Smart, Robert Williams III",26,"4",102,107,102,113,2397,2507,0,6,-6,110
"22100041","CHA","Ish Smith, Jalen McDaniels, Kelly Oubre Jr., LaMelo Ball, Nick Richards",26,"4",107,102,107,102,2397,2397,0,0,0,0
"22100041","BOS","Dennis Schroder, Jaylen Brown, Jayson Tatum, Marcus Smart, Robert Williams III",27,"4",102,113,122,122,2507,2880,20,9,11,373
"22100041","BOS","Dennis Schroder, Jaylen Brown, Jayson Tatum, Marcus Smart, Robert Williams III",27,"5",122,122,140,129,2880,3180,18,7,11,300
"22100041","CHA","Ish Smith, Jalen McDaniels, Kelly Oubre Jr., Mason Plumlee, Nick Richards",27,"4",107,102,107,102,2397,2397,0,0,0,0
"22100041","CHA","Gordon Hayward, Ish Smith, Jalen McDaniels, Kelly Oubre Jr., Mason Plumlee",28,"4",107,102,114,102,2397,2514,7,0,7,117
"22100041","CHA","Gordon Hayward, Ish Smith, Jalen McDaniels, Mason Plumlee, Miles Bridges",29,"4",114,102,115,106,2514,2588,1,4,-3,74
"22100041","CHA","Gordon Hayward, Jalen McDaniels, LaMelo Ball, Mason Plumlee, Miles Bridges",30,"4",115,106,117,109,2588,2610,2,3,-1,22
"22100041","CHA","Gordon Hayward, Kelly Oubre Jr., LaMelo Ball, Mason Plumlee, Miles Bridges",31,"4",117,109,119,120,2610,2778,2,11,-9,168
"22100041","CHA","Gordon Hayward, Ish Smith, Kelly Oubre Jr., LaMelo Ball, Miles Bridges",32,"4",119,120,122,122,2778,2866,3,2,1,88
"22100041","CHA","Gordon Hayward, Kelly Oubre Jr., LaMelo Ball, Mason Plumlee, Miles Bridges",33,"4",122,122,122,122,2866,2872,0,0,0,6
"22100041","CHA","Cody Martin, Gordon Hayward, Kelly Oubre Jr., LaMelo Ball, Miles Bridges",34,"4",122,122,122,122,2872,2880,0,0,0,8
"22100041","CHA","Gordon Hayward, Kelly Oubre Jr., LaMelo Ball, Mason Plumlee, Miles Bridges",35,"5",122,122,129,136,2880,3110,7,14,-7,230
"22100041","CHA","Gordon Hayward, Ish Smith, Kelly Oubre Jr., Mason Plumlee, Miles Bridges",36,"5",129,136,129,140,3110,3180,0,4,-4,70
"22100042","IND","Chris Duarte, Domantas Sabonis, Justin Holiday, Malcolm Brogdon, Myles Turner",0,"1",0,0,9,10,0,171,9,10,-1,171
"22100042","MIL","George Hill, Giannis Antetokounmpo, Grayson Allen, Khris Middleton, Thanasis Antetokounmpo",0,"1",0,0,10,9,0,171,10,9,1,171
"22100042","IND","Chris Duarte, Domantas Sabonis, Justin Holiday, Malcolm Brogdon, Oshae Brissett",1,"1",9,10,20,16,171,417,11,6,5,246
"22100042","MIL","George Hill, Giannis Antetokounmpo, Grayson Allen, Khris Middleton, Pat Connaughton",1,"1",10,9,14,12,171,278,4,3,1,107
"22100042","IND","Domantas Sabonis, Justin Holiday, Malcolm Brogdon, Oshae Brissett, T.J. McConnell",2,"1",20,16,20,16,417,417,0,0,0,0
"22100042","MIL","George Hill, Grayson Allen, Khris Middleton, Pat Connaughton, Thanasis Antetokounmpo",2,"1",14,12,14,12,278,316,0,0,0,38
"22100042","IND","Domantas Sabonis, Jeremy Lamb, Justin Holiday, Oshae Brissett, T.J. McConnell",3,"1",20,16,23,21,417,474,3,5,-2,57
"22100042","MIL","George Hill, Grayson Allen, Khris Middleton, Pat Connaughton, Sandro Mamukelashvili",3,"1",14,12,16,20,316,417,2,8,-6,101
"22100042","IND","Goga Bitadze, Jeremy Lamb, Justin Holiday, Oshae Brissett, T.J. McConnell",4,"1",23,21,23,23,474,549,0,2,-2,75
"22100042","MIL","George Hill, Jordan Nwora, Khris Middleton, Pat Connaughton, Sandro Mamukelashvili",4,"1",16,20,16,20,417,417,0,0,0,0
"22100042","IND","Goga Bitadze, Jeremy Lamb, Malcolm Brogdon, Oshae Brissett, T.J. McConnell",5,"1",23,23,30,30,549,718,7,7,0,169
"22100042","MIL","Jordan Nwora, Justin Robinson, Khris Middleton, Pat Connaughton, Sandro Mamukelashvili",5,"1",16,20,21,23,417,474,5,3,2,57
"22100042","IND","Goga Bitadze, Justin Holiday, Malcolm Brogdon, Oshae Brissett, T.J. McConnell",6,"1",30,30,30,34,718,720,0,4,-4,2
"22100042","MIL","Jordan Nwora, Justin Robinson, Khris Middleton, Rodney Hood, Sandro Mamukelashvili",6,"1",21,23,23,23,474,549,2,0,2,75
"22100042","IND","Justin Holiday, Malcolm Brogdon, Myles Turner, T.J. McConnell, Torrey Craig",7,"2",30,34,37,42,720,905,7,8,-1,185
"22100042","MIL","Giannis Antetokounmpo, Jordan Nwora, Justin Robinson, Rodney Hood, Sandro Mamukelashvili",7,"1",23,23,23,23,549,549,0,0,0,0
"22100042","IND","Chris Duarte, Justin Holiday, Myles Turner, T.J. McConnell, Torrey Craig",8,"2",37,42,37,42,905,905,0,0,0,0
"22100042","MIL","Giannis Antetokounmpo, Jordan Nwora, Justin Robinson, Pat Connaughton, Rodney Hood",8,"1",23,23,30,30,549,692,7,7,0,143
"22100042","IND","Chris Duarte, Domantas Sabonis, Myles Turner, T.J. McConnell, Torrey Craig",9,"2",37,42,37,42,905,960,0,0,0,55
"22100042","MIL","Jordan Nwora, Justin Robinson, Pat Connaughton, Rodney Hood, Sandro Mamukelashvili",9,"1",30,30,30,30,692,718,0,0,0,26
"22100042","IND","Chris Duarte, Domantas Sabonis, Justin Holiday, Myles Turner, T.J. McConnell",10,"2",37,42,37,42,960,960,0,0,0,0
"22100042","MIL","Justin Robinson, Khris Middleton, Pat Connaughton, Rodney Hood, Sandro Mamukelashvili",10,"1",30,30,30,30,718,718,0,0,0,0
"22100042","IND","Chris Duarte, Domantas Sabonis, Justin Holiday, Oshae Brissett, T.J. McConnell",11,"2",37,42,39,49,960,1016,2,7,-5,56
"22100042","MIL","George Hill, Khris Middleton, Pat Connaughton, Rodney Hood, Sandro Mamukelashvili",11,"1",30,30,34,30,718,720,4,0,4,2
"22100042","IND","Chris Duarte, Domantas Sabonis, Justin Holiday, Malcolm Brogdon, Oshae Brissett",12,"2",39,49,57,64,1016,1358,18,15,3,342
"22100042","MIL","George Hill, Justin Robinson, Khris Middleton, Pat Connaughton, Rodney Hood",12,"1",34,30,34,30,720,720,0,0,0,0
"22100042","IND","Chris Duarte, Domantas Sabonis, Justin Holiday, Oshae Brissett, T.J. McConnell",13,"2",57,64,57,66,1358,1432,0,2,-2,74
"22100042","MIL","Jordan Nwora, Justin Robinson, Khris Middleton, Pat Connaughton, Rodney Hood",13,"1",34,30,34,30,720,720,0,0,0,0
"22100042","IND","Chris Duarte, Goga Bitadze, Justin Holiday, Oshae Brissett, T.J. McConnell",14,"2",57,66,57,66,1432,1432,0,0,0,0
"22100042","MIL","Grayson Allen, Jordan Nwora, Justin Robinson, Pat Connaughton, Thanasis Antetokounmpo",14,"2",34,30,38,30,720,795,4,0,4,75
"22100042","IND","Chris Duarte, Goga Bitadze, Justin Holiday, T.J. McConnell, Torrey Craig",15,"2",57,66,57,66,1432,1440,0,0,0,8
"22100042","MIL","Grayson Allen, Justin Robinson, Khris Middleton, Pat Connaughton, Thanasis Antetokounmpo",15,"2",38,30,41,35,795,874,3,5,-2,79
"22100042","IND","Chris Duarte, Domantas Sabonis, Justin Holiday, Malcolm Brogdon, Myles Turner",16,"3",57,66,66,81,1440,1765,9,15,-6,325
"22100042","MIL","Grayson Allen, Justin Robinson, Khris Middleton, Pat Connaughton, Sandro Mamukelashvili",16,"2",41,35,42,37,874,905,1,2,-1,31
"22100042","IND","Domantas Sabonis, Justin Holiday, Malcolm Brogdon, Myles Turner, T.J. McConnell",17,"3",66,81,66,81,1765,1765,0,0,0,0
"22100042","MIL","George Hill, Grayson Allen, Khris Middleton, Pat Connaughton, Sandro Mamukelashvili",17,"2",42,37,42,37,905,905,0,0,0,0
"22100042","IND","Domantas Sabonis, Justin Holiday, Malcolm Brogdon, Oshae Brissett, T.J. McConnell",18,"3",66,81,66,83,1765,1800,0,2,-2,35
"22100042","MIL","George Hill, Giannis Antetokounmpo, Grayson Allen, Khris Middleton, Pat Connaughton",18,"2",42,37,42,37,905,960,0,0,0,55
"22100042","IND","Domantas Sabonis, Jeremy Lamb, Justin Holiday, Oshae Brissett, T.J. McConnell",19,"3",66,83,74,88,1800,1942,8,5,3,142
"22100042","MIL","George Hill, Giannis Antetokounmpo, Grayson Allen, Jordan Nwora, Khris Middleton",19,"2",42,37,60,51,960,1215,18,14,4,255
"22100042","IND","Goga Bitadze, Jeremy Lamb, Justin Holiday, Oshae Brissett, T.J. McConnell",20,"3",74,88,79,90,1942,2015,5,2,3,73
"22100042","MIL","George Hill, Giannis Antetokounmpo, Jordan Nwora, Khris Middleton, Sandro Mamukelashvili",20,"2",60,51,60,51,1215,1215,0,0,0,0
"22100042","IND","Goga Bitadze, Jeremy Lamb, Oshae Brissett, T.J. McConnell, Torrey Craig",21,"3",79,90,79,90,2015,2027,0,0,0,12
"22100042","MIL","George Hill, Jordan Nwora, Khris Middleton, Pat Connaughton, Sandro Mamukelashvili",21,"2",60,51,60,53,1215,1255,0,2,-2,40
"22100042","IND","Jeremy Lamb, Myles Turner, Oshae Brissett, T.J. McConnell, Torrey Craig",22,"3",79,90,83,98,2027,2108,4,8,-4,81
"22100042","MIL","George Hill, Giannis Antetokounmpo, Jordan Nwora, Pat Connaughton, Sandro Mamukelashvili",22,"2",60,53,60,57,1255,1301,0,4,-4,46
"22100042","IND","Jeremy Lamb, Malcolm Brogdon, Myles Turner, T.J. McConnell, Torrey Craig",23,"3",83,98,83,101,2108,2131,0,3,-3,23
"22100042","MIL","George Hill, Giannis Antetokounmpo, Pat Connaughton, Rodney Hood, Sandro Mamukelashvili",23,"2",60,57,60,57,1301,1301,0,0,0,0
"22100042","IND","Domantas Sabonis, Jeremy Lamb, Malcolm Brogdon, T.J. McConnell, Torrey Craig",24,"3",83,101,86,101,2131,2150,3,0,3,19
"22100042","MIL","Giannis Antetokounmpo, Justin Robinson, Pat Connaughton, Rodney Hood, Sandro Mamukelashvili",24,"2",60,57,60,57,1301,1301,0,0,0,0
"22100042","IND","Jeremy Lamb, Malcolm Brogdon, Myles Turner, T.J. McConnell, Torrey Craig",25,"3",86,101,86,101,2150,2150,0,0,0,0
"22100042","MIL","Giannis Antetokounmpo, Justin Robinson, Pat Connaughton, Rodney Hood, Thanasis Antetokounmpo",25,"2",60,57,66,57,1301,1432,6,0,6,131
"22100042","IND","Chris Duarte, Jeremy Lamb, Myles Turner, T.J. McConnell, Torrey Craig",26,"3",86,101,86,101,2150,2155,0,0,0,5
"22100042","MIL","Giannis Antetokounmpo, Jordan Nwora, Justin Robinson, Pat Connaughton, Rodney Hood",26,"2",66,57,66,57,1432,1440,0,0,0,8
"22100042","IND","Chris Duarte, Jeremy Lamb, Malcolm Brogdon, Myles Turner, Torrey Craig",27,"3",86,101,86,101,2155,2155,0,0,0,0
"22100042","MIL","George Hill, Giannis Antetokounmpo, Grayson Allen, Khris Middleton, Thanasis Antetokounmpo",27,"3",66,57,73,61,1440,1633,7,4,3,193
"22100042","IND","Chris Duarte, Domantas Sabonis, Jeremy Lamb, Malcolm Brogdon, Torrey Craig",28,"3",86,101,86,101,2155,2155,0,0,0,0
"22100042","MIL","George Hill, Giannis Antetokounmpo, Grayson Allen, Khris Middleton, Pat Connaughton",28,"3",73,61,81,66,1633,1765,8,5,3,132
"22100042","IND","Chris Duarte, Domantas Sabonis, Jeremy Lamb, Justin Holiday, Malcolm Brogdon",29,"3",86,101,86,101,2155,2160,0,0,0,5
"22100042","MIL","George Hill, Giannis Antetokounmpo, Jordan Nwora, Khris Middleton, Pat Connaughton",29,"3",81,66,81,66,1765,1765,0,0,0,0
"22100042","IND","Chris Duarte, Domantas Sabonis, Goga Bitadze, Jeremy Lamb, Malcolm Brogdon",30,"4",86,101,95,105,2160,2404,9,4,5,244
"22100042","MIL","George Hill, Giannis Antetokounmpo, Jordan Nwora, Pat Connaughton, Sandro Mamukelashvili",30,"3",81,66,83,66,1765,1800,2,0,2,35
"22100042","IND","Chris Duarte, Domantas Sabonis, Goga Bitadze, Justin Holiday, Malcolm Brogdon",31,"4",95,105,109,119,2404,2880,14,14,0,476
"22100042","MIL","George Hill, Jordan Nwora, Khris Middleton, Pat Connaughton, Sandro Mamukelashvili",31,"3",83,66,83,66,1800,1827,0,0,0,27
"22100042","MIL","Jordan Nwora, Justin Robinson, Khris Middleton, Pat Connaughton, Sandro Mamukelashvili",32,"3",83,66,88,74,1827,1942,5,8,-3,115
"22100042","MIL","Jordan Nwora, Justin Robinson, Pat Connaughton, Rodney Hood, Sandro Mamukelashvili",33,"3",88,74,88,74,1942,1942,0,0,0,0
"22100042","MIL","Giannis Antetokounmpo, Jordan Nwora, Justin Robinson, Pat Connaughton, Rodney Hood",34,"3",88,74,95,81,1942,2087,7,7,0,145
"22100042","MIL","Giannis Antetokounmpo, Grayson Allen, Jordan Nwora, Justin Robinson, Rodney Hood",35,"3",95,81,101,86,2087,2155,6,5,1,68
"22100042","MIL","Grayson Allen, Jordan Nwora, Justin Robinson, Rodney Hood, Sandro Mamukelashvili",36,"3",101,86,101,86,2155,2160,0,0,0,5
"22100042","MIL","Giannis Antetokounmpo, Grayson Allen, Jordan Nwora, Justin Robinson, Pat Connaughton",37,"4",101,86,105,88,2160,2269,4,2,2,109
"22100042","MIL","George Hill, Giannis Antetokounmpo, Grayson Allen, Jordan Nwora, Pat Connaughton",38,"4",105,88,105,95,2269,2404,0,7,-7,135
"22100042","MIL","George Hill, Giannis Antetokounmpo, Grayson Allen, Khris Middleton, Pat Connaughton",39,"4",105,95,105,95,2404,2404,0,0,0,0
"22100042","MIL","George Hill, Giannis Antetokounmpo, Grayson Allen, Khris Middleton, Thanasis Antetokounmpo",40,"4",105,95,109,102,2404,2567,4,7,-3,163
"22100042","MIL","George Hill, Giannis Antetokounmpo, Khris Middleton, Pat Connaughton, Thanasis Antetokounmpo",41,"4",109,102,112,103,2567,2659,3,1,2,92
"22100042","MIL","George Hill, Giannis Antetokounmpo, Jordan Nwora, Khris Middleton, Pat Connaughton",42,"4",112,103,112,103,2659,2659,0,0,0,0
"22100042","MIL","Giannis Antetokounmpo, Jordan Nwora, Justin Robinson, Khris Middleton, Pat Connaughton",43,"4",112,103,112,103,2659,2659,0,0,0,0
"22100042","MIL","Giannis Antetokounmpo, Justin Robinson, Khris Middleton, Pat Connaughton, Thanasis Antetokounmpo",44,"4",112,103,112,103,2659,2659,0,0,0,0
"22100042","MIL","Giannis Antetokounmpo, Grayson Allen, Khris Middleton, Pat Connaughton, Thanasis Antetokounmpo",45,"4",112,103,117,107,2659,2845,5,4,1,186
"22100042","MIL","Giannis Antetokounmpo, Grayson Allen, Jordan Nwora, Khris Middleton, Thanasis Antetokounmpo",46,"4",117,107,119,107,2845,2847,2,0,2,2
"22100042","MIL","Giannis Antetokounmpo, Jordan Nwora, Khris Middleton, Sandro Mamukelashvili, Thanasis Antetokounmpo",47,"4",119,107,119,107,2847,2847,0,0,0,0
"22100042","MIL","Giannis Antetokounmpo, Jordan Nwora, Justin Robinson, Sandro Mamukelashvili, Thanasis Antetokounmpo",48,"4",119,107,119,107,2847,2847,0,0,0,0
"22100042","MIL","Georgios Kalaitzakis, Jordan Nwora, Justin Robinson, Sandro Mamukelashvili, Thanasis Antetokounmpo",49,"4",119,107,119,109,2847,2880,0,2,-2,33
"22100043","ATL","Bogdan Bogdanovic, Clint Capela, John Collins, Kevin Huerter, Trae Young",0,"1",0,0,13,10,0,342,13,10,3,342
"22100043","DET","Isaiah Stewart, Josh Jackson, Kelly Olynyk, Killian Hayes, Saddiq Bey",0,"1",0,0,12,17,0,414,12,17,-5,414
"22100043","ATL","Bogdan Bogdanovic, Clint Capela, Kevin Huerter, Solomon Hill, Trae Young",1,"1",13,10,19,13,342,447,6,3,3,105
"22100043","DET","Cory Joseph, Isaiah Stewart, Josh Jackson, Kelly Olynyk, Saddiq Bey",1,"1",12,17,13,19,414,447,1,2,-1,33
"22100043","ATL","Bogdan Bogdanovic, Cam Reddish, Clint Capela, Solomon Hill, Trae Young",2,"1",19,13,19,13,447,495,0,0,0,48
"22100043","DET","Cory Joseph, Frank Jackson, Isaiah Stewart, Josh Jackson, Kelly Olynyk",2,"1",13,19,13,19,447,495,0,0,0,48
"22100043","ATL","Cam Reddish, Clint Capela, Gorgui Dieng, Solomon Hill, Trae Young",3,"1",19,13,19,13,495,495,0,0,0,0
"22100043","DET","Cory Joseph, Frank Jackson, Josh Jackson, Kelly Olynyk, Luka Garza",3,"1",13,19,16,21,495,545,3,2,1,50
"22100043","ATL","Cam Reddish, Gorgui Dieng, Lou Williams, Solomon Hill, Trae Young",4,"1",19,13,21,16,495,620,2,3,-1,125
"22100043","DET","Cory Joseph, Frank Jackson, Josh Jackson, Luka Garza, Trey Lyles",4,"1",16,21,16,21,545,620,0,0,0,75
"22100043","ATL","Cam Reddish, Delon Wright, Gorgui Dieng, Lou Williams, Solomon Hill",5,"1",21,16,28,18,620,720,7,2,5,100
"22100043","ATL","Cam Reddish, Delon Wright, Gorgui Dieng, Lou Williams, Solomon Hill",5,"2",28,18,31,18,720,825,3,0,3,105
"22100043","DET","Cory Joseph, Frank Jackson, Hamidou Diallo, Luka Garza, Trey Lyles",5,"1",16,21,18,28,620,720,2,7,-5,100
"22100043","DET","Cory Joseph, Frank Jackson, Hamidou Diallo, Luka Garza, Trey Lyles",5,"2",18,28,18,31,720,771,0,3,-3,51
"22100043","ATL","Cam Reddish, Delon Wright, Gorgui Dieng, John Collins, Lou Williams",6,"2",31,18,31,20,825,863,0,2,-2,38
"22100043","DET","Cory Joseph, Hamidou Diallo, Luka Garza, Saddiq Bey, Trey Lyles",6,"2",18,31,18,31,771,771,0,0,0,0
"22100043","ATL","Cam Reddish, Delon Wright, John Collins, Kevin Huerter, Lou Williams",7,"2",31,20,31,22,863,916,0,2,-2,53
"22100043","DET","Hamidou Diallo, Killian Hayes, Luka Garza, Saddiq Bey, Trey Lyles",7,"2",18,31,18,31,771,825,0,0,0,54
"22100043","ATL","Cam Reddish, John Collins, Kevin Huerter, Lou Williams, Trae Young",8,"2",31,22,31,22,916,916,0,0,0,0
"22100043","DET","Hamidou Diallo, Kelly Olynyk, Killian Hayes, Saddiq Bey, Trey Lyles",8,"2",18,31,29,36,825,1026,11,5,6,201
"22100043","ATL","Bogdan Bogdanovic, Cam Reddish, John Collins, Kevin Huerter, Trae Young",9,"2",31,22,36,29,916,1026,5,7,-2,110
"22100043","DET","Isaiah Stewart, Kelly Olynyk, Killian Hayes, Saddiq Bey, Trey Lyles",9,"2",29,36,29,36,1026,1026,0,0,0,0
"22100043","ATL","Bogdan Bogdanovic, Clint Capela, John Collins, Kevin Huerter, Trae Young",10,"2",36,29,38,29,1026,1043,2,0,2,17
"22100043","DET","Isaiah Stewart, Josh Jackson, Kelly Olynyk, Killian Hayes, Saddiq Bey",10,"2",29,36,54,62,1026,1440,25,26,-1,414
"22100043","DET","Isaiah Stewart, Josh Jackson, Kelly Olynyk, Killian Hayes, Saddiq Bey",10,"3",54,62,62,75,1440,1705,8,13,-5,265
"22100043","ATL","Bogdan Bogdanovic, Cam Reddish, Clint Capela, Kevin Huerter, Trae Young",11,"2",38,29,62,54,1043,1440,24,25,-1,397
"22100043","DET","Isaiah Stewart, Josh Jackson, Killian Hayes, Saddiq Bey, Trey Lyles",11,"3",62,75,68,82,1705,1858,6,7,-1,153
"22100043","ATL","Bogdan Bogdanovic, Clint Capela, John Collins, Kevin Huerter, Trae Young",12,"3",62,54,82,68,1440,1858,20,14,6,418
"22100043","DET","Cory Joseph, Isaiah Stewart, Josh Jackson, Saddiq Bey, Trey Lyles",12,"3",68,82,73,82,1858,1898,5,0,5,40
"22100043","ATL","Bogdan Bogdanovic, Clint Capela, Kevin Huerter, Solomon Hill, Trae Young",13,"3",82,68,82,70,1858,1877,0,2,-2,19
"22100043","DET","Cory Joseph, Frank Jackson, Isaiah Stewart, Saddiq Bey, Trey Lyles",13,"3",73,82,75,82,1898,1933,2,0,2,35
"22100043","ATL","Bogdan Bogdanovic, Cam Reddish, Clint Capela, Solomon Hill, Trae Young",14,"3",82,70,82,73,1877,1922,0,3,-3,45
"22100043","DET","Cory Joseph, Frank Jackson, Luka Garza, Saddiq Bey, Trey Lyles",14,"3",75,82,77,93,1933,2068,2,11,-9,135
"22100043","ATL","Cam Reddish, Clint Capela, Lou Williams, Solomon Hill, Trae Young",15,"3",82,73,82,75,1922,1933,0,2,-2,11
"22100043","DET","Cory Joseph, Frank Jackson, Killian Hayes, Luka Garza, Trey Lyles",15,"3",77,93,79,95,2068,2160,2,2,0,92
"22100043","ATL","Cam Reddish, Gorgui Dieng, Lou Williams, Solomon Hill, Trae Young",16,"3",82,75,93,77,1933,2068,11,2,9,135
"22100043","DET","Cory Joseph, Frank Jackson, Hamidou Diallo, Luka Garza, Trey Lyles",16,"4",79,95,81,103,2160,2331,2,8,-6,171
"22100043","ATL","Cam Reddish, Delon Wright, Gorgui Dieng, Lou Williams, Solomon Hill",17,"3",93,77,95,79,2068,2160,2,2,0,92
"22100043","ATL","Cam Reddish, Delon Wright, Gorgui Dieng, Lou Williams, Solomon Hill",17,"4",95,79,97,81,2160,2231,2,2,0,71
"22100043","DET","Cory Joseph, Frank Jackson, Hamidou Diallo, Kelly Olynyk, Trey Lyles",17,"4",81,103,85,108,2331,2437,4,5,-1,106
"22100043","ATL","Cam Reddish, Delon Wright, Gorgui Dieng, John Collins, Lou Williams",18,"4",97,81,108,90,2231,2510,11,9,2,279
"22100043","DET","Cory Joseph, Hamidou Diallo, Kelly Olynyk, Saddiq Bey, Trey Lyles",18,"4",85,108,85,108,2437,2437,0,0,0,0
"22100043","ATL","Cam Reddish, Delon Wright, John Collins, Kevin Huerter, Lou Williams",19,"4",108,90,110,92,2510,2537,2,2,0,27
"22100043","DET","Cory Joseph, Kelly Olynyk, Saben Lee, Saddiq Bey, Trey Lyles",19,"4",85,108,85,108,2437,2437,0,0,0,0
"22100043","ATL","Cam Reddish, Delon Wright, John Collins, Kevin Huerter, Trae Young",20,"4",110,92,110,92,2537,2537,0,0,0,0
"22100043","DET","Josh Jackson, Kelly Olynyk, Saben Lee, Saddiq Bey, Trey Lyles",20,"4",85,108,90,108,2437,2510,5,0,5,73
"22100043","ATL","Clint Capela, Delon Wright, John Collins, Kevin Huerter, Trae Young",21,"4",110,92,120,97,2537,2689,10,5,5,152
"22100043","DET","Isaiah Stewart, Josh Jackson, Kelly Olynyk, Saben Lee, Saddiq Bey",21,"4",90,108,97,120,2510,2689,7,12,-5,179
"22100043","ATL","Clint Capela, Delon Wright, John Collins, Skylar Mays, Trae Young",22,"4",120,97,120,97,2689,2689,0,0,0,0
"22100043","DET","Isaiah Stewart, Jamorko Pickett, Josh Jackson, Saben Lee, Saddiq Bey",22,"4",97,120,97,120,2689,2689,0,0,0,0
"22100043","ATL","Clint Capela, Delon Wright, Skylar Mays, Timothe Luwawu-Cabarrot, Trae Young",23,"4",120,97,120,97,2689,2689,0,0,0,0
"22100043","DET","Isaiah Stewart, Jamorko Pickett, Josh Jackson, Rodney McGruder, Saben Lee",23,"4",97,120,104,122,2689,2844,7,2,5,155
"22100043","ATL","Clint Capela, Delon Wright, Sharife Cooper, Skylar Mays, Timothe Luwawu-Cabarrot",24,"4",120,97,120,97,2689,2689,0,0,0,0
"22100043","DET","Jamorko Pickett, Josh Jackson, Luka Garza, Rodney McGruder, Saben Lee",24,"4",104,122,104,122,2844,2880,0,0,0,36
"22100043","ATL","Delon Wright, Jalen Johnson, Sharife Cooper, Skylar Mays, Timothe Luwawu-Cabarrot",25,"4",120,97,122,104,2689,2880,2,7,-5,191
"22100044","BKN","Blake Griffin, Bruce Brown, James Harden, Joe Harris, Kevin Durant",0,"1",0,0,17,12,0,316,17,12,5,316
"22100044","WAS","Bradley Beal, Daniel Gafford, Kentavious Caldwell-Pope, Kyle Kuzma, Spencer Dinwiddie",0,"1",0,0,12,17,0,316,12,17,-5,316
"22100044","BKN","Blake Griffin, Bruce Brown, James Harden, Kevin Durant, Patty Mills",1,"1",17,12,17,14,316,341,0,2,-2,25
"22100044","WAS","Bradley Beal, Daniel Gafford, Kentavious Caldwell-Pope, Kyle Kuzma, Raul Neto",1,"1",12,17,12,17,316,316,0,0,0,0
"22100044","BKN","Blake Griffin, Bruce Brown, James Johnson, Kevin Durant, Patty Mills",2,"1",17,14,20,14,341,414,3,0,3,73
"22100044","WAS","Bradley Beal, Daniel Gafford, Deni Avdija, Kyle Kuzma, Raul Neto",2,"1",12,17,14,20,316,414,2,3,-1,98
"22100044","BKN","Bruce Brown, James Johnson, Kevin Durant, Nic Claxton, Patty Mills",3,"1",20,14,25,14,414,482,5,0,5,68
"22100044","WAS","Bradley Beal, Deni Avdija, Kyle Kuzma, Montrezl Harrell, Raul Neto",3,"1",14,20,14,25,414,482,0,5,-5,68
"22100044","BKN","DeAndre' Bembry, James Johnson, Kevin Durant, Nic Claxton, Patty Mills",4,"1",25,14,32,18,482,617,7,4,3,135
"22100044","WAS","Bradley Beal, Davis Bertans, Deni Avdija, Montrezl Harrell, Raul Neto",4,"1",14,25,14,28,482,542,0,3,-3,60
"22100044","BKN","DeAndre' Bembry, James Harden, James Johnson, Nic Claxton, Patty Mills",5,"1",32,18,38,20,617,720,6,2,4,103
"22100044","WAS","Davis Bertans, Deni Avdija, Montrezl Harrell, Raul Neto, Spencer Dinwiddie",5,"1",14,28,14,28,542,542,0,0,0,0
"22100044","BKN","James Harden, Jevon Carter, Joe Harris, Nic Claxton, Paul Millsap",6,"2",38,20,45,22,720,910,7,2,5,190
"22100044","WAS","Aaron Holiday, Davis Bertans, Deni Avdija, Montrezl Harrell, Spencer Dinwiddie",6,"1",14,28,18,32,542,617,4,4,0,75
"22100044","BKN","Bruce Brown, James Harden, Jevon Carter, Joe Harris, Paul Millsap",7,"2",45,22,47,24,910,1041,2,2,0,131
"22100044","WAS","Aaron Holiday, Davis Bertans, Kentavious Caldwell-Pope, Montrezl Harrell, Spencer Dinwiddie",7,"1",18,32,20,38,617,720,2,6,-4,103
"22100044","WAS","Aaron Holiday, Davis Bertans, Kentavious Caldwell-Pope, Montrezl Harrell, Spencer Dinwiddie",7,"2",20,38,22,45,720,910,2,7,-5,190
"22100044","BKN","Bruce Brown, James Harden, Joe Harris, Kevin Durant, Paul Millsap",8,"2",47,24,47,24,1041,1041,0,0,0,0
"22100044","WAS","Aaron Holiday, Davis Bertans, Kentavious Caldwell-Pope, Montrezl Harrell, Raul Neto",8,"2",22,45,22,45,910,935,0,0,0,25
"22100044","BKN","Blake Griffin, Bruce Brown, James Harden, Kevin Durant, Paul Millsap",9,"2",47,24,47,24,1041,1041,0,0,0,0
"22100044","WAS","Aaron Holiday, Bradley Beal, Davis Bertans, Montrezl Harrell, Raul Neto",9,"2",22,45,22,45,935,966,0,0,0,31
"22100044","BKN","Blake Griffin, Bruce Brown, James Harden, Kevin Durant, Patty Mills",10,"2",47,24,51,34,1041,1267,4,10,-6,226
"22100044","WAS","Bradley Beal, Davis Bertans, Kyle Kuzma, Montrezl Harrell, Raul Neto",10,"2",22,45,22,45,966,966,0,0,0,0
"22100044","BKN","Blake Griffin, James Harden, Joe Harris, Kevin Durant, Patty Mills",11,"2",51,34,51,34,1267,1267,0,0,0,0
"22100044","WAS","Bradley Beal, Deni Avdija, Kyle Kuzma, Montrezl Harrell, Raul Neto",11,"2",22,45,22,47,966,998,0,2,-2,32
"22100044","BKN","Blake Griffin, DeAndre' Bembry, Joe Harris, Kevin Durant, Patty Mills",12,"2",51,34,56,39,1267,1411,5,5,0,144
"22100044","WAS","Bradley Beal, Daniel Gafford, Deni Avdija, Kyle Kuzma, Raul Neto",12,"2",22,47,34,51,998,1267,12,4,8,269
"22100044","BKN","DeAndre' Bembry, Jevon Carter, Joe Harris, Kevin Durant, Patty Mills",13,"2",56,39,56,39,1411,1411,0,0,0,0
"22100044","WAS","Bradley Beal, Daniel Gafford, Kyle Kuzma, Raul Neto, Spencer Dinwiddie",13,"2",34,51,34,51,1267,1267,0,0,0,0
"22100044","BKN","Bruce Brown, DeAndre' Bembry, Jevon Carter, Joe Harris, Kevin Durant",14,"2",56,39,56,39,1411,1411,0,0,0,0
"22100044","WAS","Bradley Beal, Daniel Gafford, Kentavious Caldwell-Pope, Kyle Kuzma, Spencer Dinwiddie",14,"2",34,51,39,56,1267,1411,5,5,0,144
"22100044","BKN","Bruce Brown, DeAndre' Bembry, James Johnson, Jevon Carter, Kevin Durant",15,"2",56,39,59,42,1411,1440,3,3,0,29
"22100044","WAS","Bradley Beal, Davis Bertans, Kentavious Caldwell-Pope, Kyle Kuzma, Spencer Dinwiddie",15,"2",39,56,42,59,1411,1440,3,3,0,29
"22100044","BKN","Blake Griffin, Bruce Brown, James Harden, Joe Harris, Kevin Durant",16,"3",59,42,67,52,1440,1794,8,10,-2,354
"22100044","WAS","Bradley Beal, Daniel Gafford, Kentavious Caldwell-Pope, Kyle Kuzma, Spencer Dinwiddie",16,"3",42,59,52,61,1440,1743,10,2,8,303
"22100044","BKN","Blake Griffin, James Harden, Joe Harris, Kevin Durant, Nic Claxton",17,"3",67,52,67,52,1794,1794,0,0,0,0
"22100044","WAS","Bradley Beal, Daniel Gafford, Deni Avdija, Kyle Kuzma, Spencer Dinwiddie",17,"3",52,61,52,67,1743,1794,0,6,-6,51
"22100044","BKN","James Harden, Joe Harris, Kevin Durant, Nic Claxton, Patty Mills",18,"3",67,52,70,52,1794,1863,3,0,3,69
"22100044","WAS","Bradley Beal, Deni Avdija, Kyle Kuzma, Raul Neto, Spencer Dinwiddie",18,"3",52,67,52,67,1794,1794,0,0,0,0
"22100044","BKN","DeAndre' Bembry, James Harden, Kevin Durant, Nic Claxton, Patty Mills",19,"3",70,52,73,59,1863,2013,3,7,-4,150
"22100044","WAS","Bradley Beal, Deni Avdija, Kyle Kuzma, Montrezl Harrell, Raul Neto",19,"3",52,67,52,70,1794,1863,0,3,-3,69
"22100044","BKN","DeAndre' Bembry, James Harden, Joe Harris, Nic Claxton, Patty Mills",20,"3",73,59,79,64,2013,2142,6,5,1,129
"22100044","WAS","Bradley Beal, Davis Bertans, Deni Avdija, Montrezl Harrell, Raul Neto",20,"3",52,70,59,73,1863,2021,7,3,4,158
"22100044","BKN","DeAndre' Bembry, James Harden, Joe Harris, Kevin Durant, Patty Mills",21,"3",79,64,82,64,2142,2154,3,0,3,12
"22100044","WAS","Bradley Beal, Davis Bertans, Kentavious Caldwell-Pope, Montrezl Harrell, Raul Neto",21,"3",59,73,61,75,2021,2079,2,2,0,58
"22100044","BKN","DeAndre' Bembry, James Harden, Joe Harris, Kevin Durant, Nic Claxton",22,"3",82,64,82,64,2154,2154,0,0,0,0
"22100044","WAS","Aaron Holiday, Davis Bertans, Kentavious Caldwell-Pope, Montrezl Harrell, Raul Neto",22,"3",61,75,64,79,2079,2142,3,4,-1,63
"22100044","BKN","DeAndre' Bembry, James Harden, Jevon Carter, Kevin Durant, Nic Claxton",23,"3",82,64,82,64,2154,2154,0,0,0,0
"22100044","WAS","Aaron Holiday, Kentavious Caldwell-Pope, Kyle Kuzma, Montrezl Harrell, Raul Neto",23,"3",64,79,64,82,2142,2154,0,3,-3,12
"22100044","BKN","Bruce Brown, DeAndre' Bembry, Jevon Carter, Kevin Durant, Nic Claxton",24,"3",82,64,82,64,2154,2160,0,0,0,6
"22100044","WAS","Aaron Holiday, Davis Bertans, Kentavious Caldwell-Pope, Kyle Kuzma, Montrezl Harrell",24,"3",64,82,64,82,2154,2160,0,0,0,6
"22100044","BKN","DeAndre' Bembry, Jevon Carter, Joe Harris, Kevin Durant, Paul Millsap",25,"4",82,64,85,68,2160,2290,3,4,-1,130
"22100044","WAS","Aaron Holiday, Davis Bertans, Kentavious Caldwell-Pope, Montrezl Harrell, Spencer Dinwiddie",25,"4",64,82,74,87,2160,2391,10,5,5,231
"22100044","BKN","Bruce Brown, Jevon Carter, Joe Harris, Kevin Durant, Paul Millsap",26,"4",85,68,87,74,2290,2391,2,6,-4,101
"22100044","WAS","Aaron Holiday, Bradley Beal, Davis Bertans, Montrezl Harrell, Spencer Dinwiddie",26,"4",74,87,74,87,2391,2391,0,0,0,0
"22100044","BKN","Bruce Brown, Joe Harris, Kevin Durant, Nic Claxton, Paul Millsap",27,"4",87,74,87,74,2391,2391,0,0,0,0
"22100044","WAS","Bradley Beal, Davis Bertans, Kyle Kuzma, Montrezl Harrell, Spencer Dinwiddie",27,"4",74,87,74,93,2391,2489,0,6,-6,98
"22100044","BKN","Bruce Brown, Joe Harris, Kevin Durant, Nic Claxton, Patty Mills",28,"4",87,74,93,76,2391,2517,6,2,4,126
"22100044","WAS","Bradley Beal, Daniel Gafford, Davis Bertans, Kyle Kuzma, Spencer Dinwiddie",28,"4",74,93,74,93,2489,2489,0,0,0,0
"22100044","BKN","Bruce Brown, James Harden, Joe Harris, Kevin Durant, Patty Mills",29,"4",93,76,100,84,2517,2637,7,8,-1,120
"22100044","WAS","Bradley Beal, Daniel Gafford, Davis Bertans, Kyle Kuzma, Raul Neto",29,"4",74,93,76,93,2489,2517,2,0,2,28
"22100044","BKN","Bruce Brown, Cam Thomas, James Harden, Joe Harris, Patty Mills",30,"4",100,84,100,84,2637,2637,0,0,0,0
"22100044","WAS","Aaron Holiday, Bradley Beal, Daniel Gafford, Davis Bertans, Kyle Kuzma",30,"4",76,93,82,98,2517,2610,6,5,1,93
"22100044","BKN","Bruce Brown, Cam Thomas, Day'Ron Sharpe, James Harden, Joe Harris",31,"4",100,84,100,84,2637,2637,0,0,0,0
"22100044","WAS","Aaron Holiday, Daniel Gafford, Davis Bertans, Isaiah Todd, Kyle Kuzma",31,"4",82,98,82,98,2610,2610,0,0,0,0
"22100044","BKN","Bruce Brown, Cam Thomas, Day'Ron Sharpe, DeAndre' Bembry, James Harden",32,"4",100,84,100,84,2637,2637,0,0,0,0
"22100044","WAS","Aaron Holiday, Corey Kispert, Daniel Gafford, Davis Bertans, Isaiah Todd",32,"4",82,98,82,98,2610,2610,0,0,0,0
"22100044","BKN","Bruce Brown, Cam Thomas, Day'Ron Sharpe, DeAndre' Bembry, Jevon Carter",33,"4",100,84,104,90,2637,2880,4,6,-2,243
"22100044","WAS","Aaron Holiday, Corey Kispert, Daniel Gafford, Deni Avdija, Isaiah Todd",33,"4",82,98,85,100,2610,2670,3,2,1,60
"22100044","WAS","Aaron Holiday, Corey Kispert, Deni Avdija, Isaiah Todd, Joel Ayayi",34,"4",85,100,90,104,2670,2880,5,4,1,210
"22100045","MIA","Bam Adebayo, Duncan Robinson, Jimmy Butler, Kyle Lowry, P.J. Tucker",0,"1",0,0,13,9,0,390,13,9,4,390
"22100045","ORL","Cole Anthony, Franz Wagner, Jalen Suggs, Mo Bamba, Wendell Carter Jr.",0,"1",0,0,7,9,0,295,7,9,-2,295
"22100045","MIA","Bam Adebayo, Duncan Robinson, Jimmy Butler, P.J. Tucker, Tyler Herro",1,"1",13,9,13,9,390,436,0,0,0,46
"22100045","ORL","Franz Wagner, Jalen Suggs, Mo Bamba, Terrence Ross, Wendell Carter Jr.",1,"1",7,9,7,9,295,295,0,0,0,0
"22100045","MIA","Dewayne Dedmon, Duncan Robinson, Jimmy Butler, P.J. Tucker, Tyler Herro",2,"1",13,9,17,9,436,505,4,0,4,69
"22100045","ORL","Gary Harris, Jalen Suggs, Mo Bamba, Terrence Ross, Wendell Carter Jr.",2,"1",7,9,9,13,295,390,2,4,-2,95
"22100045","MIA","Dewayne Dedmon, Jimmy Butler, Max Strus, P.J. Tucker, Tyler Herro",3,"1",17,9,19,9,505,510,2,0,2,5
"22100045","ORL","Gary Harris, Jalen Suggs, Moritz Wagner, Terrence Ross, Wendell Carter Jr.",3,"1",9,13,9,13,390,447,0,0,0,57
"22100045","MIA","Dewayne Dedmon, Jimmy Butler, Markieff Morris, Max Strus, Tyler Herro",4,"1",19,9,21,13,510,586,2,4,-2,76
"22100045","ORL","Gary Harris, Moritz Wagner, Robin Lopez, Terrence Ross, Wendell Carter Jr.",4,"1",9,13,9,13,447,447,0,0,0,0
"22100045","MIA","Dewayne Dedmon, Kyle Lowry, Markieff Morris, Max Strus, Tyler Herro",5,"1",21,13,27,15,586,720,6,2,4,134
"22100045","MIA","Dewayne Dedmon, Kyle Lowry, Markieff Morris, Max Strus, Tyler Herro",5,"2",27,15,31,19,720,812,4,4,0,92
"22100045","ORL","Cole Anthony, Gary Harris, Moritz Wagner, Robin Lopez, Terrence Ross",5,"1",9,13,13,21,447,586,4,8,-4,139
"22100045","MIA","Bam Adebayo, Kyle Lowry, Markieff Morris, Max Strus, Tyler Herro",6,"2",31,19,37,23,812,971,6,4,2,159
"22100045","ORL","Cole Anthony, Moritz Wagner, R.J. Hampton, Robin Lopez, Terrence Ross",6,"1",13,21,15,27,586,720,2,6,-4,134
"22100045","MIA","Bam Adebayo, Jimmy Butler, Markieff Morris, Max Strus, Tyler Herro",7,"2",37,23,37,23,971,971,0,0,0,0
"22100045","ORL","Cole Anthony, Franz Wagner, Mo Bamba, R.J. Hampton, Terrence Ross",7,"2",15,27,19,35,720,862,4,8,-4,142
"22100045","MIA","Bam Adebayo, Duncan Robinson, Jimmy Butler, Markieff Morris, Tyler Herro",8,"2",37,23,47,36,971,1205,10,13,-3,234
"22100045","ORL","Franz Wagner, Jalen Suggs, Mo Bamba, R.J. Hampton, Terrence Ross",8,"2",19,35,23,35,862,916,4,0,4,54
"22100045","MIA","Bam Adebayo, Duncan Robinson, Jimmy Butler, Kyle Lowry, Tyler Herro",9,"2",47,36,47,36,1205,1205,0,0,0,0
"22100045","ORL","Franz Wagner, Gary Harris, Jalen Suggs, Mo Bamba, R.J. Hampton",9,"2",23,35,28,47,916,1136,5,12,-7,220
"22100045","MIA","Dewayne Dedmon, Duncan Robinson, Jimmy Butler, Kyle Lowry, Tyler Herro",10,"2",47,36,47,36,1205,1205,0,0,0,0
"22100045","ORL","Cole Anthony, Franz Wagner, Gary Harris, Mo Bamba, R.J. Hampton",10,"2",28,47,28,47,1136,1136,0,0,0,0
"22100045","MIA","Dewayne Dedmon, Duncan Robinson, Jimmy Butler, Kyle Lowry, P.J. Tucker",11,"2",47,36,53,42,1205,1345,6,6,0,140
"22100045","ORL","Cole Anthony, Franz Wagner, Gary Harris, R.J. Hampton, Wendell Carter Jr.",11,"2",28,47,42,53,1136,1345,14,6,8,209
"22100045","MIA","Bam Adebayo, Duncan Robinson, Jimmy Butler, Kyle Lowry, P.J. Tucker",12,"2",53,42,55,44,1345,1382,2,2,0,37
"22100045","ORL","Cole Anthony, Franz Wagner, Gary Harris, Terrence Ross, Wendell Carter Jr.",12,"2",42,53,42,53,1345,1345,0,0,0,0
"22100045","MIA","Bam Adebayo, Jimmy Butler, Kyle Lowry, P.J. Tucker, Tyler Herro",13,"2",55,44,57,44,1382,1440,2,0,2,58
"22100045","ORL","Cole Anthony, Franz Wagner, Jalen Suggs, Terrence Ross, Wendell Carter Jr.",13,"2",42,53,44,57,1345,1440,2,4,-2,95
"22100045","MIA","Bam Adebayo, Duncan Robinson, Jimmy Butler, Kyle Lowry, P.J. Tucker",14,"3",57,44,70,62,1440,1884,13,18,-5,444
"22100045","ORL","Cole Anthony, Franz Wagner, Jalen Suggs, Mo Bamba, Wendell Carter Jr.",14,"3",44,57,56,64,1440,1759,12,7,5,319
"22100045","MIA","Bam Adebayo, Dewayne Dedmon, Duncan Robinson, Jimmy Butler, P.J. Tucker",15,"3",70,62,70,62,1884,1884,0,0,0,0
"22100045","ORL","Cole Anthony, Franz Wagner, Gary Harris, Mo Bamba, Wendell Carter Jr.",15,"3",56,64,57,66,1759,1794,1,2,-1,35
"22100045","MIA","Dewayne Dedmon, Duncan Robinson, Jimmy Butler, P.J. Tucker, Tyler Herro",16,"3",70,62,72,64,1884,1967,2,2,0,83
"22100045","ORL","Cole Anthony, Franz Wagner, Gary Harris, Ignas Brazdeikis, Wendell Carter Jr.",16,"3",57,66,57,66,1794,1794,0,0,0,0
"22100045","MIA","Dewayne Dedmon, Duncan Robinson, Jimmy Butler, Markieff Morris, Tyler Herro",17,"3",72,64,72,64,1967,1967,0,0,0,0
"22100045","ORL","Cole Anthony, Gary Harris, Ignas Brazdeikis, Terrence Ross, Wendell Carter Jr.",17,"3",57,66,64,72,1794,1967,7,6,1,173
"22100045","MIA","Dewayne Dedmon, Jimmy Butler, Markieff Morris, Max Strus, Tyler Herro",18,"3",72,64,81,70,1967,2160,9,6,3,193
"22100045","ORL","Cole Anthony, Ignas Brazdeikis, R.J. Hampton, Terrence Ross, Wendell Carter Jr.",18,"3",64,72,64,72,1967,1967,0,0,0,0
"22100045","MIA","Bam Adebayo, Kyle Lowry, Markieff Morris, Max Strus, Tyler Herro",19,"4",81,70,98,79,2160,2493,17,9,8,333
"22100045","ORL","Ignas Brazdeikis, Jalen Suggs, R.J. Hampton, Terrence Ross, Wendell Carter Jr.",19,"3",64,72,64,72,1967,1981,0,0,0,14
"22100045","MIA","Bam Adebayo, Jimmy Butler, Kyle Lowry, Markieff Morris, Tyler Herro",20,"4",98,79,98,79,2493,2534,0,0,0,41
"22100045","ORL","Ignas Brazdeikis, Jalen Suggs, R.J. Hampton, Robin Lopez, Terrence Ross",20,"3",64,72,70,79,1981,2154,6,7,-1,173
"22100045","MIA","Dewayne Dedmon, Jimmy Butler, Kyle Lowry, Markieff Morris, Tyler Herro",21,"4",98,79,98,82,2534,2577,0,3,-3,43
"22100045","ORL","Ignas Brazdeikis, Jalen Suggs, Moritz Wagner, R.J. Hampton, Terrence Ross",21,"3",70,79,70,81,2154,2160,0,2,-2,6
"22100045","MIA","Dewayne Dedmon, Duncan Robinson, Jimmy Butler, Markieff Morris, Tyler Herro",22,"4",98,82,105,83,2577,2693,7,1,6,116
"22100045","ORL","Jalen Suggs, Mo Bamba, Moritz Wagner, R.J. Hampton, Terrence Ross",22,"4",70,81,72,86,2160,2200,2,5,-3,40
"22100045","MIA","Dewayne Dedmon, Duncan Robinson, Markieff Morris, Max Strus, Tyler Herro",23,"4",105,83,105,87,2693,2782,0,4,-4,89
"22100045","ORL","Cole Anthony, Mo Bamba, Moritz Wagner, R.J. Hampton, Terrence Ross",23,"4",72,86,77,90,2200,2319,5,4,1,119
"22100045","MIA","Dewayne Dedmon, Duncan Robinson, KZ Okpala, Max Strus, Tyler Herro",24,"4",105,87,105,87,2782,2782,0,0,0,0
"22100045","ORL","Cole Anthony, Mo Bamba, R.J. Hampton, Terrence Ross, Wendell Carter Jr.",24,"4",77,90,77,95,2319,2369,0,5,-5,50
"22100045","MIA","Dewayne Dedmon, Duncan Robinson, Gabe Vincent, KZ Okpala, Max Strus",25,"4",105,87,105,87,2782,2782,0,0,0,0
"22100045","ORL","Cole Anthony, Gary Harris, Mo Bamba, R.J. Hampton, Wendell Carter Jr.",25,"4",77,95,79,95,2369,2447,2,0,2,78
"22100045","MIA","Duncan Robinson, Gabe Vincent, KZ Okpala, Max Strus, Omer Yurtseven",26,"4",105,87,105,87,2782,2782,0,0,0,0
"22100045","ORL","Cole Anthony, Franz Wagner, Gary Harris, Mo Bamba, Wendell Carter Jr.",26,"4",79,95,82,98,2447,2577,3,3,0,130
"22100045","MIA","Gabe Vincent, KZ Okpala, Marcus Garrett, Max Strus, Omer Yurtseven",27,"4",105,87,107,90,2782,2880,2,3,-1,98
"22100045","ORL","Cole Anthony, Franz Wagner, Mo Bamba, R.J. Hampton, Wendell Carter Jr.",27,"4",82,98,82,98,2577,2577,0,0,0,0
"22100045","ORL","Franz Wagner, Jalen Suggs, Mo Bamba, R.J. Hampton, Wendell Carter Jr.",28,"4",82,98,83,105,2577,2693,1,7,-6,116
"22100045","ORL","Franz Wagner, Ignas Brazdeikis, Jalen Suggs, R.J. Hampton, Wendell Carter Jr.",29,"4",83,105,83,105,2693,2693,0,0,0,0
"22100045","ORL","Ignas Brazdeikis, Jalen Suggs, R.J. Hampton, Robin Lopez, Wendell Carter Jr.",30,"4",83,105,83,105,2693,2693,0,0,0,0
"22100045","ORL","Ignas Brazdeikis, Jalen Suggs, Moritz Wagner, R.J. Hampton, Robin Lopez",31,"4",83,105,90,107,2693,2880,7,2,5,187
"22100046","CHI","DeMar DeRozan, Lonzo Ball, Nikola Vucevic, Patrick Williams, Zach LaVine",0,"1",0,0,11,11,0,395,11,11,0,395
"22100046","TOR","Fred VanVleet, Gary Trent Jr., OG Anunoby, Precious Achiuwa, Scottie Barnes",0,"1",0,0,11,11,0,395,11,11,0,395
"22100046","CHI","Lonzo Ball, Nikola Vucevic, Patrick Williams, Troy Brown Jr., Zach LaVine",1,"1",11,11,11,11,395,395,0,0,0,0
"22100046","TOR","Fred VanVleet, Gary Trent Jr., Khem Birch, OG Anunoby, Scottie Barnes",1,"1",11,11,11,13,395,465,0,2,-2,70
"22100046","CHI","Javonte Green, Lonzo Ball, Nikola Vucevic, Troy Brown Jr., Zach LaVine",2,"1",11,11,13,11,395,444,2,0,2,49
"22100046","TOR","Gary Trent Jr., Goran Dragic, Khem Birch, OG Anunoby, Scottie Barnes",2,"1",11,13,11,13,465,476,0,0,0,11
"22100046","CHI","Alex Caruso, Javonte Green, Lonzo Ball, Troy Brown Jr., Zach LaVine",3,"1",13,11,13,11,444,465,0,0,0,21
"22100046","TOR","Gary Trent Jr., Goran Dragic, Khem Birch, OG Anunoby, Svi Mykhailiuk",3,"1",11,13,18,15,476,557,7,2,5,81
"22100046","CHI","Alex Caruso, Alize Johnson, Javonte Green, Troy Brown Jr., Zach LaVine",4,"1",13,11,13,16,465,535,0,5,-5,70
"22100046","TOR","Fred VanVleet, Gary Trent Jr., Goran Dragic, Khem Birch, Svi Mykhailiuk",4,"1",18,15,18,15,557,557,0,0,0,0
"22100046","CHI","Alex Caruso, Alize Johnson, DeMar DeRozan, Javonte Green, Troy Brown Jr.",5,"1",13,16,24,24,535,720,11,8,3,185
"22100046","TOR","Fred VanVleet, Goran Dragic, Khem Birch, Scottie Barnes, Svi Mykhailiuk",5,"1",18,15,24,24,557,720,6,9,-3,163
"22100046","TOR","Fred VanVleet, Goran Dragic, Khem Birch, Scottie Barnes, Svi Mykhailiuk",5,"2",24,24,29,32,720,874,5,8,-3,154
"22100046","CHI","Alex Caruso, DeMar DeRozan, Javonte Green, Lonzo Ball, Nikola Vucevic",6,"2",24,24,32,29,720,874,8,5,3,154
"22100046","TOR","Fred VanVleet, Gary Trent Jr., Khem Birch, Scottie Barnes, Svi Mykhailiuk",6,"2",29,32,29,32,874,874,0,0,0,0
"22100046","CHI","DeMar DeRozan, Javonte Green, Lonzo Ball, Nikola Vucevic, Troy Brown Jr.",7,"2",32,29,32,29,874,874,0,0,0,0
"22100046","TOR","Fred VanVleet, Gary Trent Jr., Khem Birch, OG Anunoby, Svi Mykhailiuk",7,"2",29,32,29,32,874,896,0,0,0,22
"22100046","CHI","DeMar DeRozan, Lonzo Ball, Nikola Vucevic, Patrick Williams, Troy Brown Jr.",8,"2",32,29,40,36,874,1027,8,7,1,153
"22100046","TOR","Fred VanVleet, Gary Trent Jr., OG Anunoby, Precious Achiuwa, Svi Mykhailiuk",8,"2",29,32,36,40,896,1027,7,8,-1,131
"22100046","CHI","DeMar DeRozan, Lonzo Ball, Patrick Williams, Troy Brown Jr., Zach LaVine",9,"2",40,36,40,36,1027,1027,0,0,0,0
"22100046","TOR","Chris Boucher, Fred VanVleet, Gary Trent Jr., OG Anunoby, Precious Achiuwa",9,"2",36,40,39,45,1027,1119,3,5,-2,92
"22100046","CHI","Alize Johnson, Lonzo Ball, Patrick Williams, Troy Brown Jr., Zach LaVine",10,"2",40,36,45,39,1027,1119,5,3,2,92
"22100046","TOR","Chris Boucher, Gary Trent Jr., OG Anunoby, Precious Achiuwa, Scottie Barnes",10,"2",39,45,42,49,1119,1234,3,4,-1,115
"22100046","CHI","Alex Caruso, Alize Johnson, Patrick Williams, Troy Brown Jr., Zach LaVine",11,"2",45,39,47,40,1119,1177,2,1,1,58
"22100046","TOR","Fred VanVleet, Gary Trent Jr., OG Anunoby, Precious Achiuwa, Scottie Barnes",11,"2",42,49,51,54,1234,1356,9,5,4,122
"22100046","CHI","Alex Caruso, Alize Johnson, Nikola Vucevic, Patrick Williams, Zach LaVine",12,"2",47,40,47,40,1177,1177,0,0,0,0
"22100046","TOR","Chris Boucher, Fred VanVleet, Gary Trent Jr., Precious Achiuwa, Scottie Barnes",12,"2",51,54,51,61,1356,1440,0,7,-7,84
"22100046","CHI","Alex Caruso, DeMar DeRozan, Nikola Vucevic, Patrick Williams, Zach LaVine",13,"2",47,40,49,42,1177,1234,2,2,0,57
"22100046","TOR","Fred VanVleet, Gary Trent Jr., OG Anunoby, Precious Achiuwa, Scottie Barnes",13,"3",51,61,65,77,1440,1819,14,16,-2,379
"22100046","CHI","Alex Caruso, DeMar DeRozan, Lonzo Ball, Nikola Vucevic, Zach LaVine",14,"2",49,42,61,51,1234,1440,12,9,3,206
"22100046","TOR","Fred VanVleet, Gary Trent Jr., Khem Birch, OG Anunoby, Scottie Barnes",14,"3",65,77,69,86,1819,1933,4,9,-5,114
"22100046","CHI","DeMar DeRozan, Lonzo Ball, Nikola Vucevic, Patrick Williams, Zach LaVine",15,"3",61,51,77,65,1440,1819,16,14,2,379
"22100046","TOR","Fred VanVleet, Gary Trent Jr., Khem Birch, OG Anunoby, Svi Mykhailiuk",15,"3",69,86,75,88,1933,2022,6,2,4,89
"22100046","CHI","Lonzo Ball, Nikola Vucevic, Patrick Williams, Troy Brown Jr., Zach LaVine",16,"3",77,65,77,65,1819,1819,0,0,0,0
"22100046","TOR","Dalano Banton, Gary Trent Jr., Khem Birch, OG Anunoby, Svi Mykhailiuk",16,"3",75,88,77,88,2022,2062,2,0,2,40
"22100046","CHI","Javonte Green, Lonzo Ball, Nikola Vucevic, Troy Brown Jr., Zach LaVine",17,"3",77,65,86,69,1819,1933,9,4,5,114
"22100046","TOR","Dalano Banton, Goran Dragic, Khem Birch, OG Anunoby, Svi Mykhailiuk",17,"3",77,88,80,92,2062,2117,3,4,-1,55
"22100046","CHI","Alex Caruso, Javonte Green, Nikola Vucevic, Troy Brown Jr., Zach LaVine",18,"3",86,69,86,69,1933,1943,0,0,0,10
"22100046","TOR","Dalano Banton, Goran Dragic, Khem Birch, OG Anunoby, Scottie Barnes",18,"3",80,92,80,92,2117,2131,0,0,0,14
"22100046","CHI","Alex Caruso, Alize Johnson, Javonte Green, Troy Brown Jr., Zach LaVine",19,"3",86,69,88,75,1943,2022,2,6,-4,79
"22100046","TOR","Dalano Banton, Fred VanVleet, Goran Dragic, OG Anunoby, Scottie Barnes",19,"3",80,92,80,92,2131,2131,0,0,0,0
"22100046","CHI","Alex Caruso, Alize Johnson, DeMar DeRozan, Javonte Green, Troy Brown Jr.",20,"3",88,75,92,80,2022,2117,4,5,-1,95
"22100046","TOR","Dalano Banton, Fred VanVleet, Goran Dragic, OG Anunoby, Svi Mykhailiuk",20,"3",80,92,80,92,2131,2160,0,0,0,29
"22100046","CHI","Alex Caruso, Alize Johnson, DeMar DeRozan, Troy Brown Jr., Zach LaVine",21,"3",92,80,92,80,2117,2160,0,0,0,43
"22100046","TOR","Dalano Banton, Fred VanVleet, Goran Dragic, Khem Birch, Scottie Barnes",21,"4",80,92,86,95,2160,2333,6,3,3,173
"22100046","CHI","Alex Caruso, DeMar DeRozan, Lonzo Ball, Nikola Vucevic, Patrick Williams",22,"4",92,80,95,86,2160,2333,3,6,-3,173
"22100046","TOR","Fred VanVleet, Goran Dragic, Khem Birch, OG Anunoby, Scottie Barnes",22,"4",86,95,88,97,2333,2457,2,2,0,124
"22100046","CHI","Alex Caruso, Lonzo Ball, Nikola Vucevic, Patrick Williams, Zach LaVine",23,"4",95,86,95,86,2333,2379,0,0,0,46
"22100046","TOR","Fred VanVleet, Khem Birch, OG Anunoby, Precious Achiuwa, Scottie Barnes",23,"4",88,97,88,97,2457,2457,0,0,0,0
"22100046","CHI","Alex Caruso, Alize Johnson, Lonzo Ball, Patrick Williams, Zach LaVine",24,"4",95,86,97,93,2379,2571,2,7,-5,192
"22100046","TOR","Fred VanVleet, Gary Trent Jr., OG Anunoby, Precious Achiuwa, Scottie Barnes",24,"4",88,97,104,110,2457,2856,16,13,3,399
"22100046","CHI","Alize Johnson, DeMar DeRozan, Lonzo Ball, Patrick Williams, Zach LaVine",25,"4",97,93,97,93,2571,2571,0,0,0,0
"22100046","TOR","Fred VanVleet, Gary Trent Jr., Goran Dragic, OG Anunoby, Scottie Barnes",25,"4",104,110,108,110,2856,2869,4,0,4,13
"22100046","CHI","DeMar DeRozan, Lonzo Ball, Patrick Williams, Troy Brown Jr., Zach LaVine",26,"4",97,93,97,93,2571,2571,0,0,0,0
"22100046","TOR","Fred VanVleet, Gary Trent Jr., OG Anunoby, Precious Achiuwa, Scottie Barnes",26,"4",108,110,108,111,2869,2871,0,1,-1,2
"22100046","CHI","DeMar DeRozan, Lonzo Ball, Nikola Vucevic, Troy Brown Jr., Zach LaVine",27,"4",97,93,97,95,2571,2606,0,2,-2,35
"22100046","TOR","Fred VanVleet, Gary Trent Jr., Goran Dragic, OG Anunoby, Scottie Barnes",27,"4",108,111,108,111,2871,2880,0,0,0,9
"22100046","CHI","Alex Caruso, DeMar DeRozan, Lonzo Ball, Nikola Vucevic, Zach LaVine",28,"4",97,95,110,104,2606,2856,13,9,4,250
"22100046","CHI","Alex Caruso, DeMar DeRozan, Lonzo Ball, Patrick Williams, Zach LaVine",29,"4",110,104,110,106,2856,2862,0,2,-2,6
"22100046","CHI","Alex Caruso, DeMar DeRozan, Lonzo Ball, Nikola Vucevic, Zach LaVine",30,"4",110,106,111,108,2862,2880,1,2,-1,18
"22100047","MIN","Anthony Edwards, D'Angelo Russell, Jaden McDaniels, Josh Okogie, Karl-Anthony Towns",0,"1",0,0,9,9,0,395,9,9,0,395
"22100047","NOP","Brandon Ingram, Devonte' Graham, Herbert Jones, Jonas Valanciunas, Nickeil Alexander-Walker",0,"1",0,0,9,9,0,395,9,9,0,395
"22100047","MIN","Anthony Edwards, Jaden McDaniels, Josh Okogie, Karl-Anthony Towns, Patrick Beverley",1,"1",9,9,12,12,395,487,3,3,0,92
"22100047","NOP","Brandon Ingram, Herbert Jones, Jonas Valanciunas, Kira Lewis Jr., Nickeil Alexander-Walker",1,"1",9,9,9,9,395,395,0,0,0,0
"22100047","MIN","Anthony Edwards, Jaden McDaniels, Karl-Anthony Towns, Malik Beasley, Patrick Beverley",2,"1",12,12,12,12,487,517,0,0,0,30
"22100047","NOP","Brandon Ingram, Garrett Temple, Herbert Jones, Jonas Valanciunas, Kira Lewis Jr.",2,"1",9,9,12,12,395,487,3,3,0,92
"22100047","MIN","Anthony Edwards, Jaden McDaniels, Malik Beasley, Naz Reid, Patrick Beverley",3,"1",12,12,12,13,517,541,0,1,-1,24
"22100047","NOP","Garrett Temple, Herbert Jones, Jonas Valanciunas, Kira Lewis Jr., Trey Murphy III",3,"1",12,12,15,15,487,600,3,3,0,113
"22100047","MIN","Anthony Edwards, Jarred Vanderbilt, Malik Beasley, Naz Reid, Patrick Beverley",4,"1",12,13,15,15,541,600,3,2,1,59
"22100047","NOP","Devonte' Graham, Garrett Temple, Herbert Jones, Jonas Valanciunas, Trey Murphy III",4,"1",15,15,15,15,600,600,0,0,0,0
"22100047","MIN","D'Angelo Russell, Jarred Vanderbilt, Malik Beasley, Naz Reid, Patrick Beverley",5,"1",15,15,19,25,600,720,4,10,-6,120
"22100047","NOP","Devonte' Graham, Garrett Temple, Herbert Jones, Jaxson Hayes, Trey Murphy III",5,"1",15,15,15,15,600,600,0,0,0,0
"22100047","MIN","D'Angelo Russell, Jarred Vanderbilt, Jordan McLaughlin, Malik Beasley, Naz Reid",6,"2",19,25,19,32,720,835,0,7,-7,115
"22100047","NOP","Brandon Ingram, Devonte' Graham, Garrett Temple, Jaxson Hayes, Trey Murphy III",6,"1",15,15,25,19,600,716,10,4,6,116
"22100047","MIN","Jarred Vanderbilt, Jordan McLaughlin, Karl-Anthony Towns, Malik Beasley, Naz Reid",7,"2",19,32,19,32,835,835,0,0,0,0
"22100047","NOP","Brandon Ingram, Devonte' Graham, Garrett Temple, Herbert Jones, Trey Murphy III",7,"1",25,19,25,19,716,720,0,0,0,4
"22100047","MIN","Jordan McLaughlin, Karl-Anthony Towns, Malik Beasley, Naz Reid, Taurean Prince",8,"2",19,32,19,32,835,835,0,0,0,0
"22100047","NOP","Brandon Ingram, Devonte' Graham, Jaxson Hayes, Naji Marshall, Nickeil Alexander-Walker",8,"2",25,19,37,22,720,957,12,3,9,237
"22100047","MIN","Jordan McLaughlin, Karl-Anthony Towns, Malik Beasley, Patrick Beverley, Taurean Prince",9,"2",19,32,22,37,835,922,3,5,-2,87
"22100047","NOP","Brandon Ingram, Jaxson Hayes, Kira Lewis Jr., Naji Marshall, Nickeil Alexander-Walker",9,"2",37,22,37,26,957,999,0,4,-4,42
"22100047","MIN","Anthony Edwards, Jordan McLaughlin, Karl-Anthony Towns, Patrick Beverley, Taurean Prince",10,"2",22,37,31,41,922,1128,9,4,5,206
"22100047","NOP","Brandon Ingram, Jonas Valanciunas, Kira Lewis Jr., Naji Marshall, Nickeil Alexander-Walker",10,"2",37,26,37,26,999,1022,0,0,0,23
"22100047","MIN","Anthony Edwards, Jaden McDaniels, Jordan McLaughlin, Karl-Anthony Towns, Patrick Beverley",11,"2",31,41,31,43,1128,1154,0,2,-2,26
"22100047","NOP","Brandon Ingram, Herbert Jones, Jonas Valanciunas, Kira Lewis Jr., Nickeil Alexander-Walker",11,"2",37,26,37,31,1022,1079,0,5,-5,57
"22100047","MIN","Anthony Edwards, D'Angelo Russell, Jaden McDaniels, Karl-Anthony Towns, Patrick Beverley",12,"2",31,43,31,43,1154,1154,0,0,0,0
"22100047","NOP","Brandon Ingram, Herbert Jones, Jonas Valanciunas, Nickeil Alexander-Walker, Trey Murphy III",12,"2",37,31,37,31,1079,1079,0,0,0,0
"22100047","MIN","Anthony Edwards, D'Angelo Russell, Jaden McDaniels, Karl-Anthony Towns, Malik Beasley",13,"2",31,43,43,54,1154,1440,12,11,1,286
"22100047","NOP","Devonte' Graham, Herbert Jones, Jonas Valanciunas, Nickeil Alexander-Walker, Trey Murphy III",13,"2",37,31,45,35,1079,1248,8,4,4,169
"22100047","MIN","Anthony Edwards, D'Angelo Russell, Jaden McDaniels, Josh Okogie, Karl-Anthony Towns",14,"3",43,54,43,64,1440,1633,0,10,-10,193
"22100047","NOP","Brandon Ingram, Devonte' Graham, Herbert Jones, Jonas Valanciunas, Trey Murphy III",14,"2",45,35,45,37,1248,1263,0,2,-2,15
"22100047","MIN","Anthony Edwards, D'Angelo Russell, Jaden McDaniels, Karl-Anthony Towns, Malik Beasley",15,"3",43,64,55,68,1633,1811,12,4,8,178
"22100047","NOP","Devonte' Graham, Herbert Jones, Jonas Valanciunas, Nickeil Alexander-Walker, Trey Murphy III",15,"2",45,37,54,43,1263,1440,9,6,3,177
"22100047","MIN","Anthony Edwards, Jaden McDaniels, Karl-Anthony Towns, Malik Beasley, Patrick Beverley",16,"3",55,68,67,75,1811,2053,12,7,5,242
"22100047","NOP","Brandon Ingram, Devonte' Graham, Herbert Jones, Jonas Valanciunas, Nickeil Alexander-Walker",16,"3",54,43,68,55,1440,1811,14,12,2,371
"22100047","MIN","Anthony Edwards, Karl-Anthony Towns, Malik Beasley, Patrick Beverley, Taurean Prince",17,"3",67,75,73,80,2053,2160,6,5,1,107
"22100047","NOP","Brandon Ingram, Herbert Jones, Jonas Valanciunas, Nickeil Alexander-Walker, Trey Murphy III",17,"3",68,55,68,55,1811,1811,0,0,0,0
"22100047","MIN","Jarred Vanderbilt, Jordan McLaughlin, Naz Reid, Patrick Beverley, Taurean Prince",18,"4",73,80,79,85,2160,2290,6,5,1,130
"22100047","NOP","Brandon Ingram, Jonas Valanciunas, Kira Lewis Jr., Nickeil Alexander-Walker, Trey Murphy III",18,"3",68,55,68,55,1811,1811,0,0,0,0
"22100047","MIN","Anthony Edwards, Jarred Vanderbilt, Jordan McLaughlin, Naz Reid, Patrick Beverley",19,"4",79,85,79,90,2290,2346,0,5,-5,56
"22100047","NOP","Brandon Ingram, Garrett Temple, Jonas Valanciunas, Kira Lewis Jr., Trey Murphy III",19,"3",68,55,75,67,1811,2053,7,12,-5,242
"22100047","MIN","Anthony Edwards, Jarred Vanderbilt, Jordan McLaughlin, Karl-Anthony Towns, Patrick Beverley",20,"4",79,90,79,90,2346,2394,0,0,0,48
"22100047","NOP","Brandon Ingram, Devonte' Graham, Garrett Temple, Kira Lewis Jr., Trey Murphy III",20,"3",75,67,75,67,2053,2053,0,0,0,0
"22100047","MIN","Anthony Edwards, Jarred Vanderbilt, Karl-Anthony Towns, Malik Beasley, Patrick Beverley",21,"4",79,90,79,90,2394,2394,0,0,0,0
"22100047","NOP","Brandon Ingram, Devonte' Graham, Garrett Temple, Jaxson Hayes, Trey Murphy III",21,"3",75,67,75,67,2053,2053,0,0,0,0
"22100047","MIN","Anthony Edwards, Jaden McDaniels, Karl-Anthony Towns, Malik Beasley, Patrick Beverley",22,"4",79,90,79,90,2394,2394,0,0,0,0
"22100047","NOP","Brandon Ingram, Devonte' Graham, Herbert Jones, Jaxson Hayes, Trey Murphy III",22,"3",75,67,80,73,2053,2160,5,6,-1,107
"22100047","MIN","Anthony Edwards, D'Angelo Russell, Jaden McDaniels, Karl-Anthony Towns, Malik Beasley",23,"4",79,90,98,107,2394,2880,19,17,2,486
"22100047","NOP","Devonte' Graham, Jonas Valanciunas, Naji Marshall, Nickeil Alexander-Walker, Trey Murphy III",23,"4",80,73,90,79,2160,2394,10,6,4,234
"22100047","NOP","Brandon Ingram, Devonte' Graham, Jonas Valanciunas, Naji Marshall, Nickeil Alexander-Walker",24,"4",90,79,92,83,2394,2484,2,4,-2,90
"22100047","NOP","Brandon Ingram, Devonte' Graham, Herbert Jones, Jonas Valanciunas, Naji Marshall",25,"4",92,83,92,83,2484,2484,0,0,0,0
"22100047","NOP","Brandon Ingram, Devonte' Graham, Garrett Temple, Herbert Jones, Jonas Valanciunas",26,"4",92,83,107,98,2484,2865,15,15,0,381
"22100047","NOP","Brandon Ingram, Devonte' Graham, Garrett Temple, Herbert Jones, Naji Marshall",27,"4",107,98,107,98,2865,2880,0,0,0,15
"22100048","CLE","Collin Sexton, Darius Garland, Evan Mobley, Jarrett Allen, Lauri Markkanen",0,"1",0,0,9,7,0,258,9,7,2,258
"22100048","DEN","Aaron Gordon, Michael Porter Jr., Monte Morris, Nikola Jokic, Will Barton",0,"1",0,0,13,15,0,446,13,15,-2,446
"22100048","CLE","Darius Garland, Evan Mobley, Isaac Okoro, Jarrett Allen, Lauri Markkanen",1,"1",9,7,11,9,258,295,2,2,0,37
"22100048","DEN","Aaron Gordon, Monte Morris, Nikola Jokic, P.J. Dozier, Will Barton",1,"1",13,15,13,17,446,460,0,2,-2,14
"22100048","CLE","Evan Mobley, Isaac Okoro, Jarrett Allen, Lauri Markkanen, Ricky Rubio",2,"1",11,9,13,10,295,342,2,1,1,47
"22100048","DEN","Aaron Gordon, Facundo Campazzo, Nikola Jokic, P.J. Dozier, Will Barton",2,"1",13,17,13,20,460,514,0,3,-3,54
"22100048","CLE","Isaac Okoro, Jarrett Allen, Kevin Love, Lauri Markkanen, Ricky Rubio",3,"1",13,10,13,10,342,369,0,0,0,27
"22100048","DEN","Aaron Gordon, Facundo Campazzo, Jeff Green, Nikola Jokic, P.J. Dozier",3,"1",13,20,13,20,514,514,0,0,0,0
"22100048","CLE","Cedi Osman, Isaac Okoro, Jarrett Allen, Kevin Love, Ricky Rubio",4,"1",13,10,24,17,369,594,11,7,4,225
"22100048","DEN","Austin Rivers, Facundo Campazzo, Jeff Green, Nikola Jokic, P.J. Dozier",4,"1",13,20,17,24,514,594,4,4,0,80
"22100048","CLE","Cedi Osman, Darius Garland, Isaac Okoro, Jarrett Allen, Kevin Love",5,"1",24,17,24,17,594,594,0,0,0,0
"22100048","DEN","Austin Rivers, Facundo Campazzo, JaMychal Green, Jeff Green, P.J. Dozier",5,"1",17,24,22,26,594,655,5,2,3,61
"22100048","CLE","Cedi Osman, Collin Sexton, Darius Garland, Jarrett Allen, Kevin Love",6,"1",24,17,26,22,594,655,2,5,-3,61
"22100048","DEN","Austin Rivers, Bones Hyland, Facundo Campazzo, JaMychal Green, Jeff Green",6,"1",22,26,24,29,655,720,2,3,-1,65
"22100048","DEN","Austin Rivers, Bones Hyland, Facundo Campazzo, JaMychal Green, Jeff Green",6,"2",24,29,33,36,720,1010,9,7,2,290
"22100048","CLE","Cedi Osman, Collin Sexton, Darius Garland, Kevin Love, Lauri Markkanen",7,"1",26,22,29,24,655,719,3,2,1,64
"22100048","DEN","Austin Rivers, Bones Hyland, Facundo Campazzo, Jeff Green, Nikola Jokic",7,"2",33,36,33,36,1010,1024,0,0,0,14
"22100048","CLE","Cedi Osman, Collin Sexton, Darius Garland, Isaac Okoro, Lauri Markkanen",8,"1",29,24,29,24,719,720,0,0,0,1
"22100048","DEN","Bones Hyland, Facundo Campazzo, Jeff Green, Nikola Jokic, Will Barton",8,"2",33,36,33,37,1024,1086,0,1,-1,62
"22100048","CLE","Cedi Osman, Collin Sexton, Darius Garland, Evan Mobley, Lauri Markkanen",9,"2",29,24,31,26,720,845,2,2,0,125
"22100048","DEN","Aaron Gordon, Facundo Campazzo, Jeff Green, Nikola Jokic, Will Barton",9,"2",33,37,33,37,1086,1086,0,0,0,0
"22100048","CLE","Collin Sexton, Darius Garland, Evan Mobley, Isaac Okoro, Lauri Markkanen",10,"2",31,26,34,33,845,977,3,7,-4,132
"22100048","DEN","Aaron Gordon, Facundo Campazzo, Michael Porter Jr., Nikola Jokic, Will Barton",10,"2",33,37,33,37,1086,1130,0,0,0,44
"22100048","CLE","Collin Sexton, Evan Mobley, Isaac Okoro, Lauri Markkanen, Ricky Rubio",11,"2",34,33,36,33,977,1010,2,0,2,33
"22100048","DEN","Aaron Gordon, Michael Porter Jr., Monte Morris, Nikola Jokic, Will Barton",11,"2",33,37,40,50,1130,1389,7,13,-6,259
"22100048","CLE","Collin Sexton, Evan Mobley, Isaac Okoro, Jarrett Allen, Ricky Rubio",12,"2",36,33,37,33,1010,1086,1,0,1,76
"22100048","DEN","Aaron Gordon, Jeff Green, Monte Morris, Nikola Jokic, Will Barton",12,"2",40,50,46,50,1389,1440,6,0,6,51
"22100048","CLE","Collin Sexton, Isaac Okoro, Jarrett Allen, Kevin Love, Ricky Rubio",13,"2",37,33,37,33,1086,1130,0,0,0,44
"22100048","DEN","Aaron Gordon, Michael Porter Jr., Monte Morris, Nikola Jokic, Will Barton",13,"3",46,50,65,66,1440,1945,19,16,3,505
"22100048","CLE","Darius Garland, Isaac Okoro, Jarrett Allen, Kevin Love, Ricky Rubio",14,"2",37,33,43,40,1130,1318,6,7,-1,188
"22100048","DEN","Aaron Gordon, Monte Morris, Nikola Jokic, P.J. Dozier, Will Barton",14,"3",65,66,65,66,1945,1945,0,0,0,0
"22100048","CLE","Darius Garland, Jarrett Allen, Kevin Love, Lauri Markkanen, Ricky Rubio",15,"2",43,40,50,46,1318,1440,7,6,1,122
"22100048","DEN","Aaron Gordon, Facundo Campazzo, Nikola Jokic, P.J. Dozier, Will Barton",15,"3",65,66,65,66,1945,1995,0,0,0,50
"22100048","CLE","Collin Sexton, Darius Garland, Evan Mobley, Jarrett Allen, Lauri Markkanen",16,"3",50,46,62,53,1440,1720,12,7,5,280
"22100048","DEN","Facundo Campazzo, Jeff Green, Nikola Jokic, P.J. Dozier, Will Barton",16,"3",65,66,65,68,1995,2015,0,2,-2,20
"22100048","CLE","Collin Sexton, Evan Mobley, Jarrett Allen, Lauri Markkanen, Ricky Rubio",17,"3",62,53,64,56,1720,1793,2,3,-1,73
"22100048","DEN","Austin Rivers, Facundo Campazzo, Jeff Green, Nikola Jokic, P.J. Dozier",17,"3",65,68,70,73,2015,2130,5,5,0,115
"22100048","CLE","Evan Mobley, Isaac Okoro, Jarrett Allen, Lauri Markkanen, Ricky Rubio",18,"3",64,56,64,61,1793,1858,0,5,-5,65
"22100048","DEN","Austin Rivers, Facundo Campazzo, JaMychal Green, Jeff Green, P.J. Dozier",18,"3",70,73,70,75,2130,2160,0,2,-2,30
"22100048","DEN","Austin Rivers, Facundo Campazzo, JaMychal Green, Jeff Green, P.J. Dozier",18,"4",70,75,73,85,2160,2332,3,10,-7,172
"22100048","CLE","Isaac Okoro, Jarrett Allen, Kevin Love, Lauri Markkanen, Ricky Rubio",19,"3",64,61,66,65,1858,1945,2,4,-2,87
"22100048","DEN","Austin Rivers, JaMychal Green, Jeff Green, Nikola Jokic, P.J. Dozier",19,"4",73,85,73,85,2332,2332,0,0,0,0
"22100048","CLE","Cedi Osman, Isaac Okoro, Jarrett Allen, Kevin Love, Ricky Rubio",20,"3",66,65,70,70,1945,2103,4,5,-1,158
"22100048","DEN","Austin Rivers, JaMychal Green, Jeff Green, Nikola Jokic, Will Barton",20,"4",73,85,73,85,2332,2332,0,0,0,0
"22100048","CLE","Cedi Osman, Evan Mobley, Isaac Okoro, Kevin Love, Ricky Rubio",21,"3",70,70,73,70,2103,2130,3,0,3,27
"22100048","DEN","JaMychal Green, Jeff Green, Monte Morris, Nikola Jokic, Will Barton",21,"4",73,85,73,85,2332,2332,0,0,0,0
"22100048","CLE","Cedi Osman, Evan Mobley, Isaac Okoro, Lauri Markkanen, Ricky Rubio",22,"3",73,70,73,70,2130,2140,0,0,0,10
"22100048","DEN","Jeff Green, Michael Porter Jr., Monte Morris, Nikola Jokic, Will Barton",22,"4",73,85,75,89,2332,2454,2,4,-2,122
"22100048","CLE","Cedi Osman, Evan Mobley, Kevin Love, Lauri Markkanen, Ricky Rubio",23,"3",73,70,75,70,2140,2157,2,0,2,17
"22100048","DEN","Aaron Gordon, Michael Porter Jr., Monte Morris, Nikola Jokic, Will Barton",23,"4",75,89,80,95,2454,2686,5,6,-1,232
"22100048","CLE","Evan Mobley, Isaac Okoro, Kevin Love, Lauri Markkanen, Ricky Rubio",24,"3",75,70,75,70,2157,2160,0,0,0,3
"22100048","DEN","Aaron Gordon, Bones Hyland, Michael Porter Jr., Nikola Jokic, Will Barton",24,"4",80,95,80,97,2686,2716,0,2,-2,30
"22100048","CLE","Collin Sexton, Darius Garland, Evan Mobley, Isaac Okoro, Lauri Markkanen",25,"4",75,70,85,73,2160,2332,10,3,7,172
"22100048","DEN","Aaron Gordon, Bones Hyland, Markus Howard, Nikola Jokic, Will Barton",25,"4",80,97,80,97,2716,2716,0,0,0,0
"22100048","CLE","Collin Sexton, Darius Garland, Evan Mobley, Isaac Okoro, Jarrett Allen",26,"4",85,73,89,75,2332,2454,4,2,2,122
"22100048","DEN","Aaron Gordon, Bol Bol, Bones Hyland, Markus Howard, Nikola Jokic",26,"4",80,97,80,97,2716,2716,0,0,0,0
"22100048","CLE","Collin Sexton, Darius Garland, Isaac Okoro, Jarrett Allen, Kevin Love",27,"4",89,75,89,77,2454,2492,0,2,-2,38
"22100048","DEN","Aaron Gordon, Bol Bol, Bones Hyland, Markus Howard, Petr Cornelie",27,"4",80,97,80,97,2716,2716,0,0,0,0
"22100048","CLE","Darius Garland, Isaac Okoro, Jarrett Allen, Kevin Love, Ricky Rubio",28,"4",89,77,95,80,2492,2686,6,3,3,194
"22100048","DEN","Bol Bol, Bones Hyland, Markus Howard, Petr Cornelie, Zeke Nnaji",28,"4",80,97,87,99,2716,2880,7,2,5,164
"22100048","CLE","Darius Garland, Evan Mobley, Isaac Okoro, Jarrett Allen, Ricky Rubio",29,"4",95,80,95,80,2686,2686,0,0,0,0
"22100048","CLE","Evan Mobley, Isaac Okoro, Jarrett Allen, Lauri Markkanen, Ricky Rubio",30,"4",95,80,95,80,2686,2709,0,0,0,23
"22100048","CLE","Darius Garland, Evan Mobley, Jarrett Allen, Lauri Markkanen, Ricky Rubio",31,"4",95,80,99,83,2709,2782,4,3,1,73
"22100048","CLE","Darius Garland, Evan Mobley, Jarrett Allen, Kevin Pangos, Lauri Markkanen",32,"4",99,83,99,83,2782,2782,0,0,0,0
"22100048","CLE","Darius Garland, Dylan Windler, Jarrett Allen, Kevin Pangos, Lauri Markkanen",33,"4",99,83,99,83,2782,2782,0,0,0,0
"22100048","CLE","Denzel Valentine, Dylan Windler, Jarrett Allen, Kevin Pangos, Lauri Markkanen",34,"4",99,83,99,83,2782,2782,0,0,0,0
"22100048","CLE","Dean Wade, Denzel Valentine, Dylan Windler, Jarrett Allen, Kevin Pangos",35,"4",99,83,99,83,2782,2782,0,0,0,0
"22100048","CLE","Dean Wade, Denzel Valentine, Dylan Windler, Kevin Pangos, Lamar Stevens",36,"4",99,83,99,87,2782,2880,0,4,-4,98
"22100049","LAC","Eric Bledsoe, Ivica Zubac, Nicolas Batum, Paul George, Reggie Jackson",0,"1",0,0,15,14,0,444,15,14,1,444
"22100049","POR","CJ McCollum, Damian Lillard, Jusuf Nurkic, Nassir Little, Robert Covington",0,"1",0,0,11,10,0,297,11,10,1,297
"22100049","LAC","Isaiah Hartenstein, Ivica Zubac, Nicolas Batum, Paul George, Reggie Jackson",1,"1",15,14,15,14,444,444,0,0,0,0
"22100049","POR","CJ McCollum, Cody Zeller, Damian Lillard, Nassir Little, Robert Covington",1,"1",11,10,14,15,297,444,3,5,-2,147
"22100049","LAC","Isaiah Hartenstein, Ivica Zubac, Paul George, Reggie Jackson, Terance Mann",2,"1",15,14,15,14,444,444,0,0,0,0
"22100049","POR","Cody Zeller, Damian Lillard, Larry Nance Jr., Nassir Little, Robert Covington",2,"1",14,15,14,15,444,444,0,0,0,0
"22100049","LAC","Isaiah Hartenstein, Luke Kennard, Paul George, Reggie Jackson, Terance Mann",3,"1",15,14,17,14,444,483,2,0,2,39
"22100049","POR","Anfernee Simons, Cody Zeller, Damian Lillard, Larry Nance Jr., Nassir Little",3,"1",14,15,15,17,444,510,1,2,-1,66
"22100049","LAC","Isaiah Hartenstein, Justise Winslow, Luke Kennard, Reggie Jackson, Terance Mann",4,"1",17,14,31,17,483,720,14,3,11,237
"22100049","POR","Anfernee Simons, Cody Zeller, Damian Lillard, Dennis Smith Jr., Larry Nance Jr.",4,"1",15,17,15,20,510,554,0,3,-3,44
"22100049","LAC","Eric Bledsoe, Isaiah Hartenstein, Justise Winslow, Luke Kennard, Terance Mann",5,"2",31,17,33,20,720,776,2,3,-1,56
"22100049","POR","Anfernee Simons, CJ McCollum, Cody Zeller, Dennis Smith Jr., Larry Nance Jr.",5,"1",15,20,15,20,554,554,0,0,0,0
"22100049","LAC","Eric Bledsoe, Ivica Zubac, Justise Winslow, Luke Kennard, Terance Mann",6,"2",33,20,36,25,776,844,3,5,-2,68
"22100049","POR","Anfernee Simons, CJ McCollum, Dennis Smith Jr., Jusuf Nurkic, Larry Nance Jr.",6,"1",15,20,17,31,554,720,2,11,-9,166
"22100049","LAC","Eric Bledsoe, Ivica Zubac, Luke Kennard, Paul George, Terance Mann",7,"2",36,25,43,28,844,1016,7,3,4,172
"22100049","POR","Anfernee Simons, CJ McCollum, Jusuf Nurkic, Larry Nance Jr., Nassir Little",7,"2",17,31,20,33,720,757,3,2,1,37
"22100049","LAC","Eric Bledsoe, Ivica Zubac, Luke Kennard, Nicolas Batum, Paul George",8,"2",43,28,45,33,1016,1103,2,5,-3,87
"22100049","POR","Anfernee Simons, CJ McCollum, Jusuf Nurkic, Nassir Little, Robert Covington",8,"2",20,33,25,39,757,922,5,6,-1,165
"22100049","LAC","Ivica Zubac, Luke Kennard, Nicolas Batum, Paul George, Reggie Jackson",9,"2",45,33,56,42,1103,1420,11,9,2,317
"22100049","POR","CJ McCollum, Damian Lillard, Jusuf Nurkic, Nassir Little, Robert Covington",9,"2",25,39,28,43,922,1016,3,4,-1,94
"22100049","LAC","Luke Kennard, Nicolas Batum, Paul George, Reggie Jackson, Terance Mann",10,"2",56,42,56,42,1420,1440,0,0,0,20
"22100049","POR","CJ McCollum, Cody Zeller, Damian Lillard, Nassir Little, Robert Covington",10,"2",28,43,35,47,1016,1150,7,4,3,134
"22100049","LAC","Eric Bledsoe, Ivica Zubac, Nicolas Batum, Paul George, Reggie Jackson",11,"3",56,42,77,52,1440,1780,21,10,11,340
"22100049","POR","CJ McCollum, Cody Zeller, Damian Lillard, Larry Nance Jr., Nassir Little",11,"2",35,47,35,49,1150,1184,0,2,-2,34
"22100049","LAC","Eric Bledsoe, Ivica Zubac, Nicolas Batum, Paul George, Terance Mann",12,"3",77,52,78,52,1780,1852,1,0,1,72
"22100049","POR","CJ McCollum, Damian Lillard, Jusuf Nurkic, Larry Nance Jr., Nassir Little",12,"2",35,49,38,56,1184,1296,3,7,-4,112
"22100049","LAC","Eric Bledsoe, Isaiah Hartenstein, Nicolas Batum, Paul George, Terance Mann",13,"3",78,52,78,52,1852,1903,0,0,0,51
"22100049","POR","Anfernee Simons, CJ McCollum, Damian Lillard, Jusuf Nurkic, Larry Nance Jr.",13,"2",38,56,42,56,1296,1420,4,0,4,124
"22100049","LAC","Eric Bledsoe, Isaiah Hartenstein, Luke Kennard, Paul George, Terance Mann",14,"3",78,52,81,52,1903,1956,3,0,3,53
"22100049","POR","Anfernee Simons, CJ McCollum, Damian Lillard, Larry Nance Jr., Robert Covington",14,"2",42,56,42,56,1420,1440,0,0,0,20
"22100049","LAC","Eric Bledsoe, Isaiah Hartenstein, Justise Winslow, Luke Kennard, Terance Mann",15,"3",81,52,81,52,1956,1956,0,0,0,0
"22100049","POR","CJ McCollum, Damian Lillard, Jusuf Nurkic, Nassir Little, Robert Covington",15,"3",42,56,52,75,1440,1745,10,19,-9,305
"22100049","LAC","Isaiah Hartenstein, Justise Winslow, Luke Kennard, Reggie Jackson, Terance Mann",16,"3",81,52,91,61,1956,2160,10,9,1,204
"22100049","POR","Anfernee Simons, CJ McCollum, Damian Lillard, Jusuf Nurkic, Robert Covington",16,"3",52,75,52,78,1745,1852,0,3,-3,107
"22100049","LAC","Amir Coffey, Isaiah Hartenstein, Justise Winslow, Luke Kennard, Terance Mann",17,"4",91,61,100,65,2160,2350,9,4,5,190
"22100049","POR","Anfernee Simons, CJ McCollum, Damian Lillard, Larry Nance Jr., Robert Covington",17,"3",52,78,52,78,1852,1866,0,0,0,14
"22100049","LAC","Amir Coffey, Brandon Boston Jr., Isaiah Hartenstein, Justise Winslow, Terance Mann",18,"4",100,65,100,65,2350,2350,0,0,0,0
"22100049","POR","Anfernee Simons, Damian Lillard, Dennis Smith Jr., Larry Nance Jr., Robert Covington",18,"3",52,78,54,83,1866,2003,2,5,-3,137
"22100049","LAC","Amir Coffey, Brandon Boston Jr., Isaiah Hartenstein, Jay Scrubb, Justise Winslow",19,"4",100,65,106,73,2350,2563,6,8,-2,213
"22100049","POR","Anfernee Simons, Damian Lillard, Dennis Smith Jr., Larry Nance Jr., Nassir Little",19,"3",54,83,54,85,2003,2038,0,2,-2,35
"22100049","LAC","Amir Coffey, Brandon Boston Jr., Jay Scrubb, Justise Winslow, Terance Mann",20,"4",106,73,116,86,2563,2880,10,13,-3,317
"22100049","POR","Anfernee Simons, CJ McCollum, Dennis Smith Jr., Larry Nance Jr., Nassir Little",20,"3",54,85,61,91,2038,2160,7,6,1,122
"22100049","POR","Anfernee Simons, CJ McCollum, Dennis Smith Jr., Larry Nance Jr., Nassir Little",20,"4",61,91,63,95,2160,2227,2,4,-2,67
"22100049","POR","Anfernee Simons, Ben McLemore, Dennis Smith Jr., Larry Nance Jr., Nassir Little",21,"4",63,95,65,100,2227,2350,2,5,-3,123
"22100049","POR","Ben McLemore, Dennis Smith Jr., Greg Brown III, Larry Nance Jr., Nassir Little",22,"4",65,100,65,100,2350,2350,0,0,0,0
"22100049","POR","Ben McLemore, CJ Elleby, Dennis Smith Jr., Greg Brown III, Nassir Little",23,"4",65,100,72,103,2350,2522,7,3,4,172
"22100049","POR","Ben McLemore, CJ Elleby, Cody Zeller, Dennis Smith Jr., Greg Brown III",24,"4",72,103,86,116,2522,2880,14,13,1,358
"22100050","NYK","Evan Fournier, Julius Randle, Kemba Walker, Mitchell Robinson, RJ Barrett",0,"1",0,0,13,16,0,441,13,16,-3,441
"22100050","PHI","Danny Green, Joel Embiid, Seth Curry, Tobias Harris, Tyrese Maxey",0,"1",0,0,18,13,0,477,18,13,5,477
"22100050","NYK","Evan Fournier, Julius Randle, Kemba Walker, RJ Barrett, Taj Gibson",1,"1",13,16,13,18,441,477,0,2,-2,36
"22100050","PHI","Danny Green, Furkan Korkmaz, Joel Embiid, Seth Curry, Tobias Harris",1,"1",18,13,20,16,477,501,2,3,-1,24
"22100050","NYK","Derrick Rose, Evan Fournier, Julius Randle, RJ Barrett, Taj Gibson",2,"1",13,18,17,22,477,641,4,4,0,164
"22100050","PHI","Furkan Korkmaz, Joel Embiid, Matisse Thybulle, Seth Curry, Tobias Harris",2,"1",20,16,20,16,501,554,0,0,0,53
"22100050","NYK","Derrick Rose, Evan Fournier, Immanuel Quickley, Julius Randle, Taj Gibson",3,"1",17,22,17,22,641,641,0,0,0,0
"22100050","PHI","Furkan Korkmaz, Georges Niang, Joel Embiid, Matisse Thybulle, Seth Curry",3,"1",20,16,22,16,554,592,2,0,2,38
"22100050","NYK","Alec Burks, Derrick Rose, Evan Fournier, Immanuel Quickley, Taj Gibson",4,"1",17,22,17,22,641,641,0,0,0,0
"22100050","PHI","Andre Drummond, Furkan Korkmaz, Georges Niang, Matisse Thybulle, Seth Curry",4,"1",22,16,22,17,592,641,0,1,-1,49
"22100050","NYK","Alec Burks, Derrick Rose, Immanuel Quickley, Obi Toppin, Taj Gibson",5,"1",17,22,23,26,641,720,6,4,2,79
"22100050","NYK","Alec Burks, Derrick Rose, Immanuel Quickley, Obi Toppin, Taj Gibson",5,"2",23,26,42,34,720,1012,19,8,11,292
"22100050","PHI","Andre Drummond, Furkan Korkmaz, Georges Niang, Matisse Thybulle, Tyrese Maxey",5,"1",22,17,26,23,641,709,4,6,-2,68
"22100050","NYK","Alec Burks, Derrick Rose, Immanuel Quickley, Mitchell Robinson, Taj Gibson",6,"2",42,34,42,34,1012,1012,0,0,0,0
"22100050","PHI","Andre Drummond, Furkan Korkmaz, Georges Niang, Seth Curry, Tyrese Maxey",6,"1",26,23,26,23,709,720,0,0,0,11
"22100050","NYK","Alec Burks, Derrick Rose, Immanuel Quickley, Julius Randle, Mitchell Robinson",7,"2",42,34,47,36,1012,1091,5,2,3,79
"22100050","PHI","Andre Drummond, Furkan Korkmaz, Georges Niang, Matisse Thybulle, Tyrese Maxey",7,"2",26,23,30,35,720,896,4,12,-8,176
"22100050","NYK","Alec Burks, Immanuel Quickley, Julius Randle, Kemba Walker, Mitchell Robinson",8,"2",47,36,47,36,1091,1091,0,0,0,0
"22100050","PHI","Andre Drummond, Furkan Korkmaz, Matisse Thybulle, Tobias Harris, Tyrese Maxey",8,"2",30,35,34,42,896,1012,4,7,-3,116
"22100050","NYK","Alec Burks, Julius Randle, Kemba Walker, Mitchell Robinson, RJ Barrett",9,"2",47,36,47,36,1091,1091,0,0,0,0
"22100050","PHI","Furkan Korkmaz, Joel Embiid, Matisse Thybulle, Tobias Harris, Tyrese Maxey",9,"2",34,42,34,42,1012,1012,0,0,0,0
"22100050","NYK","Evan Fournier, Julius Randle, Kemba Walker, Mitchell Robinson, RJ Barrett",10,"2",47,36,52,40,1091,1292,5,4,1,201
"22100050","PHI","Joel Embiid, Matisse Thybulle, Seth Curry, Tobias Harris, Tyrese Maxey",10,"2",34,42,36,47,1012,1091,2,5,-3,79
"22100050","NYK","Evan Fournier, Julius Randle, Kemba Walker, RJ Barrett, Taj Gibson",11,"2",52,40,62,42,1292,1440,10,2,8,148
"22100050","PHI","Danny Green, Joel Embiid, Seth Curry, Tobias Harris, Tyrese Maxey",11,"2",36,47,38,49,1091,1218,2,2,0,127
"22100050","NYK","Evan Fournier, Julius Randle, Kemba Walker, Mitchell Robinson, RJ Barrett",12,"3",62,42,75,51,1440,1718,13,9,4,278
"22100050","PHI","Danny Green, Furkan Korkmaz, Joel Embiid, Seth Curry, Tobias Harris",12,"2",38,49,42,62,1218,1440,4,13,-9,222
"22100050","NYK","Evan Fournier, Julius Randle, Kemba Walker, RJ Barrett, Taj Gibson",13,"3",75,51,83,61,1718,1946,8,10,-2,228
"22100050","PHI","Danny Green, Joel Embiid, Seth Curry, Tobias Harris, Tyrese Maxey",13,"3",42,62,51,75,1440,1718,9,13,-4,278
"22100050","NYK","Derrick Rose, Evan Fournier, Julius Randle, RJ Barrett, Taj Gibson",14,"3",83,61,83,61,1946,1946,0,0,0,0
"22100050","PHI","Danny Green, Georges Niang, Joel Embiid, Seth Curry, Tobias Harris",14,"3",51,75,58,83,1718,1851,7,8,-1,133
"22100050","NYK","Derrick Rose, Evan Fournier, Julius Randle, Mitchell Robinson, RJ Barrett",15,"3",83,61,87,65,1946,2024,4,4,0,78
"22100050","PHI","Danny Green, Furkan Korkmaz, Georges Niang, Joel Embiid, Tobias Harris",15,"3",58,83,61,83,1851,1946,3,0,3,95
"22100050","NYK","Derrick Rose, Julius Randle, Mitchell Robinson, Obi Toppin, RJ Barrett",16,"3",87,65,87,65,2024,2024,0,0,0,0
"22100050","PHI","Andre Drummond, Danny Green, Furkan Korkmaz, Georges Niang, Tobias Harris",16,"3",61,83,65,87,1946,2024,4,4,0,78
"22100050","NYK","Alec Burks, Derrick Rose, Mitchell Robinson, Obi Toppin, RJ Barrett",17,"3",87,65,87,68,2024,2054,0,3,-3,30
"22100050","PHI","Andre Drummond, Furkan Korkmaz, Georges Niang, Matisse Thybulle, Tobias Harris",17,"3",65,87,68,90,2024,2106,3,3,0,82
"22100050","NYK","Alec Burks, Derrick Rose, Immanuel Quickley, Mitchell Robinson, Obi Toppin",18,"3",87,68,90,72,2054,2160,3,4,-1,106
"22100050","PHI","Andre Drummond, Furkan Korkmaz, Georges Niang, Isaiah Joe, Matisse Thybulle",18,"3",68,90,72,90,2106,2160,4,0,4,54
"22100050","PHI","Andre Drummond, Furkan Korkmaz, Georges Niang, Isaiah Joe, Matisse Thybulle",18,"4",72,90,78,95,2160,2389,6,5,1,229
"22100050","NYK","Alec Burks, Derrick Rose, Immanuel Quickley, Obi Toppin, Taj Gibson",19,"4",90,72,92,78,2160,2354,2,6,-4,194
"22100050","PHI","Furkan Korkmaz, Georges Niang, Isaiah Joe, Joel Embiid, Matisse Thybulle",19,"4",78,95,78,97,2389,2400,0,2,-2,11
"22100050","NYK","Alec Burks, Derrick Rose, Immanuel Quickley, Julius Randle, Taj Gibson",20,"4",92,78,92,78,2354,2354,0,0,0,0
"22100050","PHI","Furkan Korkmaz, Georges Niang, Joel Embiid, Matisse Thybulle, Tyrese Maxey",20,"4",78,97,78,97,2400,2400,0,0,0,0
"22100050","NYK","Alec Burks, Derrick Rose, Immanuel Quickley, Julius Randle, Mitchell Robinson",21,"4",92,78,99,83,2354,2522,7,5,2,168
"22100050","PHI","Georges Niang, Joel Embiid, Matisse Thybulle, Seth Curry, Tyrese Maxey",21,"4",78,97,83,99,2400,2522,5,2,3,122
"22100050","NYK","Alec Burks, Immanuel Quickley, Julius Randle, Kemba Walker, Mitchell Robinson",22,"4",99,83,99,83,2522,2522,0,0,0,0
"22100050","PHI","Joel Embiid, Matisse Thybulle, Seth Curry, Tobias Harris, Tyrese Maxey",22,"4",83,99,85,103,2522,2617,2,4,-2,95
"22100050","NYK","Alec Burks, Evan Fournier, Julius Randle, Kemba Walker, Mitchell Robinson",23,"4",99,83,102,85,2522,2603,3,2,1,81
"22100050","PHI","Georges Niang, Joel Embiid, Seth Curry, Tobias Harris, Tyrese Maxey",23,"4",85,103,88,105,2617,2688,3,2,1,71
"22100050","NYK","Evan Fournier, Julius Randle, Kemba Walker, Mitchell Robinson, RJ Barrett",24,"4",102,85,112,99,2603,2874,10,14,-4,271
"22100050","PHI","Georges Niang, Paul Reed, Seth Curry, Tobias Harris, Tyrese Maxey",24,"4",88,105,88,105,2688,2688,0,0,0,0
"22100050","NYK","Evan Fournier, Kemba Walker, Mitchell Robinson, Obi Toppin, RJ Barrett",25,"4",112,99,112,99,2874,2880,0,0,0,6
"22100050","PHI","Furkan Korkmaz, Georges Niang, Paul Reed, Tobias Harris, Tyrese Maxey",25,"4",88,105,94,108,2688,2754,6,3,3,66
"22100050","PHI","Furkan Korkmaz, Georges Niang, Isaiah Joe, Paul Reed, Tyrese Maxey",26,"4",94,108,94,110,2754,2794,0,2,-2,40
"22100050","PHI","Charles Bassey, Furkan Korkmaz, Isaiah Joe, Paul Reed, Tyrese Maxey",27,"4",94,110,99,112,2794,2880,5,2,3,86
"22100051","GSW","Andrew Wiggins, Draymond Green, Jordan Poole, Kevon Looney, Stephen Curry",0,"1",0,0,16,23,0,471,16,23,-7,471
"22100051","OKC","Darius Bazley, Jeremiah Robinson-Earl, Josh Giddey, Luguentz Dort, Shai Gilgeous-Alexander",0,"1",0,0,23,16,0,471,23,16,7,471
"22100051","GSW","Draymond Green, Gary Payton II, Jordan Poole, Kevon Looney, Stephen Curry",1,"1",16,23,16,23,471,471,0,0,0,0
"22100051","OKC","Jeremiah Robinson-Earl, Josh Giddey, Luguentz Dort, Shai Gilgeous-Alexander, Theo Maledon",1,"1",23,16,23,16,471,471,0,0,0,0
"22100051","GSW","Draymond Green, Gary Payton II, Jordan Poole, Nemanja Bjelica, Stephen Curry",2,"1",16,23,16,23,471,471,0,0,0,0
"22100051","OKC","Aleksej Pokusevski, Jeremiah Robinson-Earl, Luguentz Dort, Shai Gilgeous-Alexander, Theo Maledon",2,"1",23,16,28,19,471,531,5,3,2,60
"22100051","GSW","Draymond Green, Gary Payton II, Jordan Poole, Nemanja Bjelica, Otto Porter Jr.",3,"1",16,23,22,31,471,579,6,8,-2,108
"22100051","OKC","Aleksej Pokusevski, Jeremiah Robinson-Earl, Shai Gilgeous-Alexander, Theo Maledon, Tre Mann",3,"1",28,19,28,19,531,531,0,0,0,0
"22100051","GSW","Draymond Green, Gary Payton II, Nemanja Bjelica, Otto Porter Jr., Stephen Curry",4,"1",22,31,22,31,579,597,0,0,0,18
"22100051","OKC","Aleksej Pokusevski, Isaiah Roby, Shai Gilgeous-Alexander, Theo Maledon, Tre Mann",4,"1",28,19,31,22,531,570,3,3,0,39
"22100051","GSW","Andre Iguodala, Gary Payton II, Nemanja Bjelica, Otto Porter Jr., Stephen Curry",5,"1",22,31,29,34,597,720,7,3,4,123
"22100051","OKC","Aleksej Pokusevski, Isaiah Roby, Kenrich Williams, Theo Maledon, Tre Mann",5,"1",31,22,34,29,570,651,3,7,-4,81
"22100051","GSW","Andre Iguodala, Damion Lee, Jordan Poole, Nemanja Bjelica, Otto Porter Jr.",6,"2",29,34,31,44,720,927,2,10,-8,207
"22100051","OKC","Aleksej Pokusevski, Isaiah Roby, Kenrich Williams, Shai Gilgeous-Alexander, Tre Mann",6,"1",34,29,34,29,651,651,0,0,0,0
"22100051","GSW","Andre Iguodala, Damion Lee, Jordan Poole, Kevon Looney, Otto Porter Jr.",7,"2",31,44,31,46,927,1005,0,2,-2,78
"22100051","OKC","Aleksej Pokusevski, Isaiah Roby, Kenrich Williams, Luguentz Dort, Shai Gilgeous-Alexander",7,"1",34,29,34,29,651,669,0,0,0,18
"22100051","GSW","Chris Chiozza, Damion Lee, Jordan Poole, Kevon Looney, Otto Porter Jr.",8,"2",31,46,31,46,1005,1005,0,0,0,0
"22100051","OKC","Aleksej Pokusevski, Kenrich Williams, Luguentz Dort, Mike Muscala, Shai Gilgeous-Alexander",8,"1",34,29,34,29,669,720,0,0,0,51
"22100051","GSW","Chris Chiozza, Damion Lee, Jordan Poole, Juan Toscano-Anderson, Kevon Looney",9,"2",31,46,36,48,1005,1166,5,2,3,161
"22100051","OKC","Aleksej Pokusevski, Kenrich Williams, Mike Muscala, Theo Maledon, Tre Mann",9,"2",34,29,48,36,720,1166,14,7,7,446
"22100051","GSW","Andrew Wiggins, Chris Chiozza, Damion Lee, Juan Toscano-Anderson, Kevon Looney",10,"2",36,48,36,48,1166,1166,0,0,0,0
"22100051","OKC","Aleksej Pokusevski, Josh Giddey, Kenrich Williams, Mike Muscala, Tre Mann",10,"2",48,36,48,36,1166,1166,0,0,0,0
"22100051","GSW","Andrew Wiggins, Chris Chiozza, Damion Lee, Juan Toscano-Anderson, Stephen Curry",11,"2",36,48,36,48,1166,1166,0,0,0,0
"22100051","OKC","Josh Giddey, Kenrich Williams, Luguentz Dort, Mike Muscala, Tre Mann",11,"2",48,36,48,36,1166,1166,0,0,0,0
"22100051","GSW","Andrew Wiggins, Chris Chiozza, Damion Lee, Draymond Green, Stephen Curry",12,"2",36,48,40,48,1166,1231,4,0,4,65
"22100051","OKC","Darius Bazley, Josh Giddey, Kenrich Williams, Luguentz Dort, Mike Muscala",12,"2",48,36,48,36,1166,1166,0,0,0,0
"22100051","GSW","Andre Iguodala, Andrew Wiggins, Damion Lee, Draymond Green, Stephen Curry",13,"2",40,48,48,59,1231,1440,8,11,-3,209
"22100051","OKC","Darius Bazley, Josh Giddey, Kenrich Williams, Luguentz Dort, Shai Gilgeous-Alexander",13,"2",48,36,48,36,1166,1166,0,0,0,0
"22100051","GSW","Andrew Wiggins, Draymond Green, Jordan Poole, Kevon Looney, Stephen Curry",14,"3",48,59,59,70,1440,1771,11,11,0,331
"22100051","OKC","Darius Bazley, Jeremiah Robinson-Earl, Josh Giddey, Luguentz Dort, Shai Gilgeous-Alexander",14,"2",48,36,59,48,1166,1440,11,12,-1,274
"22100051","OKC","Darius Bazley, Jeremiah Robinson-Earl, Josh Giddey, Luguentz Dort, Shai Gilgeous-Alexander",14,"3",59,48,69,59,1440,1705,10,11,-1,265
"22100051","GSW","Andrew Wiggins, Damion Lee, Draymond Green, Kevon Looney, Stephen Curry",15,"3",59,70,64,70,1771,1814,5,0,5,43
"22100051","OKC","Darius Bazley, Jeremiah Robinson-Earl, Luguentz Dort, Shai Gilgeous-Alexander, Theo Maledon",15,"3",69,59,70,64,1705,1814,1,5,-4,109
"22100051","GSW","Andrew Wiggins, Damion Lee, Draymond Green, Juan Toscano-Anderson, Stephen Curry",16,"3",64,70,70,74,1814,1993,6,4,2,179
"22100051","OKC","Darius Bazley, Luguentz Dort, Mike Muscala, Shai Gilgeous-Alexander, Theo Maledon",16,"3",70,64,72,64,1814,1879,2,0,2,65
"22100051","GSW","Damion Lee, Draymond Green, Juan Toscano-Anderson, Otto Porter Jr., Stephen Curry",17,"3",70,74,72,76,1993,2036,2,2,0,43
"22100051","OKC","Aleksej Pokusevski, Luguentz Dort, Mike Muscala, Shai Gilgeous-Alexander, Theo Maledon",17,"3",72,64,74,70,1879,1993,2,6,-4,114
"22100051","GSW","Andre Iguodala, Damion Lee, Juan Toscano-Anderson, Otto Porter Jr., Stephen Curry",18,"3",72,76,81,76,2036,2160,9,0,9,124
"22100051","OKC","Aleksej Pokusevski, Kenrich Williams, Luguentz Dort, Mike Muscala, Shai Gilgeous-Alexander",18,"3",74,70,76,75,1993,2084,2,5,-3,91
"22100051","GSW","Andre Iguodala, Damion Lee, Jordan Poole, Juan Toscano-Anderson, Otto Porter Jr.",19,"4",81,76,83,76,2160,2290,2,0,2,130
"22100051","OKC","Aleksej Pokusevski, Kenrich Williams, Luguentz Dort, Mike Muscala, Theo Maledon",19,"3",76,75,76,81,2084,2160,0,6,-6,76
"22100051","GSW","Andre Iguodala, Andrew Wiggins, Jordan Poole, Juan Toscano-Anderson, Otto Porter Jr.",20,"4",83,76,87,78,2290,2376,4,2,2,86
"22100051","OKC","Aleksej Pokusevski, Jeremiah Robinson-Earl, Josh Giddey, Kenrich Williams, Theo Maledon",20,"4",76,81,76,83,2160,2290,0,2,-2,130
"22100051","GSW","Andrew Wiggins, Draymond Green, Jordan Poole, Juan Toscano-Anderson, Otto Porter Jr.",21,"4",87,78,93,84,2376,2502,6,6,0,126
"22100051","OKC","Jeremiah Robinson-Earl, Josh Giddey, Kenrich Williams, Shai Gilgeous-Alexander, Theo Maledon",21,"4",76,83,84,93,2290,2502,8,10,-2,212
"22100051","GSW","Andrew Wiggins, Draymond Green, Jordan Poole, Juan Toscano-Anderson, Stephen Curry",22,"4",93,84,93,89,2502,2561,0,5,-5,59
"22100051","OKC","Jeremiah Robinson-Earl, Kenrich Williams, Luguentz Dort, Shai Gilgeous-Alexander, Theo Maledon",22,"4",84,93,89,96,2502,2601,5,3,2,99
"22100051","GSW","Andrew Wiggins, Damion Lee, Draymond Green, Juan Toscano-Anderson, Stephen Curry",23,"4",93,89,96,90,2561,2633,3,1,2,72
"22100051","OKC","Jeremiah Robinson-Earl, Josh Giddey, Kenrich Williams, Luguentz Dort, Shai Gilgeous-Alexander",23,"4",89,96,89,96,2601,2613,0,0,0,12
"22100051","GSW","Andre Iguodala, Andrew Wiggins, Damion Lee, Draymond Green, Stephen Curry",24,"4",96,90,106,96,2633,2834,10,6,4,201
"22100051","OKC","Josh Giddey, Kenrich Williams, Luguentz Dort, Mike Muscala, Shai Gilgeous-Alexander",24,"4",89,96,98,106,2613,2844,9,10,-1,231
"22100051","GSW","Andre Iguodala, Damion Lee, Draymond Green, Gary Payton II, Stephen Curry",25,"4",106,96,106,96,2834,2834,0,0,0,0
"22100051","OKC","Josh Giddey, Kenrich Williams, Luguentz Dort, Mike Muscala, Theo Maledon",25,"4",98,106,98,106,2844,2848,0,0,0,4
"22100051","GSW","Andre Iguodala, Chris Chiozza, Damion Lee, Gary Payton II, Stephen Curry",26,"4",106,96,106,96,2834,2834,0,0,0,0
"22100051","OKC","Josh Giddey, Kenrich Williams, Luguentz Dort, Mike Muscala, Shai Gilgeous-Alexander",26,"4",98,106,98,106,2848,2880,0,0,0,32
"22100051","GSW","Andre Iguodala, Chris Chiozza, Damion Lee, Gary Payton II, Juan Toscano-Anderson",27,"4",106,96,106,96,2834,2834,0,0,0,0
"22100051","GSW","Chris Chiozza, Damion Lee, Gary Payton II, Juan Toscano-Anderson, Moses Moody",28,"4",106,96,106,98,2834,2880,0,2,-2,46
"22100052","DAL","Dorian Finney-Smith, Dwight Powell, Kristaps Porzingis, Luka Doncic, Tim Hardaway Jr.",0,"1",0,0,10,14,0,345,10,14,-4,345
"22100052","HOU","Christian Wood, Daniel Theis, Jae'Sean Tate, Jalen Green, Kevin Porter Jr.",0,"1",0,0,17,14,0,421,17,14,3,421
"22100052","DAL","Boban Marjanovic, Dorian Finney-Smith, Kristaps Porzingis, Luka Doncic, Tim Hardaway Jr.",1,"1",10,14,10,14,345,345,0,0,0,0
"22100052","HOU","Christian Wood, Daniel Theis, Eric Gordon, Jae'Sean Tate, Kevin Porter Jr.",1,"1",17,14,17,14,421,421,0,0,0,0
"22100052","DAL","Boban Marjanovic, Dorian Finney-Smith, Jalen Brunson, Luka Doncic, Tim Hardaway Jr.",2,"1",10,14,20,22,345,527,10,8,2,182
"22100052","HOU","Alperen Sengun, Christian Wood, Eric Gordon, Jae'Sean Tate, Kevin Porter Jr.",2,"1",17,14,19,17,421,495,2,3,-1,74
"22100052","DAL","Boban Marjanovic, Jalen Brunson, Luka Doncic, Maxi Kleber, Tim Hardaway Jr.",3,"1",20,22,20,22,527,527,0,0,0,0
"22100052","HOU","Alperen Sengun, Christian Wood, D.J. Augustin, Eric Gordon, Jae'Sean Tate",3,"1",19,17,19,17,495,495,0,0,0,0
"22100052","DAL","Boban Marjanovic, Jalen Brunson, Luka Doncic, Maxi Kleber, Sterling Brown",4,"1",20,22,22,22,527,575,2,0,2,48
"22100052","HOU","Alperen Sengun, Christian Wood, D.J. Augustin, Danuel House Jr., Eric Gordon",4,"1",19,17,28,22,495,640,9,5,4,145
"22100052","DAL","Boban Marjanovic, Jalen Brunson, Maxi Kleber, Reggie Bullock, Sterling Brown",5,"1",22,22,22,28,575,640,0,6,-6,65
"22100052","HOU","Alperen Sengun, D.J. Augustin, Danuel House Jr., David Nwaba, Eric Gordon",5,"1",28,22,31,27,640,720,3,5,-2,80
"22100052","HOU","Alperen Sengun, D.J. Augustin, Danuel House Jr., David Nwaba, Eric Gordon",5,"2",31,27,39,34,720,855,8,7,1,135
"22100052","DAL","Jalen Brunson, Kristaps Porzingis, Maxi Kleber, Reggie Bullock, Sterling Brown",6,"1",22,28,27,31,640,720,5,3,2,80
"22100052","HOU","Alperen Sengun, Danuel House Jr., David Nwaba, Eric Gordon, Jalen Green",6,"2",39,34,41,36,855,887,2,2,0,32
"22100052","DAL","Jalen Brunson, Josh Green, Kristaps Porzingis, Maxi Kleber, Reggie Bullock",7,"2",27,31,36,41,720,887,9,10,-1,167
"22100052","HOU","Alperen Sengun, Daniel Theis, Danuel House Jr., David Nwaba, Jalen Green",7,"2",41,36,41,36,887,887,0,0,0,0
"22100052","DAL","Jalen Brunson, Josh Green, Maxi Kleber, Reggie Bullock, Willie Cauley-Stein",8,"2",36,41,39,43,887,941,3,2,1,54
"22100052","HOU","Daniel Theis, Danuel House Jr., David Nwaba, Jalen Green, Kevin Porter Jr.",8,"2",41,36,43,39,887,941,2,3,-1,54
"22100052","DAL","Jalen Brunson, Luka Doncic, Maxi Kleber, Reggie Bullock, Willie Cauley-Stein",9,"2",39,43,39,43,941,941,0,0,0,0
"22100052","HOU","Daniel Theis, Danuel House Jr., Jae'Sean Tate, Jalen Green, Kevin Porter Jr.",9,"2",43,39,46,42,941,1034,3,3,0,93
"22100052","DAL","Luka Doncic, Maxi Kleber, Reggie Bullock, Trey Burke, Willie Cauley-Stein",10,"2",39,43,42,46,941,1034,3,3,0,93
"22100052","HOU","Christian Wood, Daniel Theis, Jae'Sean Tate, Jalen Green, Kevin Porter Jr.",10,"2",46,42,46,50,1034,1197,0,8,-8,163
"22100052","DAL","Luka Doncic, Maxi Kleber, Tim Hardaway Jr., Trey Burke, Willie Cauley-Stein",11,"2",42,46,48,46,1034,1161,6,0,6,127
"22100052","HOU","Christian Wood, Daniel Theis, Eric Gordon, Jalen Green, Kevin Porter Jr.",11,"2",46,50,60,57,1197,1440,14,7,7,243
"22100052","DAL","Dorian Finney-Smith, Luka Doncic, Maxi Kleber, Tim Hardaway Jr., Willie Cauley-Stein",12,"2",48,46,50,46,1161,1197,2,0,2,36
"22100052","HOU","Christian Wood, Daniel Theis, Jae'Sean Tate, Jalen Green, Kevin Porter Jr.",12,"3",60,57,60,69,1440,1647,0,12,-12,207
"22100052","DAL","Dorian Finney-Smith, Dwight Powell, Luka Doncic, Maxi Kleber, Tim Hardaway Jr.",13,"2",50,46,50,46,1197,1197,0,0,0,0
"22100052","HOU","Christian Wood, Daniel Theis, Eric Gordon, Jae'Sean Tate, Jalen Green",13,"3",60,69,60,69,1647,1656,0,0,0,9
"22100052","DAL","Dorian Finney-Smith, Dwight Powell, Kristaps Porzingis, Luka Doncic, Tim Hardaway Jr.",14,"2",50,46,57,60,1197,1440,7,14,-7,243
"22100052","DAL","Dorian Finney-Smith, Dwight Powell, Kristaps Porzingis, Luka Doncic, Tim Hardaway Jr.",14,"3",57,60,73,70,1440,1776,16,10,6,336
"22100052","HOU","Christian Wood, Daniel Theis, David Nwaba, Eric Gordon, Jalen Green",14,"3",60,69,75,81,1656,1871,15,12,3,215
"22100052","DAL","Dorian Finney-Smith, Dwight Powell, Jalen Brunson, Luka Doncic, Tim Hardaway Jr.",15,"3",73,70,81,75,1776,1871,8,5,3,95
"22100052","HOU","Alperen Sengun, Christian Wood, David Nwaba, Eric Gordon, Jalen Green",15,"3",75,81,78,85,1871,1952,3,4,-1,81
"22100052","DAL","Dorian Finney-Smith, Jalen Brunson, Luka Doncic, Moses Brown, Tim Hardaway Jr.",16,"3",81,75,85,78,1871,1952,4,3,1,81
"22100052","HOU","Alperen Sengun, Christian Wood, D.J. Augustin, David Nwaba, Eric Gordon",16,"3",78,85,80,89,1952,2013,2,4,-2,61
"22100052","DAL","Frank Ntilikina, Jalen Brunson, Luka Doncic, Moses Brown, Tim Hardaway Jr.",17,"3",85,78,85,78,1952,1952,0,0,0,0
"22100052","HOU","Alperen Sengun, D.J. Augustin, David Nwaba, Eric Gordon, Kenyon Martin Jr.",17,"3",80,89,88,91,2013,2160,8,2,6,147
"22100052","DAL","Frank Ntilikina, Jalen Brunson, Luka Doncic, Moses Brown, Reggie Bullock",18,"3",85,78,85,78,1952,1952,0,0,0,0
"22100052","HOU","Alperen Sengun, D.J. Augustin, Jae'Sean Tate, Jalen Green, Kenyon Martin Jr.",18,"4",88,91,92,96,2160,2260,4,5,-1,100
"22100052","DAL","Frank Ntilikina, Jalen Brunson, Maxi Kleber, Moses Brown, Reggie Bullock",19,"3",85,78,89,84,1952,2056,4,6,-2,104
"22100052","HOU","Alperen Sengun, Jae'Sean Tate, Jalen Green, Kenyon Martin Jr., Kevin Porter Jr.",19,"4",92,96,92,96,2260,2270,0,0,0,10
"22100052","DAL","Frank Ntilikina, Jalen Brunson, Maxi Kleber, Reggie Bullock, Sterling Brown",20,"3",89,84,91,88,2056,2160,2,4,-2,104
"22100052","HOU","Daniel Theis, Jae'Sean Tate, Jalen Green, Kenyon Martin Jr., Kevin Porter Jr.",20,"4",92,96,92,98,2270,2309,0,2,-2,39
"22100052","DAL","Boban Marjanovic, Jalen Brunson, Maxi Kleber, Reggie Bullock, Sterling Brown",21,"4",91,88,96,92,2160,2270,5,4,1,110
"22100052","HOU","Christian Wood, Daniel Theis, Jae'Sean Tate, Jalen Green, Kevin Porter Jr.",21,"4",92,98,97,105,2309,2457,5,7,-2,148
"22100052","DAL","Boban Marjanovic, Dorian Finney-Smith, Jalen Brunson, Reggie Bullock, Sterling Brown",22,"4",96,92,103,97,2270,2410,7,5,2,140
"22100052","HOU","Christian Wood, Daniel Theis, Eric Gordon, Jae'Sean Tate, Kevin Porter Jr.",22,"4",97,105,99,106,2457,2540,2,1,1,83
"22100052","DAL","Boban Marjanovic, Dorian Finney-Smith, Dwight Powell, Jalen Brunson, Reggie Bullock",23,"4",103,97,103,97,2410,2410,0,0,0,0
"22100052","HOU","Christian Wood, Daniel Theis, Eric Gordon, Jalen Green, Kevin Porter Jr.",23,"4",99,106,100,108,2540,2618,1,2,-1,78
"22100052","DAL","Dorian Finney-Smith, Dwight Powell, Jalen Brunson, Luka Doncic, Reggie Bullock",24,"4",103,97,106,99,2410,2540,3,2,1,130
"22100052","HOU","Christian Wood, Eric Gordon, Jae'Sean Tate, Jalen Green, Kevin Porter Jr.",24,"4",100,108,106,116,2618,2880,6,8,-2,262
"22100052","DAL","Dorian Finney-Smith, Dwight Powell, Jalen Brunson, Luka Doncic, Tim Hardaway Jr.",25,"4",106,99,116,106,2540,2880,10,7,3,340
"22100053","LAL","Anthony Davis, DeAndre Jordan, Kent Bazemore, Malik Monk, Russell Westbrook",0,"1",0,0,15,9,0,372,15,9,6,372
"22100053","SAS","Dejounte Murray, Derrick White, Doug McDermott, Jakob Poeltl, Keldon Johnson",0,"1",0,0,9,15,0,372,9,15,-6,372
"22100053","LAL","Anthony Davis, DeAndre Jordan, Kent Bazemore, Malik Monk, Rajon Rondo",1,"1",15,9,17,12,372,457,2,3,-1,85
"22100053","SAS","Dejounte Murray, Derrick White, Devin Vassell, Jakob Poeltl, Keldon Johnson",1,"1",9,15,9,15,372,372,0,0,0,0
"22100053","LAL","Anthony Davis, Austin Reaves, Kent Bazemore, Malik Monk, Rajon Rondo",2,"1",17,12,17,12,457,457,0,0,0,0
"22100053","SAS","Derrick White, Devin Vassell, Jakob Poeltl, Keldon Johnson, Lonnie Walker IV",2,"1",9,15,12,17,372,457,3,2,1,85
"22100053","LAL","Anthony Davis, Austin Reaves, Carmelo Anthony, Kent Bazemore, Rajon Rondo",3,"1",17,12,23,17,457,550,6,5,1,93
"22100053","SAS","Derrick White, Devin Vassell, Drew Eubanks, Jakob Poeltl, Lonnie Walker IV",3,"1",12,17,12,17,457,457,0,0,0,0
"22100053","LAL","Anthony Davis, Austin Reaves, Carmelo Anthony, Rajon Rondo, Russell Westbrook",4,"1",23,17,27,29,550,720,4,12,-8,170
"22100053","SAS","Derrick White, Devin Vassell, Drew Eubanks, Keita Bates-Diop, Lonnie Walker IV",4,"1",12,17,17,23,457,550,5,6,-1,93
"22100053","LAL","Austin Reaves, Carmelo Anthony, Dwight Howard, Malik Monk, Russell Westbrook",5,"2",27,29,37,37,720,952,10,8,2,232
"22100053","SAS","Dejounte Murray, Devin Vassell, Drew Eubanks, Keita Bates-Diop, Lonnie Walker IV",5,"1",17,23,24,25,550,657,7,2,5,107
"22100053","LAL","Austin Reaves, Carmelo Anthony, Dwight Howard, Kent Bazemore, Malik Monk",6,"2",37,37,37,37,952,952,0,0,0,0
"22100053","SAS","Dejounte Murray, Devin Vassell, Jakob Poeltl, Keita Bates-Diop, Lonnie Walker IV",6,"1",24,25,29,27,657,713,5,2,3,56
"22100053","LAL","Carmelo Anthony, Dwight Howard, Kent Bazemore, Malik Monk, Rajon Rondo",7,"2",37,37,44,40,952,1097,7,3,4,145
"22100053","SAS","Dejounte Murray, Devin Vassell, Doug McDermott, Jakob Poeltl, Lonnie Walker IV",7,"1",29,27,29,27,713,720,0,0,0,7
"22100053","LAL","Anthony Davis, Dwight Howard, Kent Bazemore, Malik Monk, Rajon Rondo",8,"2",44,40,48,42,1097,1139,4,2,2,42
"22100053","SAS","Dejounte Murray, Devin Vassell, Drew Eubanks, Keita Bates-Diop, Lonnie Walker IV",8,"2",29,27,35,32,720,847,6,5,1,127
"22100053","LAL","Anthony Davis, Dwight Howard, Kent Bazemore, Rajon Rondo, Russell Westbrook",9,"2",48,42,48,46,1139,1176,0,4,-4,37
"22100053","SAS","Dejounte Murray, Devin Vassell, Drew Eubanks, Keita Bates-Diop, Thaddeus Young",9,"2",35,32,35,32,847,847,0,0,0,0
"22100053","LAL","Anthony Davis, Austin Reaves, Dwight Howard, Kent Bazemore, Russell Westbrook",10,"2",48,46,53,49,1176,1243,5,3,2,67
"22100053","SAS","Dejounte Murray, Doug McDermott, Drew Eubanks, Keita Bates-Diop, Thaddeus Young",10,"2",35,32,35,32,847,847,0,0,0,0
"22100053","LAL","Anthony Davis, Austin Reaves, Carmelo Anthony, Kent Bazemore, Russell Westbrook",11,"2",53,49,61,59,1243,1394,8,10,-2,151
"22100053","SAS","Dejounte Murray, Doug McDermott, Keita Bates-Diop, Keldon Johnson, Thaddeus Young",11,"2",35,32,35,32,847,847,0,0,0,0
"22100053","LAL","Austin Reaves, Carmelo Anthony, DeAndre Jordan, Kent Bazemore, Russell Westbrook",12,"2",61,59,61,62,1394,1440,0,3,-3,46
"22100053","SAS","Dejounte Murray, Derrick White, Doug McDermott, Keldon Johnson, Thaddeus Young",12,"2",35,32,37,35,847,903,2,3,-1,56
"22100053","LAL","Anthony Davis, DeAndre Jordan, Kent Bazemore, Malik Monk, Russell Westbrook",13,"3",61,62,77,79,1440,1807,16,17,-1,367
"22100053","SAS","Bryn Forbes, Derrick White, Doug McDermott, Keldon Johnson, Thaddeus Young",13,"2",37,35,38,42,903,1043,1,7,-6,140
"22100053","LAL","Anthony Davis, DeAndre Jordan, Kent Bazemore, Malik Monk, Rajon Rondo",14,"3",77,79,80,79,1807,1872,3,0,3,65
"22100053","SAS","Bryn Forbes, Derrick White, Doug McDermott, Jakob Poeltl, Keldon Johnson",14,"2",38,42,40,44,1043,1097,2,2,0,54
"22100053","LAL","Anthony Davis, Austin Reaves, Kent Bazemore, Malik Monk, Rajon Rondo",15,"3",80,79,80,79,1872,1872,0,0,0,0
"22100053","SAS","Derrick White, Doug McDermott, Jakob Poeltl, Keldon Johnson, Lonnie Walker IV",15,"2",40,44,42,48,1097,1139,2,4,-2,42
"22100053","LAL","Anthony Davis, Austin Reaves, Carmelo Anthony, Kent Bazemore, Rajon Rondo",16,"3",80,79,82,88,1872,1998,2,9,-7,126
"22100053","SAS","Derrick White, Devin Vassell, Jakob Poeltl, Keldon Johnson, Lonnie Walker IV",16,"2",42,48,46,48,1139,1176,4,0,4,37
"22100053","LAL","Anthony Davis, Austin Reaves, Carmelo Anthony, Rajon Rondo, Russell Westbrook",17,"3",82,88,85,92,1998,2087,3,4,-1,89
"22100053","SAS","Dejounte Murray, Devin Vassell, Jakob Poeltl, Keldon Johnson, Lonnie Walker IV",17,"2",46,48,49,53,1176,1243,3,5,-2,67
"22100053","LAL","Austin Reaves, Carmelo Anthony, Dwight Howard, Rajon Rondo, Russell Westbrook",18,"3",85,92,85,97,2087,2160,0,5,-5,73
"22100053","SAS","Dejounte Murray, Devin Vassell, Jakob Poeltl, Keita Bates-Diop, Lonnie Walker IV",18,"2",49,53,59,61,1243,1394,10,8,2,151
"22100053","LAL","Austin Reaves, Carmelo Anthony, Dwight Howard, Malik Monk, Russell Westbrook",19,"4",85,97,92,101,2160,2301,7,4,3,141
"22100053","SAS","Dejounte Murray, Devin Vassell, Drew Eubanks, Keita Bates-Diop, Lonnie Walker IV",19,"2",59,61,62,61,1394,1440,3,0,3,46
"22100053","LAL","Anthony Davis, Austin Reaves, Dwight Howard, Malik Monk, Russell Westbrook",20,"4",92,101,107,106,2301,2590,15,5,10,289
"22100053","SAS","Dejounte Murray, Derrick White, Doug McDermott, Jakob Poeltl, Keldon Johnson",20,"3",62,61,79,77,1440,1807,17,16,1,367
"22100053","LAL","Anthony Davis, Austin Reaves, Dwight Howard, Malik Monk, Rajon Rondo",21,"4",107,106,107,108,2590,2631,0,2,-2,41
"22100053","SAS","Derrick White, Devin Vassell, Doug McDermott, Jakob Poeltl, Keldon Johnson",21,"3",79,77,79,77,1807,1807,0,0,0,0
"22100053","LAL","Anthony Davis, Austin Reaves, Carmelo Anthony, Malik Monk, Rajon Rondo",22,"4",107,108,114,112,2631,2837,7,4,3,206
"22100053","SAS","Derrick White, Devin Vassell, Doug McDermott, Jakob Poeltl, Keita Bates-Diop",22,"3",79,77,79,77,1807,1807,0,0,0,0
"22100053","LAL","Anthony Davis, Austin Reaves, Carmelo Anthony, Malik Monk, Russell Westbrook",23,"4",114,112,114,112,2837,2837,0,0,0,0
"22100053","SAS","Derrick White, Devin Vassell, Jakob Poeltl, Keita Bates-Diop, Lonnie Walker IV",23,"3",79,77,82,82,1807,1946,3,5,-2,139
"22100053","LAL","Anthony Davis, Austin Reaves, Kent Bazemore, Malik Monk, Russell Westbrook",24,"4",114,112,114,114,2837,2848,0,2,-2,11
"22100053","SAS","Derrick White, Devin Vassell, Drew Eubanks, Keita Bates-Diop, Lonnie Walker IV",24,"3",82,82,82,82,1946,1961,0,0,0,15
"22100053","LAL","Anthony Davis, Austin Reaves, Carmelo Anthony, Malik Monk, Russell Westbrook",25,"4",114,114,114,114,2848,2880,0,0,0,32
"22100053","SAS","Dejounte Murray, Devin Vassell, Drew Eubanks, Keita Bates-Diop, Lonnie Walker IV",25,"3",82,82,97,85,1961,2160,15,3,12,199
"22100053","SAS","Dejounte Murray, Devin Vassell, Drew Eubanks, Keita Bates-Diop, Lonnie Walker IV",25,"4",97,85,101,92,2160,2301,4,7,-3,141
"22100053","LAL","Anthony Davis, Carmelo Anthony, Kent Bazemore, Malik Monk, Russell Westbrook",26,"5",114,114,121,117,2880,3044,7,3,4,164
"22100053","SAS","Dejounte Murray, Devin Vassell, Keita Bates-Diop, Keldon Johnson, Lonnie Walker IV",26,"4",101,92,101,92,2301,2301,0,0,0,0
"22100053","LAL","Anthony Davis, Austin Reaves, Carmelo Anthony, Malik Monk, Russell Westbrook",27,"5",121,117,121,121,3044,3090,0,4,-4,46
"22100053","SAS","Dejounte Murray, Derrick White, Keita Bates-Diop, Keldon Johnson, Lonnie Walker IV",27,"4",101,92,101,92,2301,2301,0,0,0,0
"22100053","LAL","Anthony Davis, Carmelo Anthony, Kent Bazemore, Malik Monk, Russell Westbrook",28,"5",121,121,125,121,3090,3180,4,0,4,90
"22100053","SAS","Dejounte Murray, Derrick White, Jakob Poeltl, Keldon Johnson, Lonnie Walker IV",28,"4",101,92,101,94,2301,2322,0,2,-2,21
"22100053","SAS","Derrick White, Devin Vassell, Jakob Poeltl, Keldon Johnson, Lonnie Walker IV",29,"4",101,94,104,104,2322,2487,3,10,-7,165
"22100053","SAS","Dejounte Murray, Derrick White, Devin Vassell, Jakob Poeltl, Keldon Johnson",30,"4",104,104,104,104,2487,2487,0,0,0,0
"22100053","SAS","Dejounte Murray, Derrick White, Devin Vassell, Jakob Poeltl, Keita Bates-Diop",31,"4",104,104,108,107,2487,2631,4,3,1,144
"22100053","SAS","Dejounte Murray, Devin Vassell, Jakob Poeltl, Keita Bates-Diop, Lonnie Walker IV",32,"4",108,107,112,114,2631,2837,4,7,-3,206
"22100053","SAS","Dejounte Murray, Derrick White, Jakob Poeltl, Keita Bates-Diop, Lonnie Walker IV",33,"4",112,114,114,114,2837,2848,2,0,2,11
"22100053","SAS","Dejounte Murray, Derrick White, Devin Vassell, Jakob Poeltl, Keita Bates-Diop",34,"4",114,114,114,114,2848,2880,0,0,0,32
"22100053","SAS","Dejounte Murray, Derrick White, Devin Vassell, Jakob Poeltl, Keita Bates-Diop",34,"5",114,114,115,119,2880,3012,1,5,-4,132
"22100053","SAS","Dejounte Murray, Devin Vassell, Jakob Poeltl, Keita Bates-Diop, Lonnie Walker IV",35,"5",115,119,121,125,3012,3180,6,6,0,168
"22100054","DEN","Aaron Gordon, Michael Porter Jr., Monte Morris, Nikola Jokic, Will Barton",0,"1",0,0,24,24,0,497,24,24,0,497
"22100054","UTA","Bojan Bogdanovic, Donovan Mitchell, Mike Conley, Royce O'Neale, Rudy Gobert",0,"1",0,0,15,16,0,324,15,16,-1,324
"22100054","DEN","Aaron Gordon, Michael Porter Jr., Monte Morris, Nikola Jokic, P.J. Dozier",1,"1",24,24,24,24,497,497,0,0,0,0
"22100054","UTA","Bojan Bogdanovic, Donovan Mitchell, Hassan Whiteside, Royce O'Neale, Rudy Gobert",1,"1",15,16,15,16,324,324,0,0,0,0
"22100054","DEN","Aaron Gordon, Facundo Campazzo, Michael Porter Jr., Nikola Jokic, P.J. Dozier",2,"1",24,24,29,28,497,577,5,4,1,80
"22100054","UTA","Bojan Bogdanovic, Donovan Mitchell, Hassan Whiteside, Joe Ingles, Royce O'Neale",2,"1",15,16,24,24,324,497,9,8,1,173
"22100054","DEN","Aaron Gordon, Austin Rivers, Facundo Campazzo, Nikola Jokic, P.J. Dozier",3,"1",29,28,29,28,577,577,0,0,0,0
"22100054","UTA","Donovan Mitchell, Hassan Whiteside, Joe Ingles, Jordan Clarkson, Royce O'Neale",3,"1",24,24,28,29,497,577,4,5,-1,80
"22100054","DEN","Aaron Gordon, Austin Rivers, Facundo Campazzo, JaMychal Green, P.J. Dozier",4,"1",29,28,31,35,577,684,2,7,-5,107
"22100054","UTA","Donovan Mitchell, Eric Paschall, Hassan Whiteside, Joe Ingles, Jordan Clarkson",4,"1",28,29,28,29,577,577,0,0,0,0
"22100054","DEN","Austin Rivers, Facundo Campazzo, JaMychal Green, Jeff Green, P.J. Dozier",5,"1",31,35,31,35,684,720,0,0,0,36
"22100054","DEN","Austin Rivers, Facundo Campazzo, JaMychal Green, Jeff Green, P.J. Dozier",5,"2",31,35,35,44,720,919,4,9,-5,199
"22100054","UTA","Eric Paschall, Hassan Whiteside, Joe Ingles, Jordan Clarkson, Mike Conley",5,"1",28,29,28,29,577,577,0,0,0,0
"22100054","DEN","Facundo Campazzo, JaMychal Green, Jeff Green, Michael Porter Jr., P.J. Dozier",6,"2",35,44,35,44,919,919,0,0,0,0
"22100054","UTA","Eric Paschall, Joe Ingles, Jordan Clarkson, Mike Conley, Rudy Gobert",6,"1",28,29,35,31,577,720,7,2,5,143
"22100054","UTA","Eric Paschall, Joe Ingles, Jordan Clarkson, Mike Conley, Rudy Gobert",6,"2",35,31,42,31,720,832,7,0,7,112
"22100054","DEN","Facundo Campazzo, JaMychal Green, Jeff Green, Michael Porter Jr., Will Barton",7,"2",35,44,38,46,919,1003,3,2,1,84
"22100054","UTA","Eric Paschall, Jared Butler, Joe Ingles, Jordan Clarkson, Rudy Gobert",7,"2",42,31,44,36,832,942,2,5,-3,110
"22100054","DEN","Facundo Campazzo, Jeff Green, Michael Porter Jr., Nikola Jokic, Will Barton",8,"2",38,46,41,49,1003,1042,3,3,0,39
"22100054","UTA","Donovan Mitchell, Eric Paschall, Joe Ingles, Jordan Clarkson, Rudy Gobert",8,"2",44,36,44,38,942,988,0,2,-2,46
"22100054","DEN","Aaron Gordon, Jeff Green, Michael Porter Jr., Nikola Jokic, Will Barton",9,"2",41,49,41,49,1042,1042,0,0,0,0
"22100054","UTA","Bojan Bogdanovic, Donovan Mitchell, Joe Ingles, Jordan Clarkson, Rudy Gobert",9,"2",44,38,44,38,988,988,0,0,0,0
"22100054","DEN","Aaron Gordon, Michael Porter Jr., Monte Morris, Nikola Jokic, Will Barton",10,"2",41,49,60,62,1042,1326,19,13,6,284
"22100054","UTA","Bojan Bogdanovic, Donovan Mitchell, Hassan Whiteside, Joe Ingles, Jordan Clarkson",10,"2",44,38,49,41,988,1042,5,3,2,54
"22100054","DEN","Aaron Gordon, Jeff Green, Michael Porter Jr., Monte Morris, Will Barton",11,"2",60,62,64,66,1326,1440,4,4,0,114
"22100054","UTA","Bojan Bogdanovic, Donovan Mitchell, Hassan Whiteside, Jordan Clarkson, Royce O'Neale",11,"2",49,41,58,52,1042,1226,9,11,-2,184
"22100054","DEN","Aaron Gordon, JaMychal Green, Michael Porter Jr., Monte Morris, Will Barton",12,"3",64,66,81,79,1440,1834,17,13,4,394
"22100054","UTA","Bojan Bogdanovic, Donovan Mitchell, Hassan Whiteside, Royce O'Neale, Rudy Gobert",12,"2",58,52,58,52,1226,1226,0,0,0,0
"22100054","DEN","Aaron Gordon, JaMychal Green, Monte Morris, P.J. Dozier, Will Barton",13,"3",81,79,83,83,1834,1931,2,4,-2,97
"22100054","UTA","Bojan Bogdanovic, Donovan Mitchell, Mike Conley, Royce O'Neale, Rudy Gobert",13,"2",58,52,66,64,1226,1440,8,12,-4,214
"22100054","UTA","Bojan Bogdanovic, Donovan Mitchell, Mike Conley, Royce O'Neale, Rudy Gobert",13,"3",66,64,77,76,1440,1763,11,12,-1,323
"22100054","DEN","Aaron Gordon, Facundo Campazzo, JaMychal Green, P.J. Dozier, Will Barton",14,"3",83,83,83,83,1931,1931,0,0,0,0
"22100054","UTA","Bojan Bogdanovic, Donovan Mitchell, Joe Ingles, Royce O'Neale, Rudy Gobert",14,"3",77,76,77,76,1763,1763,0,0,0,0
"22100054","DEN","Facundo Campazzo, JaMychal Green, Jeff Green, P.J. Dozier, Will Barton",15,"3",83,83,83,83,1931,1949,0,0,0,18
"22100054","UTA","Bojan Bogdanovic, Donovan Mitchell, Hassan Whiteside, Joe Ingles, Royce O'Neale",15,"3",77,76,83,83,1763,1931,6,7,-1,168
"22100054","DEN","Facundo Campazzo, Jeff Green, Michael Porter Jr., P.J. Dozier, Will Barton",16,"3",83,83,90,91,1949,2160,7,8,-1,211
"22100054","UTA","Bojan Bogdanovic, Donovan Mitchell, Hassan Whiteside, Joe Ingles, Jordan Clarkson",16,"3",83,83,83,83,1931,1949,0,0,0,18
"22100054","DEN","Facundo Campazzo, Jeff Green, Michael Porter Jr., Monte Morris, P.J. Dozier",17,"4",90,91,95,102,2160,2405,5,11,-6,245
"22100054","UTA","Bojan Bogdanovic, Hassan Whiteside, Joe Ingles, Jordan Clarkson, Mike Conley",17,"3",83,83,83,85,1949,1988,0,2,-2,39
"22100054","DEN","Facundo Campazzo, Jeff Green, Monte Morris, P.J. Dozier, Will Barton",18,"4",95,102,95,102,2405,2405,0,0,0,0
"22100054","UTA","Bojan Bogdanovic, Joe Ingles, Jordan Clarkson, Mike Conley, Rudy Gobert",18,"3",83,85,83,85,1988,1988,0,0,0,0
"22100054","DEN","Facundo Campazzo, JaMychal Green, Monte Morris, P.J. Dozier, Will Barton",19,"4",95,102,95,102,2405,2405,0,0,0,0
"22100054","UTA","Eric Paschall, Joe Ingles, Jordan Clarkson, Mike Conley, Rudy Gobert",19,"3",83,85,91,90,1988,2160,8,5,3,172
"22100054","UTA","Eric Paschall, Joe Ingles, Jordan Clarkson, Mike Conley, Rudy Gobert",19,"4",91,90,102,95,2160,2405,11,5,6,245
"22100054","DEN","Aaron Gordon, Facundo Campazzo, JaMychal Green, Monte Morris, Will Barton",20,"4",95,102,97,106,2405,2510,2,4,-2,105
"22100054","UTA","Donovan Mitchell, Eric Paschall, Joe Ingles, Jordan Clarkson, Rudy Gobert",20,"4",102,95,102,95,2405,2413,0,0,0,8
"22100054","DEN","Aaron Gordon, JaMychal Green, Michael Porter Jr., Monte Morris, Will Barton",21,"4",97,106,97,109,2510,2583,0,3,-3,73
"22100054","UTA","Donovan Mitchell, Eric Paschall, Hassan Whiteside, Joe Ingles, Jordan Clarkson",21,"4",102,95,102,95,2413,2438,0,0,0,25
"22100054","DEN","Aaron Gordon, Jeff Green, Michael Porter Jr., Monte Morris, Will Barton",22,"4",97,109,110,122,2583,2880,13,13,0,297
"22100054","UTA","Bojan Bogdanovic, Donovan Mitchell, Hassan Whiteside, Joe Ingles, Jordan Clarkson",22,"4",102,95,104,97,2438,2499,2,2,0,61
"22100054","UTA","Bojan Bogdanovic, Donovan Mitchell, Hassan Whiteside, Jordan Clarkson, Royce O'Neale",23,"4",104,97,109,97,2499,2583,5,0,5,84
"22100054","UTA","Bojan Bogdanovic, Donovan Mitchell, Jordan Clarkson, Royce O'Neale, Rudy Gobert",24,"4",109,97,110,97,2583,2632,1,0,1,49
"22100054","UTA","Bojan Bogdanovic, Donovan Mitchell, Mike Conley, Royce O'Neale, Rudy Gobert",25,"4",110,97,111,100,2632,2676,1,3,-2,44
"22100054","UTA","Donovan Mitchell, Joe Ingles, Mike Conley, Royce O'Neale, Rudy Gobert",26,"4",111,100,122,110,2676,2880,11,10,1,204
"22100055","CHA","Gordon Hayward, Kelly Oubre Jr., LaMelo Ball, Mason Plumlee, Miles Bridges",0,"1",0,0,8,13,0,261,8,13,-5,261
"22100055","ORL","Cole Anthony, Franz Wagner, Jalen Suggs, Mo Bamba, Wendell Carter Jr.",0,"1",0,0,13,8,0,261,13,8,5,261
"22100055","CHA","Gordon Hayward, Ish Smith, Kelly Oubre Jr., Mason Plumlee, Miles Bridges",1,"1",8,13,8,20,261,369,0,7,-7,108
"22100055","ORL","Cole Anthony, Franz Wagner, Jalen Suggs, Mo Bamba, Terrence Ross",1,"1",13,8,20,8,261,378,7,0,7,117
"22100055","CHA","Gordon Hayward, Ish Smith, Kelly Oubre Jr., Mason Plumlee, Nick Richards",2,"1",8,20,8,20,369,369,0,0,0,0
"22100055","ORL","Franz Wagner, Gary Harris, Jalen Suggs, Mo Bamba, Terrence Ross",2,"1",20,8,20,10,378,407,0,2,-2,29
"22100055","CHA","Cody Martin, Ish Smith, Kelly Oubre Jr., Mason Plumlee, Nick Richards",3,"1",8,20,8,20,369,369,0,0,0,0
"22100055","ORL","Franz Wagner, Gary Harris, Jalen Suggs, Terrence Ross, Wendell Carter Jr.",3,"1",20,10,20,10,407,407,0,0,0,0
"22100055","CHA","Cody Martin, Ish Smith, Jalen McDaniels, Kelly Oubre Jr., Nick Richards",4,"1",8,20,17,25,369,545,9,5,4,176
"22100055","ORL","Gary Harris, Jalen Suggs, Moritz Wagner, Terrence Ross, Wendell Carter Jr.",4,"1",20,10,25,17,407,545,5,7,-2,138
"22100055","CHA","Cody Martin, Gordon Hayward, Ish Smith, Jalen McDaniels, Nick Richards",5,"1",17,25,31,31,545,720,14,6,8,175
"22100055","CHA","Cody Martin, Gordon Hayward, Ish Smith, Jalen McDaniels, Nick Richards",5,"2",31,31,36,34,720,823,5,3,2,103
"22100055","ORL","Gary Harris, Moritz Wagner, R.J. Hampton, Terrence Ross, Wendell Carter Jr.",5,"1",25,17,31,31,545,720,6,14,-8,175
"22100055","CHA","Cody Martin, Gordon Hayward, Jalen McDaniels, Miles Bridges, Nick Richards",6,"2",36,34,36,34,823,823,0,0,0,0
"22100055","ORL","Cole Anthony, Franz Wagner, Gary Harris, R.J. Hampton, Wendell Carter Jr.",6,"2",31,31,34,38,720,846,3,7,-4,126
"22100055","CHA","Gordon Hayward, Jalen McDaniels, LaMelo Ball, Miles Bridges, Nick Richards",7,"2",36,34,36,34,823,823,0,0,0,0
"22100055","ORL","Cole Anthony, Franz Wagner, Jalen Suggs, R.J. Hampton, Wendell Carter Jr.",7,"2",34,38,39,43,846,925,5,5,0,79
"22100055","CHA","Gordon Hayward, Jalen McDaniels, LaMelo Ball, Mason Plumlee, Miles Bridges",8,"2",36,34,38,34,823,846,2,0,2,23
"22100055","ORL","Cole Anthony, Franz Wagner, Jalen Suggs, Terrence Ross, Wendell Carter Jr.",8,"2",39,43,39,43,925,967,0,0,0,42
"22100055","CHA","Gordon Hayward, Kelly Oubre Jr., LaMelo Ball, Mason Plumlee, Miles Bridges",9,"2",38,34,43,44,846,992,5,10,-5,146
"22100055","ORL","Cole Anthony, Franz Wagner, Jalen Suggs, Mo Bamba, Terrence Ross",9,"2",39,43,55,57,967,1267,16,14,2,300
"22100055","CHA","Cody Martin, Kelly Oubre Jr., LaMelo Ball, Mason Plumlee, Miles Bridges",10,"2",43,44,51,49,992,1154,8,5,3,162
"22100055","ORL","Cole Anthony, Jalen Suggs, Mo Bamba, Terrence Ross, Wendell Carter Jr.",10,"2",55,57,61,64,1267,1440,6,7,-1,173
"22100055","CHA","Cody Martin, Ish Smith, Kelly Oubre Jr., Mason Plumlee, Miles Bridges",11,"2",51,49,55,53,1154,1216,4,4,0,62
"22100055","ORL","Cole Anthony, Franz Wagner, Jalen Suggs, Mo Bamba, Wendell Carter Jr.",11,"3",61,64,75,74,1440,1759,14,10,4,319
"22100055","CHA","Cody Martin, Gordon Hayward, Ish Smith, Kelly Oubre Jr., Miles Bridges",12,"2",55,53,57,55,1216,1267,2,2,0,51
"22100055","ORL","Cole Anthony, Franz Wagner, Gary Harris, Mo Bamba, Wendell Carter Jr.",12,"3",75,74,75,74,1759,1759,0,0,0,0
"22100055","CHA","Cody Martin, Gordon Hayward, Ish Smith, Jalen McDaniels, Miles Bridges",13,"2",57,55,64,61,1267,1440,7,6,1,173
"22100055","ORL","Cole Anthony, Gary Harris, Mo Bamba, Terrence Ross, Wendell Carter Jr.",13,"3",75,74,82,77,1759,1859,7,3,4,100
"22100055","CHA","Gordon Hayward, Kelly Oubre Jr., LaMelo Ball, Mason Plumlee, Miles Bridges",14,"3",64,61,74,75,1440,1759,10,14,-4,319
"22100055","ORL","Cole Anthony, Gary Harris, Mo Bamba, Moritz Wagner, Terrence Ross",14,"3",82,77,85,79,1859,1938,3,2,1,79
"22100055","CHA","Cody Martin, Gordon Hayward, LaMelo Ball, Mason Plumlee, Miles Bridges",15,"3",74,75,74,77,1759,1804,0,2,-2,45
"22100055","ORL","Gary Harris, Jalen Suggs, Mo Bamba, Moritz Wagner, Terrence Ross",15,"3",85,79,85,82,1938,1972,0,3,-3,34
"22100055","CHA","Cody Martin, Gordon Hayward, Jalen McDaniels, LaMelo Ball, Mason Plumlee",16,"3",74,77,74,80,1804,1816,0,3,-3,12
"22100055","ORL","Franz Wagner, Gary Harris, Jalen Suggs, Moritz Wagner, Terrence Ross",16,"3",85,82,91,91,1972,2151,6,9,-3,179
"22100055","CHA","Cody Martin, Gordon Hayward, Ish Smith, Jalen McDaniels, Mason Plumlee",17,"3",74,80,79,85,1816,1938,5,5,0,122
"22100055","ORL","Cole Anthony, Franz Wagner, Gary Harris, Jalen Suggs, Terrence Ross",17,"3",91,91,93,91,2151,2160,2,0,2,9
"22100055","CHA","Cody Martin, Gordon Hayward, Ish Smith, Jalen McDaniels, Miles Bridges",18,"3",79,85,91,93,1938,2160,12,8,4,222
"22100055","ORL","Cole Anthony, Gary Harris, Mo Bamba, R.J. Hampton, Wendell Carter Jr.",18,"4",93,91,98,102,2160,2406,5,11,-6,246
"22100055","CHA","Cody Martin, Jalen McDaniels, LaMelo Ball, Mason Plumlee, Miles Bridges",19,"4",91,93,94,96,2160,2296,3,3,0,136
"22100055","ORL","Cole Anthony, Gary Harris, Jalen Suggs, Mo Bamba, Wendell Carter Jr.",19,"4",98,102,98,102,2406,2406,0,0,0,0
"22100055","CHA","Cody Martin, Jalen McDaniels, Kelly Oubre Jr., LaMelo Ball, Mason Plumlee",20,"4",94,96,102,98,2296,2406,8,2,6,110
"22100055","ORL","Franz Wagner, Gary Harris, Jalen Suggs, Mo Bamba, Wendell Carter Jr.",20,"4",98,102,100,104,2406,2485,2,2,0,79
"22100055","CHA","Gordon Hayward, Jalen McDaniels, Kelly Oubre Jr., LaMelo Ball, Mason Plumlee",21,"4",102,98,104,100,2406,2485,2,2,0,79
"22100055","ORL","Franz Wagner, Gary Harris, Jalen Suggs, Mo Bamba, Terrence Ross",21,"4",100,104,101,106,2485,2649,1,2,-1,164
"22100055","CHA","Gordon Hayward, Kelly Oubre Jr., LaMelo Ball, Mason Plumlee, Miles Bridges",22,"4",104,100,106,101,2485,2649,2,1,1,164
"22100055","ORL","Cole Anthony, Franz Wagner, Gary Harris, Jalen Suggs, Terrence Ross",22,"4",101,106,101,106,2649,2649,0,0,0,0
"22100055","CHA","Cody Martin, Gordon Hayward, Kelly Oubre Jr., Mason Plumlee, Miles Bridges",23,"4",106,101,106,101,2649,2649,0,0,0,0
"22100055","ORL","Cole Anthony, Franz Wagner, Jalen Suggs, Terrence Ross, Wendell Carter Jr.",23,"4",101,106,111,120,2649,2880,10,14,-4,231
"22100055","CHA","Cody Martin, Gordon Hayward, Ish Smith, Mason Plumlee, Miles Bridges",24,"4",106,101,118,111,2649,2847,12,10,2,198
"22100055","CHA","Cody Martin, Gordon Hayward, Ish Smith, Kelly Oubre Jr., Miles Bridges",25,"4",118,111,120,111,2847,2880,2,0,2,33
"22100056","BOS","Al Horford, Jaylen Brown, Jayson Tatum, Marcus Smart, Robert Williams III",0,"1",0,0,12,6,0,347,12,6,6,347
"22100056","WAS","Bradley Beal, Daniel Gafford, Kentavious Caldwell-Pope, Kyle Kuzma, Spencer Dinwiddie",0,"1",0,0,6,12,0,347,6,12,-6,347
"22100056","BOS","Al Horford, Grant Williams, Jaylen Brown, Marcus Smart, Robert Williams III",1,"1",12,6,12,6,347,347,0,0,0,0
"22100056","WAS","Bradley Beal, Daniel Gafford, Deni Avdija, Kyle Kuzma, Spencer Dinwiddie",1,"1",6,12,6,12,347,347,0,0,0,0
"22100056","BOS","Al Horford, Dennis Schroder, Grant Williams, Jaylen Brown, Marcus Smart",2,"1",12,6,14,10,347,442,2,4,-2,95
"22100056","WAS","Aaron Holiday, Bradley Beal, Daniel Gafford, Deni Avdija, Kyle Kuzma",2,"1",6,12,6,12,347,347,0,0,0,0
"22100056","BOS","Al Horford, Dennis Schroder, Grant Williams, Jaylen Brown, Josh Richardson",3,"1",14,10,16,16,442,534,2,6,-4,92
"22100056","WAS","Aaron Holiday, Bradley Beal, Deni Avdija, Kyle Kuzma, Montrezl Harrell",3,"1",6,12,10,14,347,442,4,2,2,95
"22100056","BOS","Al Horford, Dennis Schroder, Grant Williams, Jayson Tatum, Josh Richardson",4,"1",16,16,16,16,534,534,0,0,0,0
"22100056","WAS","Aaron Holiday, Bradley Beal, Davis Bertans, Deni Avdija, Montrezl Harrell",4,"1",10,14,16,16,442,534,6,2,4,92
"22100056","BOS","Dennis Schroder, Grant Williams, Jayson Tatum, Josh Richardson, Robert Williams III",5,"1",16,16,19,24,534,720,3,8,-5,186
"22100056","WAS","Aaron Holiday, Corey Kispert, Davis Bertans, Deni Avdija, Montrezl Harrell",5,"1",16,16,21,18,534,589,5,2,3,55
"22100056","BOS","Al Horford, Jabari Parker, Jayson Tatum, Josh Richardson, Marcus Smart",6,"2",19,24,24,35,720,883,5,11,-6,163
"22100056","WAS","Corey Kispert, Davis Bertans, Deni Avdija, Montrezl Harrell, Spencer Dinwiddie",6,"1",21,18,21,18,589,589,0,0,0,0
"22100056","BOS","Al Horford, Dennis Schroder, Jabari Parker, Josh Richardson, Marcus Smart",7,"2",24,35,24,35,883,883,0,0,0,0
"22100056","WAS","Corey Kispert, Davis Bertans, Kentavious Caldwell-Pope, Montrezl Harrell, Spencer Dinwiddie",7,"1",21,18,24,19,589,703,3,1,2,114
"22100056","BOS","Al Horford, Dennis Schroder, Jabari Parker, Jaylen Brown, Marcus Smart",8,"2",24,35,38,44,883,1159,14,9,5,276
"22100056","WAS","Aaron Holiday, Davis Bertans, Kentavious Caldwell-Pope, Montrezl Harrell, Spencer Dinwiddie",8,"1",24,19,24,19,703,703,0,0,0,0
"22100056","BOS","Al Horford, Dennis Schroder, Jabari Parker, Jaylen Brown, Jayson Tatum",9,"2",38,44,38,44,1159,1159,0,0,0,0
"22100056","WAS","Aaron Holiday, Kentavious Caldwell-Pope, Kyle Kuzma, Montrezl Harrell, Spencer Dinwiddie",9,"1",24,19,24,19,703,720,0,0,0,17
"22100056","BOS","Dennis Schroder, Jabari Parker, Jaylen Brown, Jayson Tatum, Robert Williams III",10,"2",38,44,44,53,1159,1261,6,9,-3,102
"22100056","WAS","Corey Kispert, Davis Bertans, Kentavious Caldwell-Pope, Montrezl Harrell, Spencer Dinwiddie",10,"2",24,19,38,31,720,967,14,12,2,247
"22100056","BOS","Dennis Schroder, Jaylen Brown, Jayson Tatum, Marcus Smart, Robert Williams III",11,"2",44,53,52,62,1261,1440,8,9,-1,179
"22100056","WAS","Corey Kispert, Davis Bertans, Deni Avdija, Montrezl Harrell, Spencer Dinwiddie",11,"2",38,31,38,31,967,967,0,0,0,0
"22100056","BOS","Al Horford, Jaylen Brown, Jayson Tatum, Marcus Smart, Robert Williams III",12,"3",52,62,62,73,1440,1752,10,11,-1,312
"22100056","WAS","Davis Bertans, Deni Avdija, Kyle Kuzma, Montrezl Harrell, Spencer Dinwiddie",12,"2",38,31,38,31,967,967,0,0,0,0
"22100056","BOS","Dennis Schroder, Jaylen Brown, Jayson Tatum, Marcus Smart, Robert Williams III",13,"3",62,73,68,79,1752,1870,6,6,0,118
"22100056","WAS","Bradley Beal, Davis Bertans, Deni Avdija, Kyle Kuzma, Montrezl Harrell",13,"2",38,31,38,31,967,967,0,0,0,0
"22100056","BOS","Dennis Schroder, Grant Williams, Jayson Tatum, Marcus Smart, Robert Williams III",14,"3",68,79,68,79,1870,1870,0,0,0,0
"22100056","WAS","Aaron Holiday, Bradley Beal, Deni Avdija, Kyle Kuzma, Montrezl Harrell",14,"2",38,31,44,38,967,1159,6,7,-1,192
"22100056","BOS","Dennis Schroder, Grant Williams, Jayson Tatum, Josh Richardson, Marcus Smart",15,"3",68,79,76,80,1870,1997,8,1,7,127
"22100056","WAS","Aaron Holiday, Bradley Beal, Daniel Gafford, Deni Avdija, Kyle Kuzma",15,"2",44,38,51,42,1159,1240,7,4,3,81
"22100056","BOS","Dennis Schroder, Grant Williams, Jayson Tatum, Josh Richardson, Robert Williams III",16,"3",76,80,86,87,1997,2146,10,7,3,149
"22100056","WAS","Aaron Holiday, Bradley Beal, Deni Avdija, Kyle Kuzma, Montrezl Harrell",16,"2",51,42,55,44,1240,1337,4,2,2,97
"22100056","BOS","Dennis Schroder, Grant Williams, Jayson Tatum, Josh Richardson, Marcus Smart",17,"3",86,87,86,87,2146,2160,0,0,0,14
"22100056","WAS","Aaron Holiday, Bradley Beal, Kentavious Caldwell-Pope, Kyle Kuzma, Montrezl Harrell",17,"2",55,44,55,44,1337,1337,0,0,0,0
"22100056","BOS","Dennis Schroder, Grant Williams, Jaylen Brown, Josh Richardson, Robert Williams III",18,"4",86,87,90,94,2160,2356,4,7,-3,196
"22100056","WAS","Bradley Beal, Kentavious Caldwell-Pope, Kyle Kuzma, Montrezl Harrell, Spencer Dinwiddie",18,"2",55,44,62,52,1337,1440,7,8,-1,103
"22100056","WAS","Bradley Beal, Kentavious Caldwell-Pope, Kyle Kuzma, Montrezl Harrell, Spencer Dinwiddie",18,"3",62,52,73,62,1440,1752,11,10,1,312
"22100056","BOS","Dennis Schroder, Grant Williams, Jaylen Brown, Marcus Smart, Robert Williams III",19,"4",90,94,94,95,2356,2437,4,1,3,81
"22100056","WAS","Aaron Holiday, Bradley Beal, Kentavious Caldwell-Pope, Kyle Kuzma, Montrezl Harrell",19,"3",73,62,79,64,1752,1806,6,2,4,54
"22100056","BOS","Dennis Schroder, Jaylen Brown, Jayson Tatum, Marcus Smart, Robert Williams III",20,"4",94,95,94,103,2437,2596,0,8,-8,159
"22100056","WAS","Aaron Holiday, Bradley Beal, Deni Avdija, Kyle Kuzma, Montrezl Harrell",20,"3",79,64,79,66,1806,1837,0,2,-2,31
"22100056","BOS","Al Horford, Dennis Schroder, Jaylen Brown, Jayson Tatum, Marcus Smart",21,"4",94,103,107,116,2596,2880,13,13,0,284
"22100056","WAS","Aaron Holiday, Bradley Beal, Davis Bertans, Deni Avdija, Kyle Kuzma",21,"3",79,66,80,76,1837,1997,1,10,-9,160
"22100056","WAS","Bradley Beal, Davis Bertans, Deni Avdija, Kyle Kuzma, Montrezl Harrell",22,"3",80,76,80,76,1997,1997,0,0,0,0
"22100056","WAS","Bradley Beal, Davis Bertans, Deni Avdija, Kentavious Caldwell-Pope, Montrezl Harrell",23,"3",80,76,80,76,1997,1997,0,0,0,0
"22100056","WAS","Bradley Beal, Davis Bertans, Kentavious Caldwell-Pope, Montrezl Harrell, Spencer Dinwiddie",24,"3",80,76,80,78,1997,2024,0,2,-2,27
"22100056","WAS","Corey Kispert, Davis Bertans, Kentavious Caldwell-Pope, Montrezl Harrell, Spencer Dinwiddie",25,"3",80,78,87,86,2024,2160,7,8,-1,136
"22100056","WAS","Corey Kispert, Davis Bertans, Kentavious Caldwell-Pope, Montrezl Harrell, Spencer Dinwiddie",25,"4",87,86,94,90,2160,2356,7,4,3,196
"22100056","WAS","Bradley Beal, Davis Bertans, Kentavious Caldwell-Pope, Montrezl Harrell, Spencer Dinwiddie",26,"4",94,90,94,90,2356,2356,0,0,0,0
"22100056","WAS","Aaron Holiday, Bradley Beal, Davis Bertans, Kentavious Caldwell-Pope, Montrezl Harrell",27,"4",94,90,94,90,2356,2385,0,0,0,29
"22100056","WAS","Aaron Holiday, Bradley Beal, Davis Bertans, Kyle Kuzma, Montrezl Harrell",28,"4",94,90,94,90,2385,2385,0,0,0,0
"22100056","WAS","Aaron Holiday, Bradley Beal, Deni Avdija, Kyle Kuzma, Montrezl Harrell",29,"4",94,90,103,94,2385,2596,9,4,5,211
"22100056","WAS","Aaron Holiday, Bradley Beal, Kentavious Caldwell-Pope, Kyle Kuzma, Montrezl Harrell",30,"4",103,94,103,94,2596,2608,0,0,0,12
"22100056","WAS","Bradley Beal, Kentavious Caldwell-Pope, Kyle Kuzma, Montrezl Harrell, Spencer Dinwiddie",31,"4",103,94,116,107,2608,2880,13,13,0,272
"22100057","BKN","Blake Griffin, Bruce Brown, James Harden, Joe Harris, Kevin Durant",0,"1",0,0,10,9,0,257,10,9,1,257
"22100057","MIA","Bam Adebayo, Duncan Robinson, Jimmy Butler, Kyle Lowry, P.J. Tucker",0,"1",0,0,15,18,0,422,15,18,-3,422
"22100057","BKN","Blake Griffin, James Harden, Joe Harris, Kevin Durant, Patty Mills",1,"1",10,9,13,15,257,349,3,6,-3,92
"22100057","MIA","Bam Adebayo, Dewayne Dedmon, Duncan Robinson, Jimmy Butler, P.J. Tucker",1,"1",15,18,15,18,422,422,0,0,0,0
"22100057","BKN","James Harden, Joe Harris, Kevin Durant, LaMarcus Aldridge, Patty Mills",2,"1",13,15,18,25,349,577,5,10,-5,228
"22100057","MIA","Dewayne Dedmon, Duncan Robinson, Jimmy Butler, P.J. Tucker, Tyler Herro",2,"1",15,18,27,20,422,629,12,2,10,207
"22100057","BKN","Bruce Brown, James Harden, Kevin Durant, LaMarcus Aldridge, Patty Mills",3,"1",18,25,18,25,577,577,0,0,0,0
"22100057","MIA","Dewayne Dedmon, Duncan Robinson, Kyle Lowry, P.J. Tucker, Tyler Herro",3,"1",27,20,27,20,629,629,0,0,0,0
"22100057","BKN","Bruce Brown, DeAndre' Bembry, Kevin Durant, LaMarcus Aldridge, Patty Mills",4,"1",18,25,22,29,577,720,4,4,0,143
"22100057","MIA","Dewayne Dedmon, Kyle Lowry, Max Strus, P.J. Tucker, Tyler Herro",4,"1",27,20,29,22,629,720,2,2,0,91
"22100057","BKN","Bruce Brown, DeAndre' Bembry, Jevon Carter, Joe Harris, Paul Millsap",5,"2",22,29,29,37,720,979,7,8,-1,259
"22100057","MIA","Dewayne Dedmon, Kyle Lowry, Markieff Morris, Max Strus, Tyler Herro",5,"2",29,22,33,27,720,838,4,5,-1,118
"22100057","BKN","Bruce Brown, DeAndre' Bembry, James Harden, Joe Harris, Paul Millsap",6,"2",29,37,32,41,979,1064,3,4,-1,85
"22100057","MIA","Bam Adebayo, Kyle Lowry, Markieff Morris, Max Strus, Tyler Herro",6,"2",33,27,37,29,838,979,4,2,2,141
"22100057","BKN","Bruce Brown, DeAndre' Bembry, James Harden, Kevin Durant, Paul Millsap",7,"2",32,41,32,41,1064,1064,0,0,0,0
"22100057","MIA","Bam Adebayo, Jimmy Butler, Kyle Lowry, Markieff Morris, Max Strus",7,"2",37,29,41,32,979,1064,4,3,1,85
"22100057","BKN","Blake Griffin, Bruce Brown, DeAndre' Bembry, James Harden, Kevin Durant",8,"2",32,41,32,41,1064,1064,0,0,0,0
"22100057","MIA","Bam Adebayo, Jimmy Butler, Markieff Morris, Max Strus, Tyler Herro",8,"2",41,32,43,34,1064,1113,2,2,0,49
"22100057","BKN","Blake Griffin, Bruce Brown, James Harden, Kevin Durant, Patty Mills",9,"2",32,41,51,49,1064,1439,19,8,11,375
"22100057","MIA","Bam Adebayo, Duncan Robinson, Jimmy Butler, Markieff Morris, Tyler Herro",9,"2",43,34,43,40,1113,1158,0,6,-6,45
"22100057","BKN","Blake Griffin, James Harden, Joe Harris, Kevin Durant, Patty Mills",10,"2",51,49,51,49,1439,1440,0,0,0,1
"22100057","MIA","Bam Adebayo, Dewayne Dedmon, Duncan Robinson, Jimmy Butler, Tyler Herro",10,"2",43,40,43,40,1158,1158,0,0,0,0
"22100057","BKN","Blake Griffin, Bruce Brown, James Harden, Joe Harris, Kevin Durant",11,"3",51,49,57,58,1440,1658,6,9,-3,218
"22100057","MIA","Dewayne Dedmon, Duncan Robinson, Jimmy Butler, P.J. Tucker, Tyler Herro",11,"2",43,40,47,43,1158,1273,4,3,1,115
"22100057","BKN","Blake Griffin, James Harden, Joe Harris, Kevin Durant, Patty Mills",12,"3",57,58,62,66,1658,1829,5,8,-3,171
"22100057","MIA","Duncan Robinson, Jimmy Butler, Kyle Lowry, P.J. Tucker, Tyler Herro",12,"2",47,43,47,43,1273,1273,0,0,0,0
"22100057","BKN","James Harden, Joe Harris, Kevin Durant, LaMarcus Aldridge, Patty Mills",13,"3",62,66,62,66,1829,1829,0,0,0,0
"22100057","MIA","Bam Adebayo, Duncan Robinson, Jimmy Butler, Kyle Lowry, Tyler Herro",13,"2",47,43,47,48,1273,1327,0,5,-5,54
"22100057","BKN","Bruce Brown, James Harden, Kevin Durant, LaMarcus Aldridge, Patty Mills",14,"3",62,66,69,73,1829,1985,7,7,0,156
"22100057","MIA","Bam Adebayo, Jimmy Butler, Kyle Lowry, Markieff Morris, Tyler Herro",14,"2",47,48,49,51,1327,1440,2,3,-1,113
"22100057","BKN","Bruce Brown, Joe Harris, Kevin Durant, LaMarcus Aldridge, Patty Mills",15,"3",69,73,74,81,1985,2160,5,8,-3,175
"22100057","MIA","Bam Adebayo, Duncan Robinson, Jimmy Butler, Kyle Lowry, P.J. Tucker",15,"3",49,51,66,62,1440,1829,17,11,6,389
"22100057","BKN","DeAndre' Bembry, James Harden, Joe Harris, Patty Mills, Paul Millsap",16,"4",74,81,82,88,2160,2368,8,7,1,208
"22100057","MIA","Bam Adebayo, Duncan Robinson, Jimmy Butler, P.J. Tucker, Tyler Herro",16,"3",66,62,66,62,1829,1829,0,0,0,0
"22100057","BKN","James Harden, Joe Harris, Kevin Durant, Patty Mills, Paul Millsap",17,"4",82,88,84,90,2368,2467,2,2,0,99
"22100057","MIA","Dewayne Dedmon, Duncan Robinson, Jimmy Butler, P.J. Tucker, Tyler Herro",17,"3",66,62,80,74,1829,2120,14,12,2,291
"22100057","BKN","Bruce Brown, Joe Harris, Kevin Durant, Patty Mills, Paul Millsap",18,"4",84,90,87,92,2467,2540,3,2,1,73
"22100057","MIA","Dewayne Dedmon, Duncan Robinson, Kyle Lowry, P.J. Tucker, Tyler Herro",18,"3",80,74,81,74,2120,2131,1,0,1,11
"22100057","BKN","Bruce Brown, James Harden, Joe Harris, Kevin Durant, Paul Millsap",19,"4",87,92,89,96,2540,2639,2,4,-2,99
"22100057","MIA","Dewayne Dedmon, Kyle Lowry, Max Strus, P.J. Tucker, Tyler Herro",19,"3",81,74,81,74,2131,2160,0,0,0,29
"22100057","BKN","Bruce Brown, James Harden, Kevin Durant, Patty Mills, Paul Millsap",20,"4",89,96,89,100,2639,2740,0,4,-4,101
"22100057","MIA","Bam Adebayo, Kyle Lowry, Markieff Morris, Max Strus, Tyler Herro",20,"4",81,74,88,82,2160,2368,7,8,-1,208
"22100057","BKN","Bruce Brown, James Harden, Joe Harris, Kevin Durant, Patty Mills",21,"4",89,100,89,104,2740,2786,0,4,-4,46
"22100057","MIA","Bam Adebayo, Jimmy Butler, Kyle Lowry, Markieff Morris, Tyler Herro",21,"4",88,82,90,84,2368,2467,2,2,0,99
"22100057","BKN","Bruce Brown, DeAndre' Bembry, James Harden, Joe Harris, Patty Mills",22,"4",89,104,89,104,2786,2786,0,0,0,0
"22100057","MIA","Bam Adebayo, Jimmy Butler, Markieff Morris, P.J. Tucker, Tyler Herro",22,"4",90,84,90,84,2467,2467,0,0,0,0
"22100057","BKN","Bruce Brown, DeAndre' Bembry, James Harden, Jevon Carter, Joe Harris",23,"4",89,104,89,104,2786,2786,0,0,0,0
"22100057","MIA","Duncan Robinson, Jimmy Butler, Markieff Morris, P.J. Tucker, Tyler Herro",23,"4",90,84,90,84,2467,2467,0,0,0,0
"22100057","BKN","Bruce Brown, Cam Thomas, DeAndre' Bembry, Jevon Carter, Joe Harris",24,"4",89,104,89,104,2786,2786,0,0,0,0
"22100057","MIA","Dewayne Dedmon, Duncan Robinson, Jimmy Butler, P.J. Tucker, Tyler Herro",24,"4",90,84,92,87,2467,2540,2,3,-1,73
"22100057","BKN","Bruce Brown, Cam Thomas, Day'Ron Sharpe, DeAndre' Bembry, Jevon Carter",25,"4",89,104,93,106,2786,2880,4,2,2,94
"22100057","MIA","Dewayne Dedmon, Duncan Robinson, Jimmy Butler, Kyle Lowry, P.J. Tucker",25,"4",92,87,94,89,2540,2625,2,2,0,85
"22100057","MIA","Bam Adebayo, Duncan Robinson, Jimmy Butler, Kyle Lowry, P.J. Tucker",26,"4",94,89,104,91,2625,2829,10,2,8,204
"22100057","MIA","Bam Adebayo, Duncan Robinson, Gabe Vincent, Jimmy Butler, P.J. Tucker",27,"4",104,91,104,91,2829,2829,0,0,0,0
"22100057","MIA","Duncan Robinson, Gabe Vincent, Jimmy Butler, KZ Okpala, P.J. Tucker",28,"4",104,91,104,91,2829,2829,0,0,0,0
"22100057","MIA","Caleb Martin, Duncan Robinson, Gabe Vincent, Jimmy Butler, KZ Okpala",29,"4",104,91,104,91,2829,2829,0,0,0,0
"22100057","MIA","Caleb Martin, Duncan Robinson, Gabe Vincent, KZ Okpala, Max Strus",30,"4",104,91,104,91,2829,2829,0,0,0,0
"22100057","MIA","Caleb Martin, Gabe Vincent, KZ Okpala, Max Strus, Omer Yurtseven",31,"4",104,91,106,93,2829,2880,2,2,0,51
"22100058","IND","Chris Duarte, Domantas Sabonis, Justin Holiday, Malcolm Brogdon, Myles Turner",0,"1",0,0,8,9,0,319,8,9,-1,319
"22100058","TOR","Fred VanVleet, Gary Trent Jr., OG Anunoby, Precious Achiuwa, Scottie Barnes",0,"1",0,0,16,14,0,449,16,14,2,449
"22100058","IND","Domantas Sabonis, Jeremy Lamb, Justin Holiday, Malcolm Brogdon, Myles Turner",1,"1",8,9,8,9,319,319,0,0,0,0
"22100058","TOR","Fred VanVleet, Gary Trent Jr., Khem Birch, OG Anunoby, Precious Achiuwa",1,"1",16,14,16,14,449,449,0,0,0,0
"22100058","IND","Jeremy Lamb, Justin Holiday, Malcolm Brogdon, Myles Turner, Oshae Brissett",2,"1",8,9,14,16,319,462,6,7,-1,143
"22100058","TOR","Chris Boucher, Fred VanVleet, Gary Trent Jr., Khem Birch, OG Anunoby",2,"1",16,14,16,14,449,449,0,0,0,0
"22100058","IND","Chris Duarte, Jeremy Lamb, Justin Holiday, Myles Turner, Oshae Brissett",3,"1",14,16,14,16,462,462,0,0,0,0
"22100058","TOR","Chris Boucher, Dalano Banton, Gary Trent Jr., Khem Birch, OG Anunoby",3,"1",16,14,22,18,449,563,6,4,2,114
"22100058","IND","Chris Duarte, Domantas Sabonis, Jeremy Lamb, Myles Turner, Oshae Brissett",4,"1",14,16,14,16,462,462,0,0,0,0
"22100058","TOR","Chris Boucher, Dalano Banton, Fred VanVleet, Khem Birch, OG Anunoby",4,"1",22,18,29,22,563,700,7,4,3,137
"22100058","IND","Chris Duarte, Domantas Sabonis, Jeremy Lamb, Oshae Brissett, T.J. McConnell",5,"1",14,16,22,29,462,700,8,13,-5,238
"22100058","TOR","Chris Boucher, Fred VanVleet, Khem Birch, OG Anunoby, Scottie Barnes",5,"1",29,22,29,24,700,720,0,2,-2,20
"22100058","IND","Chris Duarte, Domantas Sabonis, Jeremy Lamb, Justin Holiday, Oshae Brissett",6,"1",22,29,22,29,700,700,0,0,0,0
"22100058","TOR","Chris Boucher, Dalano Banton, Khem Birch, Scottie Barnes, Svi Mykhailiuk",6,"2",29,24,31,31,720,846,2,7,-5,126
"22100058","IND","Chris Duarte, Domantas Sabonis, Jeremy Lamb, Justin Holiday, Malcolm Brogdon",7,"1",22,29,24,29,700,720,2,0,2,20
"22100058","IND","Chris Duarte, Domantas Sabonis, Jeremy Lamb, Justin Holiday, Malcolm Brogdon",7,"2",24,29,31,31,720,846,7,2,5,126
"22100058","TOR","Dalano Banton, Gary Trent Jr., Khem Birch, Scottie Barnes, Svi Mykhailiuk",7,"2",31,31,37,38,846,979,6,7,-1,133
"22100058","IND","Chris Duarte, Jeremy Lamb, Justin Holiday, Malcolm Brogdon, Myles Turner",8,"2",31,31,31,31,846,855,0,0,0,9
"22100058","TOR","Dalano Banton, Fred VanVleet, Gary Trent Jr., Scottie Barnes, Svi Mykhailiuk",8,"2",37,38,37,38,979,979,0,0,0,0
"22100058","IND","Brad Wanamaker, Chris Duarte, Justin Holiday, Malcolm Brogdon, Myles Turner",9,"2",31,31,33,31,855,865,2,0,2,10
"22100058","TOR","Fred VanVleet, Gary Trent Jr., Precious Achiuwa, Scottie Barnes, Svi Mykhailiuk",9,"2",37,38,41,42,979,1090,4,4,0,111
"22100058","IND","Brad Wanamaker, Justin Holiday, Malcolm Brogdon, Myles Turner, Oshae Brissett",10,"2",33,31,42,41,865,1090,9,10,-1,225
"22100058","TOR","Fred VanVleet, Gary Trent Jr., OG Anunoby, Precious Achiuwa, Svi Mykhailiuk",10,"2",41,42,44,42,1090,1214,3,0,3,124
"22100058","IND","Brad Wanamaker, Justin Holiday, Myles Turner, Oshae Brissett, T.J. McConnell",11,"2",42,41,42,41,1090,1090,0,0,0,0
"22100058","TOR","Fred VanVleet, Gary Trent Jr., OG Anunoby, Precious Achiuwa, Scottie Barnes",11,"2",44,42,57,48,1214,1440,13,6,7,226
"22100058","TOR","Fred VanVleet, Gary Trent Jr., OG Anunoby, Precious Achiuwa, Scottie Barnes",11,"3",57,48,68,60,1440,1839,11,12,-1,399
"22100058","IND","Brad Wanamaker, Domantas Sabonis, Justin Holiday, Myles Turner, T.J. McConnell",12,"2",42,41,42,42,1090,1108,0,1,-1,18
"22100058","TOR","Chris Boucher, Fred VanVleet, Gary Trent Jr., OG Anunoby, Precious Achiuwa",12,"3",68,60,68,60,1839,1839,0,0,0,0
"22100058","IND","Chris Duarte, Domantas Sabonis, Justin Holiday, Myles Turner, T.J. McConnell",13,"2",42,42,42,44,1108,1170,0,2,-2,62
"22100058","TOR","Chris Boucher, Dalano Banton, Gary Trent Jr., OG Anunoby, Precious Achiuwa",13,"3",68,60,69,60,1839,1866,1,0,1,27
"22100058","IND","Chris Duarte, Domantas Sabonis, Justin Holiday, Malcolm Brogdon, Myles Turner",14,"2",42,44,42,44,1170,1214,0,0,0,44
"22100058","TOR","Chris Boucher, Dalano Banton, Gary Trent Jr., Khem Birch, OG Anunoby",14,"3",69,60,75,65,1866,2022,6,5,1,156
"22100058","IND","Chris Duarte, Domantas Sabonis, Justin Holiday, Malcolm Brogdon, Oshae Brissett",15,"2",42,44,42,48,1214,1282,0,4,-4,68
"22100058","TOR","Chris Boucher, Dalano Banton, Fred VanVleet, Khem Birch, OG Anunoby",15,"3",75,65,78,66,2022,2056,3,1,2,34
"22100058","IND","Chris Duarte, Domantas Sabonis, Jeremy Lamb, Malcolm Brogdon, Oshae Brissett",16,"2",42,48,48,57,1282,1440,6,9,-3,158
"22100058","TOR","Chris Boucher, Dalano Banton, Fred VanVleet, Khem Birch, Scottie Barnes",16,"3",78,66,87,71,2056,2160,9,5,4,104
"22100058","TOR","Chris Boucher, Dalano Banton, Fred VanVleet, Khem Birch, Scottie Barnes",16,"4",87,71,89,74,2160,2235,2,3,-1,75
"22100058","IND","Chris Duarte, Domantas Sabonis, Justin Holiday, Malcolm Brogdon, Myles Turner",17,"3",48,57,52,63,1440,1626,4,6,-2,186
"22100058","TOR","Chris Boucher, Fred VanVleet, Khem Birch, Scottie Barnes, Svi Mykhailiuk",17,"4",89,74,96,78,2235,2387,7,4,3,152
"22100058","IND","Chris Duarte, Domantas Sabonis, Justin Holiday, Myles Turner, T.J. McConnell",18,"3",52,63,60,68,1626,1839,8,5,3,213
"22100058","TOR","Chris Boucher, Fred VanVleet, Khem Birch, OG Anunoby, Scottie Barnes",18,"4",96,78,100,83,2387,2512,4,5,-1,125
"22100058","IND","Chris Duarte, Justin Holiday, Myles Turner, Oshae Brissett, T.J. McConnell",19,"3",60,68,60,69,1839,1866,0,1,-1,27
"22100058","TOR","Chris Boucher, Fred VanVleet, Gary Trent Jr., OG Anunoby, Scottie Barnes",19,"4",100,83,100,83,2512,2512,0,0,0,0
"22100058","IND","Chris Duarte, Jeremy Lamb, Myles Turner, Oshae Brissett, T.J. McConnell",20,"3",60,69,62,73,1866,1960,2,4,-2,94
"22100058","TOR","Fred VanVleet, Gary Trent Jr., OG Anunoby, Precious Achiuwa, Scottie Barnes",20,"4",100,83,111,93,2512,2759,11,10,1,247
"22100058","IND","Domantas Sabonis, Jeremy Lamb, Myles Turner, Oshae Brissett, T.J. McConnell",21,"3",62,73,62,73,1960,1960,0,0,0,0
"22100058","TOR","Dalano Banton, Fred VanVleet, Gary Trent Jr., Precious Achiuwa, Scottie Barnes",21,"4",111,93,111,93,2759,2759,0,0,0,0
"22100058","IND","Brad Wanamaker, Domantas Sabonis, Jeremy Lamb, Oshae Brissett, T.J. McConnell",22,"3",62,73,71,87,1960,2160,9,14,-5,200
"22100058","TOR","Dalano Banton, Fred VanVleet, Gary Trent Jr., Justin Champagnie, Precious Achiuwa",22,"4",111,93,111,93,2759,2759,0,0,0,0
"22100058","IND","Brad Wanamaker, Chris Duarte, Isaiah Jackson, Justin Holiday, Torrey Craig",23,"4",71,87,78,96,2160,2387,7,9,-2,227
"22100058","TOR","Dalano Banton, Gary Trent Jr., Justin Champagnie, Malachi Flynn, Precious Achiuwa",23,"4",111,93,118,95,2759,2826,7,2,5,67
"22100058","IND","Brad Wanamaker, Chris Duarte, Domantas Sabonis, Isaiah Jackson, Torrey Craig",24,"4",78,96,83,100,2387,2512,5,4,1,125
"22100058","TOR","Dalano Banton, Gary Trent Jr., Isaac Bonga, Justin Champagnie, Malachi Flynn",24,"4",118,95,118,95,2826,2826,0,0,0,0
"22100058","IND","Brad Wanamaker, Domantas Sabonis, Isaiah Jackson, T.J. McConnell, Torrey Craig",25,"4",83,100,93,111,2512,2759,10,11,-1,247
"22100058","TOR","Gary Trent Jr., Isaac Bonga, Justin Champagnie, Malachi Flynn, Sam Dekker",25,"4",118,95,118,97,2826,2852,0,2,-2,26
"22100058","IND","Brad Wanamaker, Isaiah Jackson, Oshae Brissett, T.J. McConnell, Torrey Craig",26,"4",93,111,93,111,2759,2759,0,0,0,0
"22100058","TOR","David Johnson, Isaac Bonga, Justin Champagnie, Malachi Flynn, Sam Dekker",26,"4",118,97,118,100,2852,2880,0,3,-3,28
"22100058","IND","Brad Wanamaker, Goga Bitadze, Oshae Brissett, T.J. McConnell, Torrey Craig",27,"4",93,111,100,118,2759,2880,7,7,0,121
"22100059","ATL","Bogdan Bogdanovic, Clint Capela, De'Andre Hunter, John Collins, Trae Young",0,"1",0,0,7,14,0,232,7,14,-7,232
"22100059","NOP","Brandon Ingram, Devonte' Graham, Herbert Jones, Jonas Valanciunas, Nickeil Alexander-Walker",0,"1",0,0,14,7,0,170,14,7,7,170
"22100059","ATL","Bogdan Bogdanovic, Clint Capela, De'Andre Hunter, Kevin Huerter, Trae Young",1,"1",7,14,15,24,232,468,8,10,-2,236
"22100059","NOP","Brandon Ingram, Devonte' Graham, Garrett Temple, Jonas Valanciunas, Nickeil Alexander-Walker",1,"1",14,7,18,15,170,347,4,8,-4,177
"22100059","ATL","Bogdan Bogdanovic, Clint Capela, Danilo Gallinari, Kevin Huerter, Trae Young",2,"1",15,24,15,24,468,468,0,0,0,0
"22100059","NOP","Brandon Ingram, Garrett Temple, Jonas Valanciunas, Kira Lewis Jr., Nickeil Alexander-Walker",2,"1",18,15,24,15,347,468,6,0,6,121
"22100059","ATL","Cam Reddish, Clint Capela, Danilo Gallinari, Kevin Huerter, Trae Young",3,"1",15,24,15,24,468,468,0,0,0,0
"22100059","NOP","Brandon Ingram, Garrett Temple, Jonas Valanciunas, Kira Lewis Jr., Trey Murphy III",3,"1",24,15,24,15,468,468,0,0,0,0
"22100059","ATL","Cam Reddish, Danilo Gallinari, Gorgui Dieng, Kevin Huerter, Trae Young",4,"1",15,24,19,33,468,720,4,9,-5,252
"22100059","NOP","Garrett Temple, Jonas Valanciunas, Kira Lewis Jr., Naji Marshall, Trey Murphy III",4,"1",24,15,33,19,468,695,9,4,5,227
"22100059","ATL","Cam Reddish, Danilo Gallinari, Delon Wright, Gorgui Dieng, Kevin Huerter",5,"2",19,33,19,33,720,733,0,0,0,13
"22100059","NOP","Jonas Valanciunas, Kira Lewis Jr., Naji Marshall, Nickeil Alexander-Walker, Trey Murphy III",5,"1",33,19,33,19,695,695,0,0,0,0
"22100059","ATL","Cam Reddish, Danilo Gallinari, Delon Wright, John Collins, Kevin Huerter",6,"2",19,33,36,39,733,1038,17,6,11,305
"22100059","NOP","Brandon Ingram, Kira Lewis Jr., Naji Marshall, Nickeil Alexander-Walker, Trey Murphy III",6,"1",33,19,33,19,695,720,0,0,0,25
"22100059","ATL","Cam Reddish, Danilo Gallinari, John Collins, Kevin Huerter, Trae Young",7,"2",36,39,36,39,1038,1038,0,0,0,0
"22100059","NOP","Brandon Ingram, Jaxson Hayes, Kira Lewis Jr., Naji Marshall, Nickeil Alexander-Walker",7,"2",33,19,39,36,720,1038,6,17,-11,318
"22100059","ATL","Bogdan Bogdanovic, Cam Reddish, Danilo Gallinari, John Collins, Trae Young",8,"2",36,39,36,39,1038,1038,0,0,0,0
"22100059","NOP","Brandon Ingram, Jaxson Hayes, Jonas Valanciunas, Kira Lewis Jr., Naji Marshall",8,"2",39,36,39,36,1038,1038,0,0,0,0
"22100059","ATL","Bogdan Bogdanovic, Danilo Gallinari, De'Andre Hunter, John Collins, Trae Young",9,"2",36,39,41,45,1038,1128,5,6,-1,90
"22100059","NOP","Brandon Ingram, Devonte' Graham, Jaxson Hayes, Jonas Valanciunas, Kira Lewis Jr.",9,"2",39,36,39,36,1038,1038,0,0,0,0
"22100059","ATL","Bogdan Bogdanovic, Clint Capela, De'Andre Hunter, John Collins, Trae Young",10,"2",41,45,41,45,1128,1128,0,0,0,0
"22100059","NOP","Brandon Ingram, Devonte' Graham, Jonas Valanciunas, Kira Lewis Jr., Trey Murphy III",10,"2",39,36,39,36,1038,1038,0,0,0,0
"22100059","ATL","Bogdan Bogdanovic, Cam Reddish, Clint Capela, De'Andre Hunter, Trae Young",11,"2",41,45,53,56,1128,1407,12,11,1,279
"22100059","NOP","Brandon Ingram, Devonte' Graham, Herbert Jones, Jonas Valanciunas, Trey Murphy III",11,"2",39,36,52,48,1038,1307,13,12,1,269
"22100059","ATL","Bogdan Bogdanovic, Cam Reddish, De'Andre Hunter, Gorgui Dieng, Trae Young",12,"2",53,56,53,59,1407,1440,0,3,-3,33
"22100059","NOP","Brandon Ingram, Devonte' Graham, Jonas Valanciunas, Nickeil Alexander-Walker, Trey Murphy III",12,"2",52,48,59,53,1307,1440,7,5,2,133
"22100059","ATL","Bogdan Bogdanovic, Clint Capela, De'Andre Hunter, John Collins, Trae Young",13,"3",53,59,66,65,1440,1729,13,6,7,289
"22100059","NOP","Brandon Ingram, Devonte' Graham, Herbert Jones, Jonas Valanciunas, Nickeil Alexander-Walker",13,"3",59,53,73,72,1440,1878,14,19,-5,438
"22100059","ATL","Bogdan Bogdanovic, Clint Capela, De'Andre Hunter, Kevin Huerter, Trae Young",14,"3",66,65,72,73,1729,1878,6,8,-2,149
"22100059","NOP","Brandon Ingram, Herbert Jones, Jonas Valanciunas, Nickeil Alexander-Walker, Trey Murphy III",14,"3",73,72,73,72,1878,1878,0,0,0,0
"22100059","ATL","Bogdan Bogdanovic, Cam Reddish, Clint Capela, Kevin Huerter, Trae Young",15,"3",72,73,72,75,1878,1909,0,2,-2,31
"22100059","NOP","Herbert Jones, Jonas Valanciunas, Kira Lewis Jr., Nickeil Alexander-Walker, Trey Murphy III",15,"3",73,72,75,75,1878,1975,2,3,-1,97
"22100059","ATL","Cam Reddish, Clint Capela, Danilo Gallinari, Kevin Huerter, Trae Young",16,"3",72,75,72,75,1909,1909,0,0,0,0
"22100059","NOP","Brandon Ingram, Herbert Jones, Jonas Valanciunas, Kira Lewis Jr., Trey Murphy III",16,"3",75,75,75,75,1975,2002,0,0,0,27
"22100059","ATL","Cam Reddish, Danilo Gallinari, Gorgui Dieng, Kevin Huerter, Trae Young",17,"3",72,75,75,75,1909,2002,3,0,3,93
"22100059","NOP","Brandon Ingram, Herbert Jones, Jaxson Hayes, Kira Lewis Jr., Trey Murphy III",17,"3",75,75,75,79,2002,2035,0,4,-4,33
"22100059","ATL","Cam Reddish, Danilo Gallinari, Delon Wright, Gorgui Dieng, Kevin Huerter",18,"3",75,75,84,77,2002,2160,9,2,7,158
"22100059","ATL","Cam Reddish, Danilo Gallinari, Delon Wright, Gorgui Dieng, Kevin Huerter",18,"4",84,77,84,81,2160,2222,0,4,-4,62
"22100059","NOP","Brandon Ingram, Jaxson Hayes, Kira Lewis Jr., Naji Marshall, Trey Murphy III",18,"3",75,79,77,84,2035,2160,2,5,-3,125
"22100059","ATL","Cam Reddish, Danilo Gallinari, Delon Wright, John Collins, Kevin Huerter",19,"4",84,81,87,84,2222,2354,3,3,0,132
"22100059","NOP","Brandon Ingram, Devonte' Graham, Jaxson Hayes, Naji Marshall, Trey Murphy III",19,"4",77,84,84,87,2160,2354,7,3,4,194
"22100059","ATL","Bogdan Bogdanovic, Cam Reddish, Danilo Gallinari, Delon Wright, John Collins",20,"4",87,84,87,84,2354,2354,0,0,0,0
"22100059","NOP","Brandon Ingram, Devonte' Graham, Jonas Valanciunas, Naji Marshall, Trey Murphy III",20,"4",84,87,84,87,2354,2354,0,0,0,0
"22100059","ATL","Bogdan Bogdanovic, Cam Reddish, Clint Capela, Danilo Gallinari, Delon Wright",21,"4",87,84,87,86,2354,2374,0,2,-2,20
"22100059","NOP","Devonte' Graham, Jonas Valanciunas, Naji Marshall, Nickeil Alexander-Walker, Trey Murphy III",21,"4",84,87,92,91,2354,2583,8,4,4,229
"22100059","ATL","Bogdan Bogdanovic, Cam Reddish, Clint Capela, Danilo Gallinari, Trae Young",22,"4",87,86,87,89,2374,2426,0,3,-3,52
"22100059","NOP","Brandon Ingram, Devonte' Graham, Jonas Valanciunas, Nickeil Alexander-Walker, Trey Murphy III",22,"4",92,91,92,91,2583,2583,0,0,0,0
"22100059","ATL","Bogdan Bogdanovic, Cam Reddish, Clint Capela, De'Andre Hunter, Trae Young",23,"4",87,89,87,89,2426,2426,0,0,0,0
"22100059","NOP","Brandon Ingram, Devonte' Graham, Herbert Jones, Jonas Valanciunas, Nickeil Alexander-Walker",23,"4",92,91,94,94,2583,2687,2,3,-1,104
"22100059","ATL","Bogdan Bogdanovic, Clint Capela, De'Andre Hunter, John Collins, Trae Young",24,"4",87,89,100,98,2426,2825,13,9,4,399
"22100059","NOP","Brandon Ingram, Devonte' Graham, Herbert Jones, Jonas Valanciunas, Trey Murphy III",24,"4",94,94,99,100,2687,2830,5,6,-1,143
"22100059","ATL","Bogdan Bogdanovic, Clint Capela, De'Andre Hunter, Delon Wright, John Collins",25,"4",100,98,100,99,2825,2830,0,1,-1,5
"22100059","NOP","Brandon Ingram, Devonte' Graham, Herbert Jones, Naji Marshall, Trey Murphy III",25,"4",99,100,99,100,2830,2872,0,0,0,42
"22100059","ATL","Bogdan Bogdanovic, Clint Capela, De'Andre Hunter, John Collins, Trae Young",26,"4",100,99,100,99,2830,2872,0,0,0,42
"22100059","NOP","Brandon Ingram, Devonte' Graham, Herbert Jones, Jonas Valanciunas, Trey Murphy III",26,"4",99,100,99,100,2872,2879,0,0,0,7
"22100059","ATL","Bogdan Bogdanovic, Clint Capela, De'Andre Hunter, Delon Wright, John Collins",27,"4",100,99,100,99,2872,2879,0,0,0,7
"22100059","NOP","Brandon Ingram, Devonte' Graham, Herbert Jones, Naji Marshall, Trey Murphy III",27,"4",99,100,99,102,2879,2880,0,2,-2,1
"22100059","ATL","Bogdan Bogdanovic, Clint Capela, De'Andre Hunter, John Collins, Trae Young",28,"4",100,99,100,99,2879,2879,0,0,0,0
"22100059","NOP","Brandon Ingram, Devonte' Graham, Herbert Jones, Jonas Valanciunas, Trey Murphy III",28,"4",99,102,99,102,2880,2880,0,0,0,0
"22100059","ATL","Bogdan Bogdanovic, Danilo Gallinari, De'Andre Hunter, John Collins, Trae Young",29,"4",100,99,102,99,2879,2880,2,0,2,1
"22100059","ATL","Bogdan Bogdanovic, Clint Capela, De'Andre Hunter, John Collins, Trae Young",30,"4",102,99,102,99,2880,2880,0,0,0,0
"22100060","MIL","George Hill, Giannis Antetokounmpo, Grayson Allen, Khris Middleton, Pat Connaughton",0,"1",0,0,12,21,0,319,12,21,-9,319
"22100060","MIN","Anthony Edwards, D'Angelo Russell, Jaden McDaniels, Jarred Vanderbilt, Karl-Anthony Towns",0,"1",0,0,26,17,0,416,26,17,9,416
"22100060","MIL","Bobby Portis, George Hill, Giannis Antetokounmpo, Grayson Allen, Khris Middleton",1,"1",12,21,13,21,319,322,1,0,1,3
"22100060","MIN","Anthony Edwards, Jaden McDaniels, Jarred Vanderbilt, Karl-Anthony Towns, Taurean Prince",1,"1",26,17,26,17,416,416,0,0,0,0
"22100060","MIL","Bobby Portis, Giannis Antetokounmpo, Grayson Allen, Justin Robinson, Khris Middleton",2,"1",13,21,17,26,322,416,4,5,-1,94
"22100060","MIN","Anthony Edwards, Jaden McDaniels, Karl-Anthony Towns, Patrick Beverley, Taurean Prince",2,"1",26,17,33,22,416,541,7,5,2,125
"22100060","MIL","Bobby Portis, Giannis Antetokounmpo, Justin Robinson, Khris Middleton, Rodney Hood",3,"1",17,26,17,26,416,416,0,0,0,0
"22100060","MIN","Anthony Edwards, Karl-Anthony Towns, Malik Beasley, Patrick Beverley, Taurean Prince",3,"1",33,22,33,22,541,552,0,0,0,11
"22100060","MIL","Bobby Portis, Giannis Antetokounmpo, Jordan Nwora, Justin Robinson, Rodney Hood",4,"1",17,26,22,33,416,541,5,7,-2,125
"22100060","MIN","D'Angelo Russell, Karl-Anthony Towns, Malik Beasley, Patrick Beverley, Taurean Prince",4,"1",33,22,44,34,552,720,11,12,-1,168
"22100060","MIL","Giannis Antetokounmpo, Jordan Nwora, Justin Robinson, Pat Connaughton, Rodney Hood",5,"1",22,33,22,33,541,541,0,0,0,0
"22100060","MIN","D'Angelo Russell, Malik Beasley, Naz Reid, Patrick Beverley, Taurean Prince",5,"2",44,34,54,39,720,905,10,5,5,185
"22100060","MIL","Jordan Nwora, Justin Robinson, Pat Connaughton, Rodney Hood, Thanasis Antetokounmpo",6,"1",22,33,29,42,541,664,7,9,-2,123
"22100060","MIN","D'Angelo Russell, Jordan McLaughlin, Malik Beasley, Naz Reid, Patrick Beverley",6,"2",54,39,54,39,905,905,0,0,0,0
"22100060","MIL","Jordan Nwora, Justin Robinson, Khris Middleton, Pat Connaughton, Thanasis Antetokounmpo",7,"1",29,42,34,44,664,720,5,2,3,56
"22100060","MIN","D'Angelo Russell, Jarred Vanderbilt, Jordan McLaughlin, Malik Beasley, Naz Reid",7,"2",54,39,54,39,905,933,0,0,0,28
"22100060","MIL","Bobby Portis, George Hill, Khris Middleton, Pat Connaughton, Semi Ojeleye",8,"2",34,44,34,54,720,855,0,10,-10,135
"22100060","MIN","Jaden McDaniels, Jarred Vanderbilt, Jordan McLaughlin, Malik Beasley, Naz Reid",8,"2",54,39,54,39,933,933,0,0,0,0
"22100060","MIL","Bobby Portis, George Hill, Giannis Antetokounmpo, Khris Middleton, Semi Ojeleye",9,"2",34,54,39,54,855,933,5,0,5,78
"22100060","MIN","Anthony Edwards, Jaden McDaniels, Jarred Vanderbilt, Jordan McLaughlin, Naz Reid",9,"2",54,39,56,44,933,1030,2,5,-3,97
"22100060","MIL","George Hill, Giannis Antetokounmpo, Grayson Allen, Khris Middleton, Semi Ojeleye",10,"2",39,54,41,56,933,976,2,2,0,43
"22100060","MIN","Anthony Edwards, Jaden McDaniels, Jarred Vanderbilt, Jordan McLaughlin, Karl-Anthony Towns",10,"2",56,44,61,52,1030,1227,5,8,-3,197
"22100060","MIL","George Hill, Giannis Antetokounmpo, Grayson Allen, Jordan Nwora, Khris Middleton",11,"2",41,56,44,56,976,1030,3,0,3,54
"22100060","MIN","Anthony Edwards, D'Angelo Russell, Jaden McDaniels, Jarred Vanderbilt, Karl-Anthony Towns",11,"2",61,52,64,57,1227,1335,3,5,-2,108
"22100060","MIL","George Hill, Giannis Antetokounmpo, Grayson Allen, Jordan Nwora, Rodney Hood",12,"2",44,56,50,56,1030,1109,6,0,6,79
"22100060","MIN","Anthony Edwards, D'Angelo Russell, Jaden McDaniels, Karl-Anthony Towns, Taurean Prince",12,"2",64,57,66,58,1335,1440,2,1,1,105
"22100060","MIL","Giannis Antetokounmpo, Grayson Allen, Jordan Nwora, Justin Robinson, Rodney Hood",13,"2",50,56,52,61,1109,1227,2,5,-3,118
"22100060","MIN","Anthony Edwards, D'Angelo Russell, Jaden McDaniels, Jarred Vanderbilt, Karl-Anthony Towns",13,"3",66,58,77,69,1440,1808,11,11,0,368
"22100060","MIL","Giannis Antetokounmpo, Grayson Allen, Jordan Nwora, Khris Middleton, Rodney Hood",14,"2",52,61,57,64,1227,1328,5,3,2,101
"22100060","MIN","Anthony Edwards, D'Angelo Russell, Jaden McDaniels, Karl-Anthony Towns, Malik Beasley",14,"3",77,69,82,72,1808,1888,5,3,2,80
"22100060","MIL","Giannis Antetokounmpo, Grayson Allen, Khris Middleton, Pat Connaughton, Rodney Hood",15,"2",57,64,57,64,1328,1328,0,0,0,0
"22100060","MIN","Anthony Edwards, Jaden McDaniels, Karl-Anthony Towns, Malik Beasley, Taurean Prince",15,"3",82,72,82,72,1888,1888,0,0,0,0
"22100060","MIL","Giannis Antetokounmpo, Grayson Allen, Khris Middleton, Pat Connaughton, Semi Ojeleye",16,"2",57,64,57,64,1328,1335,0,0,0,7
"22100060","MIN","Jaden McDaniels, Karl-Anthony Towns, Malik Beasley, Patrick Beverley, Taurean Prince",16,"3",82,72,90,74,1888,2057,8,2,6,169
"22100060","MIL","Grayson Allen, Khris Middleton, Pat Connaughton, Semi Ojeleye, Thanasis Antetokounmpo",17,"2",57,64,58,64,1335,1403,1,0,1,68
"22100060","MIN","D'Angelo Russell, Karl-Anthony Towns, Malik Beasley, Patrick Beverley, Taurean Prince",17,"3",90,74,94,79,2057,2160,4,5,-1,103
"22100060","MIL","Jordan Nwora, Khris Middleton, Pat Connaughton, Semi Ojeleye, Thanasis Antetokounmpo",18,"2",58,64,58,66,1403,1440,0,2,-2,37
"22100060","MIN","D'Angelo Russell, Jarred Vanderbilt, Malik Beasley, Naz Reid, Patrick Beverley",18,"4",94,79,101,88,2160,2393,7,9,-2,233
"22100060","MIL","George Hill, Giannis Antetokounmpo, Grayson Allen, Khris Middleton, Pat Connaughton",19,"3",58,66,67,77,1440,1754,9,11,-2,314
"22100060","MIN","Anthony Edwards, Jarred Vanderbilt, Malik Beasley, Naz Reid, Patrick Beverley",19,"4",101,88,101,88,2393,2393,0,0,0,0
"22100060","MIL","Bobby Portis, George Hill, Giannis Antetokounmpo, Grayson Allen, Khris Middleton",20,"3",67,77,69,77,1754,1808,2,0,2,54
"22100060","MIN","Anthony Edwards, Malik Beasley, Naz Reid, Patrick Beverley, Taurean Prince",20,"4",101,88,101,90,2393,2426,0,2,-2,33
"22100060","MIL","Bobby Portis, George Hill, Giannis Antetokounmpo, Khris Middleton, Thanasis Antetokounmpo",21,"3",69,77,69,77,1808,1808,0,0,0,0
"22100060","MIN","Anthony Edwards, Karl-Anthony Towns, Malik Beasley, Patrick Beverley, Taurean Prince",21,"4",101,90,101,90,2426,2447,0,0,0,21
"22100060","MIL","Bobby Portis, George Hill, Jordan Nwora, Khris Middleton, Thanasis Antetokounmpo",22,"3",69,77,72,82,1808,1888,3,5,-2,80
"22100060","MIN","Anthony Edwards, Jaden McDaniels, Karl-Anthony Towns, Patrick Beverley, Taurean Prince",22,"4",101,90,103,90,2447,2508,2,0,2,61
"22100060","MIL","Bobby Portis, Jordan Nwora, Justin Robinson, Khris Middleton, Thanasis Antetokounmpo",23,"3",72,82,72,84,1888,1917,0,2,-2,29
"22100060","MIN","Anthony Edwards, Jaden McDaniels, Jarred Vanderbilt, Karl-Anthony Towns, Patrick Beverley",23,"4",103,90,103,90,2508,2508,0,0,0,0
"22100060","MIL","Bobby Portis, Jordan Nwora, Justin Robinson, Rodney Hood, Thanasis Antetokounmpo",24,"3",72,84,74,87,1917,1963,2,3,-1,46
"22100060","MIN","Anthony Edwards, D'Angelo Russell, Jaden McDaniels, Jarred Vanderbilt, Karl-Anthony Towns",24,"4",103,90,108,97,2508,2701,5,7,-2,193
"22100060","MIL","Jordan Nwora, Justin Robinson, Rodney Hood, Semi Ojeleye, Thanasis Antetokounmpo",25,"3",74,87,74,88,1963,2004,0,1,-1,41
"22100060","MIN","Anthony Edwards, D'Angelo Russell, Jarred Vanderbilt, Karl-Anthony Towns, Patrick Beverley",25,"4",108,97,113,108,2701,2880,5,11,-6,179
"22100060","MIL","Jordan Nwora, Justin Robinson, Pat Connaughton, Rodney Hood, Semi Ojeleye",26,"3",74,88,74,88,2004,2004,0,0,0,0
"22100060","MIL","Giannis Antetokounmpo, Jordan Nwora, Pat Connaughton, Rodney Hood, Semi Ojeleye",27,"3",74,88,79,94,2004,2160,5,6,-1,156
"22100060","MIL","George Hill, Giannis Antetokounmpo, Khris Middleton, Pat Connaughton, Semi Ojeleye",28,"4",79,94,85,99,2160,2339,6,5,1,179
"22100060","MIL","Bobby Portis, George Hill, Giannis Antetokounmpo, Khris Middleton, Semi Ojeleye",29,"4",85,99,85,99,2339,2339,0,0,0,0
"22100060","MIL","Bobby Portis, George Hill, Giannis Antetokounmpo, Grayson Allen, Khris Middleton",30,"4",85,99,88,101,2339,2393,3,2,1,54
"22100060","MIL","Bobby Portis, George Hill, Grayson Allen, Khris Middleton, Pat Connaughton",31,"4",88,101,90,103,2393,2508,2,2,0,115
"22100060","MIL","Bobby Portis, George Hill, Giannis Antetokounmpo, Grayson Allen, Khris Middleton",32,"4",90,103,92,106,2508,2560,2,3,-1,52
"22100060","MIL","Bobby Portis, Giannis Antetokounmpo, Grayson Allen, Jordan Nwora, Khris Middleton",33,"4",92,106,92,106,2560,2560,0,0,0,0
"22100060","MIL","Bobby Portis, Giannis Antetokounmpo, Grayson Allen, Jordan Nwora, Pat Connaughton",34,"4",92,106,92,106,2560,2616,0,0,0,56
"22100060","MIL","George Hill, Giannis Antetokounmpo, Grayson Allen, Jordan Nwora, Pat Connaughton",35,"4",92,106,97,108,2616,2701,5,2,3,85
"22100060","MIL","George Hill, Giannis Antetokounmpo, Grayson Allen, Khris Middleton, Pat Connaughton",36,"4",97,108,102,108,2701,2781,5,0,5,80
"22100060","MIL","George Hill, Grayson Allen, Jordan Nwora, Khris Middleton, Pat Connaughton",37,"4",102,108,104,108,2781,2838,2,0,2,57
"22100060","MIL","George Hill, Giannis Antetokounmpo, Grayson Allen, Khris Middleton, Pat Connaughton",38,"4",104,108,108,113,2838,2880,4,5,-1,42
"22100061","LAL","Anthony Davis, DeAndre Jordan, Kent Bazemore, Malik Monk, Russell Westbrook",0,"1",0,0,21,13,0,381,21,13,8,381
"22100061","OKC","Darius Bazley, Derrick Favors, Josh Giddey, Luguentz Dort, Shai Gilgeous-Alexander",0,"1",0,0,13,21,0,381,13,21,-8,381
"22100061","LAL","Anthony Davis, Kent Bazemore, Malik Monk, Rajon Rondo, Russell Westbrook",1,"1",21,13,21,13,381,381,0,0,0,0
"22100061","OKC","Darius Bazley, Jeremiah Robinson-Earl, Josh Giddey, Luguentz Dort, Shai Gilgeous-Alexander",1,"1",13,21,13,28,381,505,0,7,-7,124
"22100061","LAL","Anthony Davis, Carmelo Anthony, Kent Bazemore, Malik Monk, Rajon Rondo",2,"1",21,13,28,13,381,505,7,0,7,124
"22100061","OKC","Aleksej Pokusevski, Darius Bazley, Jeremiah Robinson-Earl, Luguentz Dort, Shai Gilgeous-Alexander",2,"1",13,28,13,28,505,505,0,0,0,0
"22100061","LAL","Anthony Davis, Austin Reaves, Carmelo Anthony, Kent Bazemore, Rajon Rondo",3,"1",28,13,30,15,505,562,2,2,0,57
"22100061","OKC","Aleksej Pokusevski, Jeremiah Robinson-Earl, Luguentz Dort, Shai Gilgeous-Alexander, Tre Mann",3,"1",13,28,15,30,505,562,2,2,0,57
"22100061","LAL","Anthony Davis, Austin Reaves, Carmelo Anthony, Rajon Rondo, Russell Westbrook",4,"1",30,15,35,16,562,622,5,1,4,60
"22100061","OKC","Aleksej Pokusevski, Jeremiah Robinson-Earl, Kenrich Williams, Shai Gilgeous-Alexander, Tre Mann",4,"1",15,30,16,37,562,671,1,7,-6,109
"22100061","LAL","Austin Reaves, Carmelo Anthony, Dwight Howard, Rajon Rondo, Russell Westbrook",5,"1",35,16,41,19,622,720,6,3,3,98
"22100061","OKC","Aleksej Pokusevski, Jeremiah Robinson-Earl, Kenrich Williams, Shai Gilgeous-Alexander, Theo Maledon",5,"1",16,37,17,39,671,693,1,2,-1,22
"22100061","LAL","Austin Reaves, Avery Bradley, Carmelo Anthony, Dwight Howard, Russell Westbrook",6,"2",41,19,53,30,720,1026,12,11,1,306
"22100061","OKC","Gabriel Deck, Jeremiah Robinson-Earl, Kenrich Williams, Shai Gilgeous-Alexander, Theo Maledon",6,"1",17,39,19,41,693,720,2,2,0,27
"22100061","LAL","Austin Reaves, Avery Bradley, Carmelo Anthony, Dwight Howard, Rajon Rondo",7,"2",53,30,53,30,1026,1026,0,0,0,0
"22100061","OKC","Derrick Favors, Gabriel Deck, Kenrich Williams, Theo Maledon, Tre Mann",7,"2",19,41,24,49,720,873,5,8,-3,153
"22100061","LAL","Austin Reaves, Avery Bradley, Dwight Howard, Malik Monk, Rajon Rondo",8,"2",53,30,53,30,1026,1026,0,0,0,0
"22100061","OKC","Derrick Favors, Josh Giddey, Kenrich Williams, Theo Maledon, Tre Mann",8,"2",24,49,24,49,873,873,0,0,0,0
"22100061","LAL","Avery Bradley, Dwight Howard, Kent Bazemore, Malik Monk, Rajon Rondo",9,"2",53,30,60,38,1026,1120,7,8,-1,94
"22100061","OKC","Aleksej Pokusevski, Derrick Favors, Josh Giddey, Kenrich Williams, Theo Maledon",9,"2",24,49,30,53,873,1026,6,4,2,153
"22100061","LAL","Anthony Davis, Dwight Howard, Kent Bazemore, Malik Monk, Rajon Rondo",10,"2",60,38,65,42,1120,1174,5,4,1,54
"22100061","OKC","Aleksej Pokusevski, Darius Bazley, Josh Giddey, Kenrich Williams, Theo Maledon",10,"2",30,53,30,53,1026,1026,0,0,0,0
"22100061","LAL","Anthony Davis, Carmelo Anthony, Kent Bazemore, Malik Monk, Rajon Rondo",11,"2",65,42,70,44,1174,1232,5,2,3,58
"22100061","OKC","Aleksej Pokusevski, Darius Bazley, Isaiah Roby, Josh Giddey, Theo Maledon",11,"2",30,53,38,60,1026,1120,8,7,1,94
"22100061","LAL","Anthony Davis, Carmelo Anthony, Kent Bazemore, Malik Monk, Russell Westbrook",12,"2",70,44,72,56,1232,1440,2,12,-10,208
"22100061","OKC","Aleksej Pokusevski, Darius Bazley, Isaiah Roby, Josh Giddey, Shai Gilgeous-Alexander",12,"2",38,60,38,60,1120,1120,0,0,0,0
"22100061","LAL","Anthony Davis, DeAndre Jordan, Kent Bazemore, Malik Monk, Russell Westbrook",13,"3",72,56,81,70,1440,1628,9,14,-5,188
"22100061","OKC","Darius Bazley, Isaiah Roby, Josh Giddey, Luguentz Dort, Shai Gilgeous-Alexander",13,"2",38,60,44,70,1120,1232,6,10,-4,112
"22100061","LAL","Anthony Davis, Avery Bradley, DeAndre Jordan, Malik Monk, Russell Westbrook",14,"3",81,70,87,77,1628,1820,6,7,-1,192
"22100061","OKC","Darius Bazley, Isaiah Roby, Luguentz Dort, Shai Gilgeous-Alexander, Ty Jerome",14,"2",44,70,56,72,1232,1440,12,2,10,208
"22100061","LAL","Anthony Davis, Avery Bradley, Carmelo Anthony, DeAndre Jordan, Malik Monk",15,"3",87,77,87,77,1820,1820,0,0,0,0
"22100061","OKC","Darius Bazley, Derrick Favors, Josh Giddey, Luguentz Dort, Shai Gilgeous-Alexander",15,"3",56,72,77,87,1440,1820,21,15,6,380
"22100061","LAL","Anthony Davis, Avery Bradley, Carmelo Anthony, Malik Monk, Rajon Rondo",16,"3",87,77,89,80,1820,1886,2,3,-1,66
"22100061","OKC","Darius Bazley, Derrick Favors, Josh Giddey, Shai Gilgeous-Alexander, Ty Jerome",16,"3",77,87,80,89,1820,1886,3,2,1,66
"22100061","LAL","Anthony Davis, Austin Reaves, Avery Bradley, Carmelo Anthony, Malik Monk",17,"3",89,80,91,85,1886,2007,2,5,-3,121
"22100061","OKC","Darius Bazley, Isaiah Roby, Josh Giddey, Shai Gilgeous-Alexander, Ty Jerome",17,"3",80,89,83,91,1886,1965,3,2,1,79
"22100061","LAL","Anthony Davis, Austin Reaves, Avery Bradley, Carmelo Anthony, Rajon Rondo",18,"3",91,85,91,85,2007,2007,0,0,0,0
"22100061","OKC","Darius Bazley, Isaiah Roby, Kenrich Williams, Shai Gilgeous-Alexander, Ty Jerome",18,"3",83,91,85,91,1965,2019,2,0,2,54
"22100061","LAL","Anthony Davis, Austin Reaves, Carmelo Anthony, Rajon Rondo, Russell Westbrook",19,"3",91,85,95,97,2007,2160,4,12,-8,153
"22100061","OKC","Isaiah Roby, Kenrich Williams, Luguentz Dort, Shai Gilgeous-Alexander, Ty Jerome",19,"3",85,91,97,95,2019,2160,12,4,8,141
"22100061","LAL","Avery Bradley, Carmelo Anthony, Dwight Howard, Malik Monk, Russell Westbrook",20,"4",95,97,100,106,2160,2348,5,9,-4,188
"22100061","OKC","Derrick Favors, Josh Giddey, Kenrich Williams, Luguentz Dort, Ty Jerome",20,"4",97,95,108,100,2160,2379,11,5,6,219
"22100061","LAL","Avery Bradley, Carmelo Anthony, Dwight Howard, Malik Monk, Rajon Rondo",21,"4",100,106,100,106,2348,2348,0,0,0,0
"22100061","OKC","Derrick Favors, Josh Giddey, Kenrich Williams, Shai Gilgeous-Alexander, Ty Jerome",21,"4",108,100,108,100,2379,2379,0,0,0,0
"22100061","LAL","Anthony Davis, Avery Bradley, Dwight Howard, Malik Monk, Rajon Rondo",22,"4",100,106,100,108,2348,2379,0,2,-2,31
"22100061","OKC","Isaiah Roby, Josh Giddey, Kenrich Williams, Shai Gilgeous-Alexander, Ty Jerome",22,"4",108,100,108,100,2379,2465,0,0,0,86
"22100061","LAL","Anthony Davis, Avery Bradley, Kent Bazemore, Malik Monk, Rajon Rondo",23,"4",100,108,100,108,2379,2379,0,0,0,0
"22100061","OKC","Darius Bazley, Isaiah Roby, Kenrich Williams, Shai Gilgeous-Alexander, Ty Jerome",23,"4",108,100,108,100,2465,2465,0,0,0,0
"22100061","LAL","Anthony Davis, Austin Reaves, Avery Bradley, Kent Bazemore, Rajon Rondo",24,"4",100,108,100,108,2379,2379,0,0,0,0
"22100061","OKC","Darius Bazley, Isaiah Roby, Kenrich Williams, Luguentz Dort, Shai Gilgeous-Alexander",24,"4",108,100,110,104,2465,2616,2,4,-2,151
"22100061","LAL","Anthony Davis, Austin Reaves, Dwight Howard, Kent Bazemore, Rajon Rondo",25,"4",100,108,100,108,2379,2465,0,0,0,86
"22100061","OKC","Darius Bazley, Isaiah Roby, Josh Giddey, Luguentz Dort, Shai Gilgeous-Alexander",25,"4",110,104,112,107,2616,2676,2,3,-1,60
"22100061","LAL","Anthony Davis, Austin Reaves, Carmelo Anthony, Kent Bazemore, Rajon Rondo",26,"4",100,108,102,110,2465,2563,2,2,0,98
"22100061","OKC","Darius Bazley, Derrick Favors, Josh Giddey, Luguentz Dort, Shai Gilgeous-Alexander",26,"4",112,107,118,115,2676,2849,6,8,-2,173
"22100061","LAL","Anthony Davis, Austin Reaves, Carmelo Anthony, Kent Bazemore, Russell Westbrook",27,"4",102,110,104,112,2563,2648,2,2,0,85
"22100061","OKC","Darius Bazley, Derrick Favors, Kenrich Williams, Luguentz Dort, Shai Gilgeous-Alexander",27,"4",118,115,118,115,2849,2870,0,0,0,21
"22100061","LAL","Anthony Davis, Carmelo Anthony, Kent Bazemore, Malik Monk, Russell Westbrook",28,"4",104,112,115,118,2648,2875,11,6,5,227
"22100061","OKC","Darius Bazley, Josh Giddey, Kenrich Williams, Luguentz Dort, Shai Gilgeous-Alexander",28,"4",118,115,118,115,2870,2875,0,0,0,5
"22100061","LAL","Anthony Davis, Austin Reaves, Kent Bazemore, Malik Monk, Russell Westbrook",29,"4",115,118,115,120,2875,2876,0,2,-2,1
"22100061","OKC","Derrick Favors, Josh Giddey, Kenrich Williams, Luguentz Dort, Shai Gilgeous-Alexander",29,"4",118,115,120,115,2875,2876,2,0,2,1
"22100061","LAL","Anthony Davis, Austin Reaves, Malik Monk, Rajon Rondo, Russell Westbrook",30,"4",115,120,115,120,2876,2876,0,0,0,0
"22100061","OKC","Darius Bazley, Derrick Favors, Kenrich Williams, Luguentz Dort, Shai Gilgeous-Alexander",30,"4",120,115,123,115,2876,2880,3,0,3,4
"22100061","LAL","Anthony Davis, Carmelo Anthony, Malik Monk, Rajon Rondo, Russell Westbrook",31,"4",115,120,115,123,2876,2879,0,3,-3,3
"22100061","LAL","Anthony Davis, Austin Reaves, Carmelo Anthony, Malik Monk, Rajon Rondo",32,"4",115,123,115,123,2879,2880,0,0,0,1
"22100062","PHX","Chris Paul, Deandre Ayton, Devin Booker, Jae Crowder, Mikal Bridges",0,"1",0,0,20,16,0,423,20,16,4,423
"22100062","SAC","De'Aaron Fox, Harrison Barnes, Maurice Harkless, Richaun Holmes, Tyrese Haliburton",0,"1",0,0,14,18,0,323,14,18,-4,323
"22100062","PHX","Cameron Johnson, Deandre Ayton, Devin Booker, Jae Crowder, Mikal Bridges",1,"1",20,16,20,16,423,423,0,0,0,0
"22100062","SAC","Buddy Hield, De'Aaron Fox, Harrison Barnes, Maurice Harkless, Richaun Holmes",1,"1",14,18,14,18,323,323,0,0,0,0
"22100062","PHX","Cameron Johnson, Deandre Ayton, Devin Booker, Elfrid Payton, Mikal Bridges",2,"1",20,16,24,16,423,544,4,0,4,121
"22100062","SAC","Alex Len, Buddy Hield, De'Aaron Fox, Harrison Barnes, Richaun Holmes",2,"1",14,18,14,18,323,323,0,0,0,0
"22100062","PHX","Cameron Johnson, Devin Booker, Elfrid Payton, Landry Shamet, Mikal Bridges",3,"1",24,16,24,16,544,544,0,0,0,0
"22100062","SAC","Alex Len, Buddy Hield, Davion Mitchell, De'Aaron Fox, Harrison Barnes",3,"1",14,18,18,25,323,567,4,7,-3,244
"22100062","PHX","Cameron Johnson, Devin Booker, Elfrid Payton, JaVale McGee, Landry Shamet",4,"1",24,16,25,18,544,604,1,2,-1,60
"22100062","SAC","Alex Len, Buddy Hield, Davion Mitchell, Harrison Barnes, Maurice Harkless",4,"1",18,25,18,25,567,567,0,0,0,0
"22100062","PHX","Cameron Johnson, Elfrid Payton, Jae Crowder, JaVale McGee, Landry Shamet",5,"1",25,18,29,23,604,720,4,5,-1,116
"22100062","SAC","Buddy Hield, Davion Mitchell, Harrison Barnes, Maurice Harkless, Tyrese Haliburton",5,"1",18,25,18,25,567,567,0,0,0,0
"22100062","PHX","Cameron Johnson, Chris Paul, Jae Crowder, JaVale McGee, Landry Shamet",6,"2",29,23,36,25,720,874,7,2,5,154
"22100062","SAC","Buddy Hield, Davion Mitchell, Maurice Harkless, Richaun Holmes, Tyrese Haliburton",6,"1",18,25,23,29,567,720,5,4,1,153
"22100062","PHX","Abdel Nader, Cameron Johnson, Chris Paul, JaVale McGee, Landry Shamet",7,"2",36,25,36,27,874,934,0,2,-2,60
"22100062","SAC","Buddy Hield, Maurice Harkless, Richaun Holmes, Terence Davis, Tyrese Haliburton",7,"2",23,29,25,36,720,874,2,7,-5,154
"22100062","PHX","Abdel Nader, Cameron Johnson, Chris Paul, Deandre Ayton, Landry Shamet",8,"2",36,27,40,34,934,1050,4,7,-3,116
"22100062","SAC","Buddy Hield, De'Aaron Fox, Richaun Holmes, Terence Davis, Tyrese Haliburton",8,"2",25,36,25,36,874,874,0,0,0,0
"22100062","PHX","Abdel Nader, Chris Paul, Deandre Ayton, Landry Shamet, Mikal Bridges",9,"2",40,34,40,36,1050,1058,0,2,-2,8
"22100062","SAC","Buddy Hield, De'Aaron Fox, Harrison Barnes, Terence Davis, Tyrese Haliburton",9,"2",25,36,25,36,874,874,0,0,0,0
"22100062","PHX","Abdel Nader, Deandre Ayton, Devin Booker, Landry Shamet, Mikal Bridges",10,"2",40,36,40,36,1058,1058,0,0,0,0
"22100062","SAC","Alex Len, De'Aaron Fox, Harrison Barnes, Terence Davis, Tyrese Haliburton",10,"2",25,36,40,49,874,1190,15,13,2,316
"22100062","PHX","Abdel Nader, Deandre Ayton, Devin Booker, Elfrid Payton, Mikal Bridges",11,"2",40,36,49,40,1058,1190,9,4,5,132
"22100062","SAC","Alex Len, Davion Mitchell, De'Aaron Fox, Harrison Barnes, Terence Davis",11,"2",40,49,40,49,1190,1190,0,0,0,0
"22100062","PHX","Deandre Ayton, Devin Booker, Elfrid Payton, Jae Crowder, Mikal Bridges",12,"2",49,40,54,45,1190,1307,5,5,0,117
"22100062","SAC","Alex Len, Buddy Hield, Davion Mitchell, De'Aaron Fox, Harrison Barnes",12,"2",40,49,40,51,1190,1222,0,2,-2,32
"22100062","PHX","Chris Paul, Deandre Ayton, Devin Booker, Jae Crowder, Mikal Bridges",13,"2",54,45,61,53,1307,1440,7,8,-1,133
"22100062","PHX","Chris Paul, Deandre Ayton, Devin Booker, Jae Crowder, Mikal Bridges",13,"3",61,53,71,72,1440,1907,10,19,-9,467
"22100062","SAC","Buddy Hield, Davion Mitchell, De'Aaron Fox, Harrison Barnes, Richaun Holmes",13,"2",40,51,53,61,1222,1440,13,10,3,218
"22100062","PHX","Deandre Ayton, Devin Booker, Elfrid Payton, Jae Crowder, Mikal Bridges",14,"3",71,72,71,72,1907,1907,0,0,0,0
"22100062","SAC","De'Aaron Fox, Harrison Barnes, Maurice Harkless, Richaun Holmes, Tyrese Haliburton",14,"3",53,61,63,67,1440,1756,10,6,4,316
"22100062","PHX","Devin Booker, Elfrid Payton, Jae Crowder, JaVale McGee, Mikal Bridges",15,"3",71,72,71,72,1907,1907,0,0,0,0
"22100062","SAC","Buddy Hield, De'Aaron Fox, Harrison Barnes, Maurice Harkless, Richaun Holmes",15,"3",63,67,72,71,1756,1907,9,4,5,151
"22100062","PHX","Cameron Johnson, Devin Booker, Elfrid Payton, JaVale McGee, Mikal Bridges",16,"3",71,72,73,75,1907,2043,2,3,-1,136
"22100062","SAC","Alex Len, Buddy Hield, De'Aaron Fox, Harrison Barnes, Maurice Harkless",16,"3",72,71,75,73,1907,2043,3,2,1,136
"22100062","PHX","Cameron Johnson, Devin Booker, Elfrid Payton, JaVale McGee, Landry Shamet",17,"3",73,75,76,82,2043,2135,3,7,-4,92
"22100062","SAC","Alex Len, Buddy Hield, Harrison Barnes, Maurice Harkless, Tyrese Haliburton",17,"3",75,73,75,73,2043,2043,0,0,0,0
"22100062","PHX","Cameron Johnson, Elfrid Payton, Jae Crowder, JaVale McGee, Landry Shamet",18,"3",76,82,76,82,2135,2160,0,0,0,25
"22100062","SAC","Alex Len, Buddy Hield, Davion Mitchell, Harrison Barnes, Tyrese Haliburton",18,"3",75,73,82,76,2043,2135,7,3,4,92
"22100062","PHX","Cameron Johnson, Chris Paul, Jae Crowder, JaVale McGee, Landry Shamet",19,"4",76,82,82,92,2160,2369,6,10,-4,209
"22100062","SAC","Buddy Hield, Davion Mitchell, Harrison Barnes, Terence Davis, Tyrese Haliburton",19,"3",82,76,82,76,2135,2160,0,0,0,25
"22100062","PHX","Cameron Johnson, Chris Paul, Devin Booker, Jae Crowder, Landry Shamet",20,"4",82,92,82,92,2369,2369,0,0,0,0
"22100062","SAC","Buddy Hield, Maurice Harkless, Richaun Holmes, Terence Davis, Tyrese Haliburton",20,"4",82,76,86,82,2160,2301,4,6,-2,141
"22100062","PHX","Cameron Johnson, Chris Paul, Deandre Ayton, Devin Booker, Jae Crowder",21,"4",82,92,83,92,2369,2411,1,0,1,42
"22100062","SAC","Buddy Hield, Davion Mitchell, Maurice Harkless, Richaun Holmes, Tyrese Haliburton",21,"4",86,82,92,82,2301,2369,6,0,6,68
"22100062","PHX","Cameron Johnson, Chris Paul, Deandre Ayton, Devin Booker, Mikal Bridges",22,"4",83,92,85,95,2411,2465,2,3,-1,54
"22100062","SAC","Alex Len, Buddy Hield, Davion Mitchell, Maurice Harkless, Tyrese Haliburton",22,"4",92,82,92,83,2369,2411,0,1,-1,42
"22100062","PHX","Cameron Johnson, Deandre Ayton, Devin Booker, Landry Shamet, Mikal Bridges",23,"4",85,95,92,101,2465,2649,7,6,1,184
"22100062","SAC","Alex Len, Buddy Hield, Davion Mitchell, De'Aaron Fox, Tyrese Haliburton",23,"4",92,83,92,83,2411,2411,0,0,0,0
"22100062","PHX","Deandre Ayton, Devin Booker, Jae Crowder, Landry Shamet, Mikal Bridges",24,"4",92,101,100,105,2649,2762,8,4,4,113
"22100062","SAC","Alex Len, Davion Mitchell, De'Aaron Fox, Harrison Barnes, Tyrese Haliburton",24,"4",92,83,101,92,2411,2649,9,9,0,238
"22100062","PHX","Chris Paul, Deandre Ayton, Devin Booker, Jae Crowder, Mikal Bridges",25,"4",100,105,107,107,2762,2877,7,2,5,115
"22100062","SAC","Davion Mitchell, De'Aaron Fox, Harrison Barnes, Richaun Holmes, Tyrese Haliburton",25,"4",101,92,102,95,2649,2690,1,3,-2,41
"22100062","PHX","Cameron Johnson, Chris Paul, Devin Booker, Jae Crowder, Mikal Bridges",26,"4",107,107,107,110,2877,2880,0,3,-3,3
"22100062","SAC","Buddy Hield, De'Aaron Fox, Harrison Barnes, Richaun Holmes, Tyrese Haliburton",26,"4",102,95,107,107,2690,2877,5,12,-7,187
"22100062","SAC","Buddy Hield, De'Aaron Fox, Harrison Barnes, Terence Davis, Tyrese Haliburton",27,"4",107,107,107,107,2877,2879,0,0,0,2
"22100062","SAC","Buddy Hield, Davion Mitchell, De'Aaron Fox, Harrison Barnes, Tyrese Haliburton",28,"4",107,107,110,107,2879,2880,3,0,3,1
"22100063","MEM","De'Anthony Melton, Desmond Bane, Ja Morant, Jaren Jackson Jr., Steven Adams",0,"1",0,0,12,11,0,365,12,11,1,365
"22100063","POR","CJ McCollum, Damian Lillard, Jusuf Nurkic, Nassir Little, Robert Covington",0,"1",0,0,11,12,0,365,11,12,-1,365
"22100063","MEM","De'Anthony Melton, Ja Morant, Jaren Jackson Jr., Kyle Anderson, Steven Adams",1,"1",12,11,12,11,365,365,0,0,0,0
"22100063","POR","Anfernee Simons, Damian Lillard, Jusuf Nurkic, Nassir Little, Robert Covington",1,"1",11,12,14,17,365,521,3,5,-2,156
"22100063","MEM","De'Anthony Melton, Ja Morant, Kyle Anderson, Steven Adams, Ziaire Williams",2,"1",12,11,12,12,365,413,0,1,-1,48
"22100063","POR","Anfernee Simons, Cody Zeller, Damian Lillard, Nassir Little, Robert Covington",2,"1",14,17,14,17,521,521,0,0,0,0
"22100063","MEM","Brandon Clarke, Ja Morant, Kyle Anderson, Steven Adams, Ziaire Williams",3,"1",12,12,12,12,413,413,0,0,0,0
"22100063","POR","Anfernee Simons, Cody Zeller, Damian Lillard, Larry Nance Jr., Nassir Little",3,"1",14,17,17,17,521,554,3,0,3,33
"22100063","MEM","Brandon Clarke, Ja Morant, John Konchar, Kyle Anderson, Ziaire Williams",4,"1",12,12,17,17,413,554,5,5,0,141
"22100063","POR","Anfernee Simons, CJ McCollum, Cody Zeller, Larry Nance Jr., Nassir Little",4,"1",17,17,17,17,554,554,0,0,0,0
"22100063","MEM","Brandon Clarke, John Konchar, Kyle Anderson, Tyus Jones, Ziaire Williams",5,"1",17,17,22,24,554,650,5,7,-2,96
"22100063","POR","Anfernee Simons, CJ McCollum, Cody Zeller, Dennis Smith Jr., Larry Nance Jr.",5,"1",17,17,24,27,554,720,7,10,-3,166
"22100063","POR","Anfernee Simons, CJ McCollum, Cody Zeller, Dennis Smith Jr., Larry Nance Jr.",5,"2",24,27,32,35,720,908,8,8,0,188
"22100063","MEM","Brandon Clarke, Desmond Bane, John Konchar, Kyle Anderson, Tyus Jones",6,"1",22,24,27,24,650,720,5,0,5,70
"22100063","POR","Anfernee Simons, CJ McCollum, Cody Zeller, Larry Nance Jr., Robert Covington",6,"2",32,35,32,35,908,908,0,0,0,0
"22100063","MEM","Brandon Clarke, Desmond Bane, Jaren Jackson Jr., John Konchar, Tyus Jones",7,"2",27,24,35,32,720,908,8,8,0,188
"22100063","POR","Anfernee Simons, CJ McCollum, Cody Zeller, Damian Lillard, Robert Covington",7,"2",32,35,32,35,908,915,0,0,0,7
"22100063","MEM","Desmond Bane, Jaren Jackson Jr., John Konchar, Tyus Jones, Ziaire Williams",8,"2",35,32,35,32,908,908,0,0,0,0
"22100063","POR","Anfernee Simons, CJ McCollum, Damian Lillard, Jusuf Nurkic, Robert Covington",8,"2",32,35,33,35,915,937,1,0,1,22
"22100063","MEM","Desmond Bane, Jaren Jackson Jr., Kyle Anderson, Tyus Jones, Ziaire Williams",9,"2",35,32,43,38,908,1078,8,6,2,170
"22100063","POR","Anfernee Simons, Damian Lillard, Jusuf Nurkic, Nassir Little, Robert Covington",9,"2",33,35,38,43,937,1078,5,8,-3,141
"22100063","MEM","De'Anthony Melton, Desmond Bane, Kyle Anderson, Tyus Jones, Ziaire Williams",10,"2",43,38,43,38,1078,1078,0,0,0,0
"22100063","POR","CJ McCollum, Damian Lillard, Jusuf Nurkic, Nassir Little, Robert Covington",10,"2",38,43,43,46,1078,1153,5,3,2,75
"22100063","MEM","De'Anthony Melton, Desmond Bane, Kyle Anderson, Steven Adams, Ziaire Williams",11,"2",43,38,43,38,1078,1078,0,0,0,0
"22100063","POR","Anfernee Simons, CJ McCollum, Damian Lillard, Jusuf Nurkic, Robert Covington",11,"2",43,46,45,46,1153,1239,2,0,2,86
"22100063","MEM","De'Anthony Melton, Ja Morant, Kyle Anderson, Steven Adams, Ziaire Williams",12,"2",43,38,46,45,1078,1239,3,7,-4,161
"22100063","POR","Anfernee Simons, CJ McCollum, Cody Zeller, Damian Lillard, Robert Covington",12,"2",45,46,51,57,1239,1439,6,11,-5,200
"22100063","MEM","De'Anthony Melton, Desmond Bane, Ja Morant, Steven Adams, Ziaire Williams",13,"2",46,45,46,45,1239,1239,0,0,0,0
"22100063","POR","Anfernee Simons, CJ McCollum, Damian Lillard, Nassir Little, Robert Covington",13,"2",51,57,51,57,1439,1440,0,0,0,1
"22100063","MEM","De'Anthony Melton, Desmond Bane, Ja Morant, Jaren Jackson Jr., Steven Adams",14,"2",46,45,46,46,1239,1286,0,1,-1,47
"22100063","POR","CJ McCollum, Damian Lillard, Jusuf Nurkic, Nassir Little, Robert Covington",14,"3",51,57,73,68,1440,1875,22,11,11,435
"22100063","MEM","Brandon Clarke, De'Anthony Melton, Desmond Bane, Ja Morant, Jaren Jackson Jr.",15,"2",46,46,57,51,1286,1440,11,5,6,154
"22100063","POR","Anfernee Simons, Damian Lillard, Jusuf Nurkic, Nassir Little, Robert Covington",15,"3",73,68,73,68,1875,1875,0,0,0,0
"22100063","MEM","De'Anthony Melton, Desmond Bane, Ja Morant, Jaren Jackson Jr., Steven Adams",16,"3",57,51,57,51,1440,1503,0,0,0,63
"22100063","POR","Anfernee Simons, Cody Zeller, Damian Lillard, Nassir Little, Robert Covington",16,"3",73,68,76,70,1875,1968,3,2,1,93
"22100063","MEM","De'Anthony Melton, Desmond Bane, Ja Morant, Kyle Anderson, Steven Adams",17,"3",57,51,59,58,1503,1611,2,7,-5,108
"22100063","POR","Anfernee Simons, Cody Zeller, Damian Lillard, Larry Nance Jr., Robert Covington",17,"3",76,70,76,70,1968,1968,0,0,0,0
"22100063","MEM","Brandon Clarke, De'Anthony Melton, Desmond Bane, Ja Morant, Kyle Anderson",18,"3",59,58,62,66,1611,1755,3,8,-5,144
"22100063","POR","Anfernee Simons, Cody Zeller, Damian Lillard, Dennis Smith Jr., Larry Nance Jr.",18,"3",76,70,87,77,1968,2160,11,7,4,192
"22100063","MEM","Brandon Clarke, De'Anthony Melton, Ja Morant, Kyle Anderson, Ziaire Williams",19,"3",62,66,68,73,1755,1875,6,7,-1,120
"22100063","POR","Anfernee Simons, CJ McCollum, Cody Zeller, Dennis Smith Jr., Larry Nance Jr.",19,"4",87,77,101,78,2160,2432,14,1,13,272
"22100063","MEM","Brandon Clarke, Ja Morant, Kyle Anderson, Xavier Tillman Sr., Ziaire Williams",20,"3",68,73,68,73,1875,1875,0,0,0,0
"22100063","POR","Anfernee Simons, CJ McCollum, Cody Zeller, Damian Lillard, Larry Nance Jr.",20,"4",101,78,101,78,2432,2432,0,0,0,0
"22100063","MEM","Ja Morant, John Konchar, Kyle Anderson, Xavier Tillman Sr., Ziaire Williams",21,"3",68,73,70,79,1875,2048,2,6,-4,173
"22100063","POR","Anfernee Simons, CJ McCollum, Damian Lillard, Jusuf Nurkic, Larry Nance Jr.",21,"4",101,78,105,81,2432,2493,4,3,1,61
"22100063","MEM","Desmond Bane, Ja Morant, Kyle Anderson, Xavier Tillman Sr., Ziaire Williams",22,"3",70,79,74,85,2048,2130,4,6,-2,82
"22100063","POR","Anfernee Simons, CJ McCollum, Damian Lillard, Jusuf Nurkic, Robert Covington",22,"4",105,81,107,81,2493,2560,2,0,2,67
"22100063","MEM","De'Anthony Melton, Ja Morant, Kyle Anderson, Xavier Tillman Sr., Ziaire Williams",23,"3",74,85,77,87,2130,2160,3,2,1,30
"22100063","POR","Anfernee Simons, CJ McCollum, Dennis Smith Jr., Jusuf Nurkic, Robert Covington",23,"4",107,81,107,81,2560,2560,0,0,0,0
"22100063","MEM","Jaren Jackson Jr., Sam Merrill, Tyus Jones, Xavier Tillman Sr., Ziaire Williams",24,"4",77,87,77,93,2160,2271,0,6,-6,111
"22100063","POR","CJ McCollum, Dennis Smith Jr., Jusuf Nurkic, Nassir Little, Robert Covington",24,"4",107,81,107,81,2560,2560,0,0,0,0
"22100063","MEM","Ja Morant, Jaren Jackson Jr., Sam Merrill, Tyus Jones, Ziaire Williams",25,"4",77,93,77,93,2271,2271,0,0,0,0
"22100063","POR","CJ Elleby, Dennis Smith Jr., Jusuf Nurkic, Nassir Little, Robert Covington",25,"4",107,81,107,81,2560,2560,0,0,0,0
"22100063","MEM","Ja Morant, Jaren Jackson Jr., Sam Merrill, Steven Adams, Tyus Jones",26,"4",77,93,77,93,2271,2271,0,0,0,0
"22100063","POR","CJ Elleby, Dennis Smith Jr., Greg Brown III, Nassir Little, Robert Covington",26,"4",107,81,107,81,2560,2560,0,0,0,0
"22100063","MEM","De'Anthony Melton, Ja Morant, Sam Merrill, Steven Adams, Tyus Jones",27,"4",77,93,81,107,2271,2546,4,14,-10,275
"22100063","POR","CJ Elleby, Cody Zeller, Dennis Smith Jr., Greg Brown III, Nassir Little",27,"4",107,81,116,96,2560,2880,9,15,-6,320
"22100063","MEM","Ja Morant, Killian Tillie, Sam Merrill, Steven Adams, Tyus Jones",28,"4",81,107,81,107,2546,2546,0,0,0,0
"22100063","MEM","Ja Morant, John Konchar, Killian Tillie, Sam Merrill, Tyus Jones",29,"4",81,107,81,107,2546,2546,0,0,0,0
"22100063","MEM","Jarrett Culver, John Konchar, Killian Tillie, Sam Merrill, Tyus Jones",30,"4",81,107,81,107,2546,2546,0,0,0,0
"22100063","MEM","Jarrett Culver, John Konchar, Killian Tillie, Sam Merrill, Santi Aldama",31,"4",81,107,96,116,2546,2880,15,9,6,334
"22100064","CLE","Collin Sexton, Darius Garland, Evan Mobley, Jarrett Allen, Lauri Markkanen",0,"1",0,0,10,6,0,381,10,6,4,381
"22100064","LAC","Eric Bledsoe, Ivica Zubac, Nicolas Batum, Paul George, Reggie Jackson",0,"1",0,0,6,10,0,381,6,10,-4,381
"22100064","CLE","Collin Sexton, Darius Garland, Jarrett Allen, Kevin Love, Lauri Markkanen",1,"1",10,6,10,6,381,381,0,0,0,0
"22100064","LAC","Eric Bledsoe, Ivica Zubac, Luke Kennard, Paul George, Reggie Jackson",1,"1",6,10,6,10,381,381,0,0,0,0
"22100064","CLE","Darius Garland, Jarrett Allen, Kevin Love, Lauri Markkanen, Ricky Rubio",2,"1",10,6,13,9,381,464,3,3,0,83
"22100064","LAC","Ivica Zubac, Luke Kennard, Paul George, Reggie Jackson, Terance Mann",2,"1",6,10,9,13,381,464,3,3,0,83
"22100064","CLE","Collin Sexton, Jarrett Allen, Kevin Love, Lauri Markkanen, Ricky Rubio",3,"1",13,9,13,9,464,464,0,0,0,0
"22100064","LAC","Isaiah Hartenstein, Luke Kennard, Paul George, Reggie Jackson, Terance Mann",3,"1",9,13,9,15,464,502,0,2,-2,38
"22100064","CLE","Collin Sexton, Evan Mobley, Jarrett Allen, Kevin Love, Ricky Rubio",4,"1",13,9,13,9,464,464,0,0,0,0
"22100064","LAC","Isaiah Hartenstein, Justise Winslow, Luke Kennard, Reggie Jackson, Terance Mann",4,"1",9,15,11,17,502,651,2,2,0,149
"22100064","CLE","Collin Sexton, Evan Mobley, Kevin Love, Lamar Stevens, Ricky Rubio",5,"1",13,9,21,14,464,700,8,5,3,236
"22100064","LAC","Eric Bledsoe, Isaiah Hartenstein, Justise Winslow, Luke Kennard, Terance Mann",5,"1",11,17,14,21,651,700,3,4,-1,49
"22100064","CLE","Collin Sexton, Darius Garland, Evan Mobley, Kevin Love, Ricky Rubio",6,"1",21,14,23,14,700,720,2,0,2,20
"22100064","LAC","Amir Coffey, Eric Bledsoe, Justise Winslow, Luke Kennard, Terance Mann",6,"1",14,21,14,23,700,720,0,2,-2,20
"22100064","CLE","Collin Sexton, Evan Mobley, Kevin Love, Lamar Stevens, Ricky Rubio",7,"2",23,14,27,18,720,844,4,4,0,124
"22100064","LAC","Eric Bledsoe, Justise Winslow, Luke Kennard, Paul George, Terance Mann",7,"2",14,23,18,27,720,844,4,4,0,124
"22100064","CLE","Collin Sexton, Evan Mobley, Lamar Stevens, Lauri Markkanen, Ricky Rubio",8,"2",27,18,27,18,844,844,0,0,0,0
"22100064","LAC","Eric Bledsoe, Justise Winslow, Luke Kennard, Nicolas Batum, Paul George",8,"2",18,27,18,32,844,892,0,5,-5,48
"22100064","CLE","Collin Sexton, Darius Garland, Evan Mobley, Lamar Stevens, Lauri Markkanen",9,"2",27,18,34,20,844,945,7,2,5,101
"22100064","LAC","Eric Bledsoe, Ivica Zubac, Luke Kennard, Nicolas Batum, Paul George",9,"2",18,32,24,38,892,1072,6,6,0,180
"22100064","CLE","Cedi Osman, Darius Garland, Evan Mobley, Lamar Stevens, Lauri Markkanen",10,"2",34,20,38,23,945,1026,4,3,1,81
"22100064","LAC","Ivica Zubac, Luke Kennard, Nicolas Batum, Paul George, Reggie Jackson",10,"2",24,38,35,45,1072,1308,11,7,4,236
"22100064","CLE","Cedi Osman, Darius Garland, Evan Mobley, Jarrett Allen, Lauri Markkanen",11,"2",38,23,38,24,1026,1072,0,1,-1,46
"22100064","LAC","Eric Bledsoe, Ivica Zubac, Nicolas Batum, Paul George, Reggie Jackson",11,"2",35,45,35,47,1308,1315,0,2,-2,7
"22100064","CLE","Cedi Osman, Darius Garland, Jarrett Allen, Kevin Love, Lauri Markkanen",12,"2",38,24,38,24,1072,1072,0,0,0,0
"22100064","LAC","Eric Bledsoe, Isaiah Hartenstein, Nicolas Batum, Paul George, Reggie Jackson",12,"2",35,47,40,47,1315,1440,5,0,5,125
"22100064","CLE","Cedi Osman, Jarrett Allen, Kevin Love, Lauri Markkanen, Ricky Rubio",13,"2",38,24,41,31,1072,1206,3,7,-4,134
"22100064","LAC","Eric Bledsoe, Ivica Zubac, Nicolas Batum, Paul George, Reggie Jackson",13,"3",40,47,56,63,1440,1834,16,16,0,394
"22100064","CLE","Collin Sexton, Jarrett Allen, Kevin Love, Lauri Markkanen, Ricky Rubio",14,"2",41,31,47,35,1206,1315,6,4,2,109
"22100064","LAC","Ivica Zubac, Nicolas Batum, Paul George, Reggie Jackson, Terance Mann",14,"3",56,63,56,63,1834,1834,0,0,0,0
"22100064","CLE","Collin Sexton, Evan Mobley, Jarrett Allen, Lauri Markkanen, Ricky Rubio",15,"2",47,35,47,35,1315,1363,0,0,0,48
"22100064","LAC","Luke Kennard, Nicolas Batum, Paul George, Reggie Jackson, Terance Mann",15,"3",56,63,56,63,1834,1850,0,0,0,16
"22100064","CLE","Collin Sexton, Darius Garland, Evan Mobley, Jarrett Allen, Lauri Markkanen",16,"2",47,35,47,40,1363,1440,0,5,-5,77
"22100064","CLE","Collin Sexton, Darius Garland, Evan Mobley, Jarrett Allen, Lauri Markkanen",16,"3",47,40,56,53,1440,1719,9,13,-4,279
"22100064","LAC","Isaiah Hartenstein, Luke Kennard, Nicolas Batum, Reggie Jackson, Terance Mann",16,"3",56,63,62,67,1850,1980,6,4,2,130
"22100064","CLE","Collin Sexton, Darius Garland, Jarrett Allen, Lauri Markkanen, Ricky Rubio",17,"3",56,53,56,53,1719,1719,0,0,0,0
"22100064","LAC","Isaiah Hartenstein, Justise Winslow, Luke Kennard, Reggie Jackson, Terance Mann",17,"3",62,67,64,72,1980,2133,2,5,-3,153
"22100064","CLE","Collin Sexton, Jarrett Allen, Kevin Love, Lauri Markkanen, Ricky Rubio",18,"3",56,53,56,53,1719,1719,0,0,0,0
"22100064","LAC","Isaiah Hartenstein, Luke Kennard, Nicolas Batum, Reggie Jackson, Terance Mann",18,"3",64,72,64,72,2133,2133,0,0,0,0
"22100064","CLE","Collin Sexton, Jarrett Allen, Kevin Love, Lamar Stevens, Ricky Rubio",19,"3",56,53,65,59,1719,1926,9,6,3,207
"22100064","LAC","Luke Kennard, Nicolas Batum, Paul George, Reggie Jackson, Terance Mann",19,"3",64,72,64,72,2133,2160,0,0,0,27
"22100064","CLE","Evan Mobley, Jarrett Allen, Kevin Love, Lamar Stevens, Ricky Rubio",20,"3",65,59,65,59,1926,1926,0,0,0,0
"22100064","LAC","Eric Bledsoe, Ivica Zubac, Justise Winslow, Luke Kennard, Terance Mann",20,"4",64,72,68,82,2160,2348,4,10,-6,188
"22100064","CLE","Darius Garland, Evan Mobley, Kevin Love, Lamar Stevens, Ricky Rubio",21,"3",65,59,72,64,1926,2133,7,5,2,207
"22100064","LAC","Eric Bledsoe, Justise Winslow, Luke Kennard, Paul George, Terance Mann",21,"4",68,82,68,82,2348,2348,0,0,0,0
"22100064","CLE","Darius Garland, Evan Mobley, Jarrett Allen, Lamar Stevens, Ricky Rubio",22,"3",72,64,72,64,2133,2160,0,0,0,27
"22100064","LAC","Eric Bledsoe, Luke Kennard, Nicolas Batum, Paul George, Terance Mann",22,"4",68,82,70,82,2348,2438,2,0,2,90
"22100064","CLE","Collin Sexton, Darius Garland, Evan Mobley, Lauri Markkanen, Ricky Rubio",23,"4",72,64,82,68,2160,2348,10,4,6,188
"22100064","LAC","Luke Kennard, Nicolas Batum, Paul George, Reggie Jackson, Terance Mann",23,"4",70,82,75,88,2438,2738,5,6,-1,300
"22100064","CLE","Collin Sexton, Darius Garland, Evan Mobley, Jarrett Allen, Lauri Markkanen",24,"4",82,68,82,70,2348,2438,0,2,-2,90
"22100064","LAC","Justise Winslow, Luke Kennard, Nicolas Batum, Reggie Jackson, Terance Mann",24,"4",75,88,75,88,2738,2738,0,0,0,0
"22100064","CLE","Collin Sexton, Darius Garland, Jarrett Allen, Kevin Love, Lauri Markkanen",25,"4",82,70,86,72,2438,2536,4,2,2,98
"22100064","LAC","Isaiah Hartenstein, Justise Winslow, Luke Kennard, Reggie Jackson, Terance Mann",25,"4",75,88,75,88,2738,2738,0,0,0,0
"22100064","CLE","Collin Sexton, Jarrett Allen, Kevin Love, Lauri Markkanen, Ricky Rubio",26,"4",86,72,86,72,2536,2536,0,0,0,0
"22100064","LAC","Amir Coffey, Isaiah Hartenstein, Justise Winslow, Luke Kennard, Terance Mann",26,"4",75,88,79,92,2738,2880,4,4,0,142
"22100064","CLE","Collin Sexton, Jarrett Allen, Kevin Love, Lamar Stevens, Ricky Rubio",27,"4",86,72,88,75,2536,2738,2,3,-1,202
"22100064","CLE","Collin Sexton, Evan Mobley, Jarrett Allen, Lamar Stevens, Ricky Rubio",28,"4",88,75,92,77,2738,2829,4,2,2,91
"22100064","CLE","Dylan Windler, Evan Mobley, Jarrett Allen, Lamar Stevens, Ricky Rubio",29,"4",92,77,92,77,2829,2829,0,0,0,0
"22100064","CLE","Dylan Windler, Ed Davis, Evan Mobley, Jarrett Allen, Lamar Stevens",30,"4",92,77,92,77,2829,2829,0,0,0,0
"22100064","CLE","Dylan Windler, Ed Davis, Evan Mobley, Jarrett Allen, Kevin Pangos",31,"4",92,77,92,77,2829,2829,0,0,0,0
"22100064","CLE","Denzel Valentine, Dylan Windler, Ed Davis, Evan Mobley, Kevin Pangos",32,"4",92,77,92,79,2829,2880,0,2,-2,51
"22100065","DET","Isaiah Stewart, Jerami Grant, Josh Jackson, Killian Hayes, Saddiq Bey",0,"1",0,0,9,16,0,434,9,16,-7,434
"22100065","PHI","Danny Green, Joel Embiid, Seth Curry, Tobias Harris, Tyrese Maxey",0,"1",0,0,18,11,0,500,18,11,7,500
"22100065","DET","Jerami Grant, Josh Jackson, Kelly Olynyk, Killian Hayes, Saddiq Bey",1,"1",9,16,11,18,434,500,2,2,0,66
"22100065","PHI","Georges Niang, Joel Embiid, Seth Curry, Tobias Harris, Tyrese Maxey",1,"1",18,11,18,13,500,532,0,2,-2,32
"22100065","DET","Cory Joseph, Jerami Grant, Josh Jackson, Kelly Olynyk, Saddiq Bey",2,"1",11,18,15,19,500,574,4,1,3,74
"22100065","PHI","Furkan Korkmaz, Georges Niang, Joel Embiid, Seth Curry, Tobias Harris",2,"1",18,13,19,13,532,537,1,0,1,5
"22100065","DET","Cory Joseph, Frank Jackson, Josh Jackson, Kelly Olynyk, Saddiq Bey",3,"1",15,19,15,19,574,574,0,0,0,0
"22100065","PHI","Furkan Korkmaz, Georges Niang, Joel Embiid, Matisse Thybulle, Tobias Harris",3,"1",19,13,19,15,537,574,0,2,-2,37
"22100065","DET","Cory Joseph, Frank Jackson, Kelly Olynyk, Saddiq Bey, Trey Lyles",4,"1",15,19,22,21,574,720,7,2,5,146
"22100065","PHI","Andre Drummond, Furkan Korkmaz, Georges Niang, Matisse Thybulle, Tobias Harris",4,"1",19,15,19,15,574,574,0,0,0,0
"22100065","DET","Cory Joseph, Frank Jackson, Hamidou Diallo, Kelly Olynyk, Trey Lyles",5,"2",22,21,35,30,720,1025,13,9,4,305
"22100065","PHI","Andre Drummond, Furkan Korkmaz, Georges Niang, Matisse Thybulle, Shake Milton",5,"1",19,15,21,22,574,720,2,7,-5,146
"22100065","PHI","Andre Drummond, Furkan Korkmaz, Georges Niang, Matisse Thybulle, Shake Milton",5,"2",21,22,30,31,720,932,9,9,0,212
"22100065","DET","Cory Joseph, Frank Jackson, Hamidou Diallo, Kelly Olynyk, Killian Hayes",6,"2",35,30,35,30,1025,1025,0,0,0,0
"22100065","PHI","Furkan Korkmaz, Georges Niang, Matisse Thybulle, Shake Milton, Tobias Harris",6,"2",30,31,30,35,932,1025,0,4,-4,93
"22100065","DET","Cory Joseph, Frank Jackson, Hamidou Diallo, Jerami Grant, Killian Hayes",7,"2",35,30,35,30,1025,1025,0,0,0,0
"22100065","PHI","Furkan Korkmaz, Georges Niang, Joel Embiid, Matisse Thybulle, Tobias Harris",7,"2",30,35,30,35,1025,1025,0,0,0,0
"22100065","DET","Frank Jackson, Hamidou Diallo, Isaiah Stewart, Jerami Grant, Killian Hayes",8,"2",35,30,35,32,1025,1115,0,2,-2,90
"22100065","PHI","Furkan Korkmaz, Joel Embiid, Matisse Thybulle, Seth Curry, Tobias Harris",8,"2",30,35,30,35,1025,1025,0,0,0,0
"22100065","DET","Hamidou Diallo, Isaiah Stewart, Jerami Grant, Killian Hayes, Saddiq Bey",9,"2",35,32,35,32,1115,1115,0,0,0,0
"22100065","PHI","Danny Green, Furkan Korkmaz, Joel Embiid, Seth Curry, Tobias Harris",9,"2",30,35,30,35,1025,1025,0,0,0,0
"22100065","DET","Isaiah Stewart, Jerami Grant, Josh Jackson, Killian Hayes, Saddiq Bey",10,"2",35,32,35,32,1115,1159,0,0,0,44
"22100065","PHI","Danny Green, Joel Embiid, Seth Curry, Tobias Harris, Tyrese Maxey",10,"2",30,35,52,46,1025,1440,22,11,11,415
"22100065","PHI","Danny Green, Joel Embiid, Seth Curry, Tobias Harris, Tyrese Maxey",10,"3",52,46,73,60,1440,1951,21,14,7,511
"22100065","DET","Jerami Grant, Josh Jackson, Killian Hayes, Luka Garza, Saddiq Bey",11,"2",35,32,46,52,1159,1440,11,20,-9,281
"22100065","PHI","Furkan Korkmaz, Joel Embiid, Seth Curry, Tobias Harris, Tyrese Maxey",11,"3",73,60,73,62,1951,1996,0,2,-2,45
"22100065","DET","Isaiah Stewart, Jerami Grant, Josh Jackson, Killian Hayes, Saddiq Bey",12,"3",46,52,60,73,1440,1951,14,21,-7,511
"22100065","PHI","Andre Drummond, Furkan Korkmaz, Seth Curry, Tobias Harris, Tyrese Maxey",12,"3",73,62,76,64,1996,2036,3,2,1,40
"22100065","DET","Isaiah Stewart, Jerami Grant, Josh Jackson, Kelly Olynyk, Saddiq Bey",13,"3",60,73,60,73,1951,1951,0,0,0,0
"22100065","PHI","Andre Drummond, Furkan Korkmaz, Seth Curry, Shake Milton, Tobias Harris",13,"3",76,64,76,64,2036,2093,0,0,0,57
"22100065","DET","Cory Joseph, Jerami Grant, Josh Jackson, Kelly Olynyk, Saddiq Bey",14,"3",60,73,62,73,1951,1996,2,0,2,45
"22100065","PHI","Andre Drummond, Furkan Korkmaz, Matisse Thybulle, Shake Milton, Tobias Harris",14,"3",76,64,76,67,2093,2151,0,3,-3,58
"22100065","DET","Cory Joseph, Jerami Grant, Kelly Olynyk, Saddiq Bey, Trey Lyles",15,"3",62,73,64,76,1996,2036,2,3,-1,40
"22100065","PHI","Andre Drummond, Furkan Korkmaz, Georges Niang, Shake Milton, Tobias Harris",15,"3",76,67,76,67,2151,2151,0,0,0,0
"22100065","DET","Cory Joseph, Frank Jackson, Jerami Grant, Kelly Olynyk, Trey Lyles",16,"3",64,76,67,79,2036,2160,3,3,0,124
"22100065","PHI","Furkan Korkmaz, Georges Niang, Shake Milton, Tobias Harris, Tyrese Maxey",16,"3",76,67,79,67,2151,2158,3,0,3,7
"22100065","DET","Cory Joseph, Frank Jackson, Hamidou Diallo, Kelly Olynyk, Trey Lyles",17,"4",67,79,78,95,2160,2406,11,16,-5,246
"22100065","PHI","Furkan Korkmaz, Georges Niang, Matisse Thybulle, Shake Milton, Tobias Harris",17,"3",79,67,79,67,2158,2160,0,0,0,2
"22100065","DET","Cory Joseph, Frank Jackson, Hamidou Diallo, Kelly Olynyk, Killian Hayes",18,"4",78,95,78,95,2406,2406,0,0,0,0
"22100065","PHI","Andre Drummond, Furkan Korkmaz, Georges Niang, Matisse Thybulle, Shake Milton",18,"4",79,67,100,81,2160,2512,21,14,7,352
"22100065","DET","Frank Jackson, Hamidou Diallo, Jerami Grant, Kelly Olynyk, Killian Hayes",19,"4",78,95,78,98,2406,2444,0,3,-3,38
"22100065","PHI","Furkan Korkmaz, Georges Niang, Matisse Thybulle, Shake Milton, Tobias Harris",19,"4",100,81,100,86,2512,2567,0,5,-5,55
"22100065","DET","Frank Jackson, Jerami Grant, Kelly Olynyk, Killian Hayes, Saddiq Bey",20,"4",78,98,102,110,2444,2880,24,12,12,436
"22100065","PHI","Furkan Korkmaz, Georges Niang, Joel Embiid, Matisse Thybulle, Tobias Harris",20,"4",100,86,100,86,2567,2567,0,0,0,0
"22100065","PHI","Furkan Korkmaz, Joel Embiid, Matisse Thybulle, Seth Curry, Tobias Harris",21,"4",100,86,100,86,2567,2567,0,0,0,0
"22100065","PHI","Furkan Korkmaz, Joel Embiid, Seth Curry, Tobias Harris, Tyrese Maxey",22,"4",100,86,100,86,2567,2567,0,0,0,0
"22100065","PHI","Danny Green, Joel Embiid, Seth Curry, Tobias Harris, Tyrese Maxey",23,"4",100,86,110,102,2567,2880,10,16,-6,313
"22100066","ATL","Bogdan Bogdanovic, Clint Capela, De'Andre Hunter, John Collins, Trae Young",0,"1",0,0,20,23,0,475,20,23,-3,475
"22100066","WAS","Aaron Holiday, Bradley Beal, Kentavious Caldwell-Pope, Kyle Kuzma, Montrezl Harrell",0,"1",0,0,14,16,0,306,14,16,-2,306
"22100066","ATL","Bogdan Bogdanovic, Cam Reddish, Clint Capela, John Collins, Trae Young",1,"1",20,23,20,23,475,475,0,0,0,0
"22100066","WAS","Aaron Holiday, Davis Bertans, Kentavious Caldwell-Pope, Kyle Kuzma, Montrezl Harrell",1,"1",14,16,14,16,306,306,0,0,0,0
"22100066","ATL","Cam Reddish, Clint Capela, John Collins, Kevin Huerter, Trae Young",2,"1",20,23,20,23,475,475,0,0,0,0
"22100066","WAS","Aaron Holiday, Davis Bertans, Deni Avdija, Kentavious Caldwell-Pope, Montrezl Harrell",2,"1",14,16,16,18,306,370,2,2,0,64
"22100066","ATL","Cam Reddish, Danilo Gallinari, John Collins, Kevin Huerter, Trae Young",3,"1",20,23,24,25,475,560,4,2,2,85
"22100066","WAS","Davis Bertans, Deni Avdija, Kentavious Caldwell-Pope, Montrezl Harrell, Raul Neto",3,"1",16,18,23,20,370,475,7,2,5,105
"22100066","ATL","Cam Reddish, Danilo Gallinari, Delon Wright, John Collins, Kevin Huerter",4,"1",24,25,24,25,560,560,0,0,0,0
"22100066","WAS","Bradley Beal, Davis Bertans, Deni Avdija, Montrezl Harrell, Raul Neto",4,"1",23,20,23,20,475,475,0,0,0,0
"22100066","ATL","Cam Reddish, Danilo Gallinari, De'Andre Hunter, Delon Wright, Kevin Huerter",5,"1",24,25,32,33,560,720,8,8,0,160
"22100066","WAS","Bradley Beal, Davis Bertans, Deni Avdija, Kyle Kuzma, Raul Neto",5,"1",23,20,33,32,475,720,10,12,-2,245
"22100066","ATL","Cam Reddish, Danilo Gallinari, Delon Wright, Gorgui Dieng, Kevin Huerter",6,"2",32,33,34,42,720,891,2,9,-7,171
"22100066","WAS","Aaron Holiday, Bradley Beal, Corey Kispert, Kyle Kuzma, Montrezl Harrell",6,"2",33,32,44,36,720,950,11,4,7,230
"22100066","ATL","Cam Reddish, Danilo Gallinari, Gorgui Dieng, Kevin Huerter, Trae Young",7,"2",34,42,34,42,891,891,0,0,0,0
"22100066","WAS","Aaron Holiday, Corey Kispert, Kentavious Caldwell-Pope, Kyle Kuzma, Montrezl Harrell",7,"2",44,36,44,36,950,950,0,0,0,0
"22100066","ATL","Cam Reddish, Clint Capela, Danilo Gallinari, Gorgui Dieng, Trae Young",8,"2",34,42,34,42,891,891,0,0,0,0
"22100066","WAS","Corey Kispert, Kentavious Caldwell-Pope, Kyle Kuzma, Montrezl Harrell, Raul Neto",8,"2",44,36,49,38,950,1028,5,2,3,78
"22100066","ATL","Cam Reddish, Clint Capela, Gorgui Dieng, John Collins, Trae Young",9,"2",34,42,34,42,891,891,0,0,0,0
"22100066","WAS","Davis Bertans, Kentavious Caldwell-Pope, Kyle Kuzma, Montrezl Harrell, Raul Neto",9,"2",49,38,49,38,1028,1028,0,0,0,0
"22100066","ATL","Bogdan Bogdanovic, Cam Reddish, Clint Capela, John Collins, Trae Young",10,"2",34,42,38,49,891,1028,4,7,-3,137
"22100066","WAS","Davis Bertans, Deni Avdija, Kentavious Caldwell-Pope, Montrezl Harrell, Raul Neto",10,"2",49,38,53,43,1028,1102,4,5,-1,74
"22100066","ATL","Bogdan Bogdanovic, Clint Capela, De'Andre Hunter, John Collins, Trae Young",11,"2",38,49,55,64,1028,1426,17,15,2,398
"22100066","WAS","Davis Bertans, Deni Avdija, Kentavious Caldwell-Pope, Kyle Kuzma, Raul Neto",11,"2",53,43,55,49,1102,1194,2,6,-4,92
"22100066","ATL","Bogdan Bogdanovic, Cam Reddish, De'Andre Hunter, John Collins, Trae Young",12,"2",55,64,55,64,1426,1426,0,0,0,0
"22100066","WAS","Bradley Beal, Davis Bertans, Deni Avdija, Kyle Kuzma, Raul Neto",12,"2",55,49,55,49,1194,1217,0,0,0,23
"22100066","ATL","Bogdan Bogdanovic, Cam Reddish, De'Andre Hunter, Gorgui Dieng, Trae Young",13,"2",55,64,55,64,1426,1440,0,0,0,14
"22100066","WAS","Aaron Holiday, Bradley Beal, Davis Bertans, Deni Avdija, Kyle Kuzma",13,"2",55,49,55,49,1217,1217,0,0,0,0
"22100066","ATL","Bogdan Bogdanovic, Clint Capela, De'Andre Hunter, John Collins, Trae Young",14,"3",55,64,71,86,1440,1831,16,22,-6,391
"22100066","WAS","Aaron Holiday, Bradley Beal, Deni Avdija, Kyle Kuzma, Montrezl Harrell",14,"2",55,49,64,55,1217,1440,9,6,3,223
"22100066","ATL","Bogdan Bogdanovic, Cam Reddish, Clint Capela, John Collins, Trae Young",15,"3",71,86,71,86,1831,1831,0,0,0,0
"22100066","WAS","Aaron Holiday, Bradley Beal, Kentavious Caldwell-Pope, Kyle Kuzma, Montrezl Harrell",15,"3",64,55,86,71,1440,1831,22,16,6,391
"22100066","ATL","Cam Reddish, Clint Capela, John Collins, Kevin Huerter, Trae Young",16,"3",71,86,71,86,1831,1831,0,0,0,0
"22100066","WAS","Aaron Holiday, Deni Avdija, Kentavious Caldwell-Pope, Kyle Kuzma, Montrezl Harrell",16,"3",86,71,86,71,1831,1831,0,0,0,0
"22100066","ATL","Cam Reddish, Danilo Gallinari, John Collins, Kevin Huerter, Trae Young",17,"3",71,86,81,97,1831,2035,10,11,-1,204
"22100066","WAS","Davis Bertans, Deni Avdija, Kentavious Caldwell-Pope, Kyle Kuzma, Montrezl Harrell",17,"3",86,71,86,71,1831,1831,0,0,0,0
"22100066","ATL","Cam Reddish, Danilo Gallinari, John Collins, Kevin Huerter, Lou Williams",18,"3",81,97,86,100,2035,2160,5,3,2,125
"22100066","WAS","Davis Bertans, Deni Avdija, Kentavious Caldwell-Pope, Montrezl Harrell, Raul Neto",18,"3",86,71,88,73,1831,1873,2,2,0,42
"22100066","ATL","Cam Reddish, Danilo Gallinari, De'Andre Hunter, Kevin Huerter, Lou Williams",19,"4",86,100,86,100,2160,2185,0,0,0,25
"22100066","WAS","Davis Bertans, Deni Avdija, Kentavious Caldwell-Pope, Kyle Kuzma, Raul Neto",19,"3",88,73,97,81,1873,2035,9,8,1,162
"22100066","ATL","Cam Reddish, Danilo Gallinari, Gorgui Dieng, Kevin Huerter, Lou Williams",20,"4",86,100,92,102,2185,2278,6,2,4,93
"22100066","WAS","Bradley Beal, Davis Bertans, Deni Avdija, Kyle Kuzma, Raul Neto",20,"3",97,81,100,86,2035,2147,3,5,-2,112
"22100066","ATL","Bogdan Bogdanovic, Cam Reddish, Danilo Gallinari, Gorgui Dieng, Lou Williams",21,"4",92,102,95,104,2278,2397,3,2,1,119
"22100066","WAS","Aaron Holiday, Bradley Beal, Deni Avdija, Kyle Kuzma, Raul Neto",21,"3",100,86,100,86,2147,2157,0,0,0,10
"22100066","ATL","Bogdan Bogdanovic, Cam Reddish, Danilo Gallinari, John Collins, Lou Williams",22,"4",95,104,97,109,2397,2498,2,5,-3,101
"22100066","WAS","Bradley Beal, Davis Bertans, Deni Avdija, Kyle Kuzma, Raul Neto",22,"3",100,86,100,86,2157,2160,0,0,0,3
"22100066","ATL","Bogdan Bogdanovic, Cam Reddish, Danilo Gallinari, John Collins, Trae Young",23,"4",97,109,97,109,2498,2498,0,0,0,0
"22100066","WAS","Aaron Holiday, Bradley Beal, Corey Kispert, Kyle Kuzma, Montrezl Harrell",23,"4",100,86,104,95,2160,2397,4,9,-5,237
"22100066","ATL","Bogdan Bogdanovic, Cam Reddish, De'Andre Hunter, John Collins, Trae Young",24,"4",97,109,111,122,2498,2880,14,13,1,382
"22100066","WAS","Bradley Beal, Corey Kispert, Kyle Kuzma, Montrezl Harrell, Raul Neto",24,"4",104,95,104,95,2397,2397,0,0,0,0
"22100066","WAS","Bradley Beal, Kentavious Caldwell-Pope, Kyle Kuzma, Montrezl Harrell, Raul Neto",25,"4",104,95,104,95,2397,2397,0,0,0,0
"22100066","WAS","Bradley Beal, Davis Bertans, Kentavious Caldwell-Pope, Montrezl Harrell, Raul Neto",26,"4",104,95,111,104,2397,2602,7,9,-2,205
"22100066","WAS","Bradley Beal, Kentavious Caldwell-Pope, Kyle Kuzma, Montrezl Harrell, Raul Neto",27,"4",111,104,115,106,2602,2687,4,2,2,85
"22100066","WAS","Bradley Beal, Deni Avdija, Kentavious Caldwell-Pope, Kyle Kuzma, Raul Neto",28,"4",115,106,122,111,2687,2880,7,5,2,193
"22100067","CHI","DeMar DeRozan, Lonzo Ball, Nikola Vucevic, Patrick Williams, Zach LaVine",0,"1",0,0,14,16,0,412,14,16,-2,412
"22100067","NYK","Evan Fournier, Julius Randle, Kemba Walker, Mitchell Robinson, RJ Barrett",0,"1",0,0,19,16,0,510,19,16,3,510
"22100067","CHI","Alex Caruso, DeMar DeRozan, Nikola Vucevic, Patrick Williams, Zach LaVine",1,"1",14,16,14,16,412,412,0,0,0,0
"22100067","NYK","Derrick Rose, Evan Fournier, Julius Randle, Mitchell Robinson, RJ Barrett",1,"1",19,16,19,16,510,510,0,0,0,0
"22100067","CHI","Alex Caruso, Nikola Vucevic, Patrick Williams, Troy Brown Jr., Zach LaVine",2,"1",14,16,14,16,412,412,0,0,0,0
"22100067","NYK","Alec Burks, Derrick Rose, Evan Fournier, Julius Randle, Mitchell Robinson",2,"1",19,16,19,16,510,510,0,0,0,0
"22100067","CHI","Alex Caruso, Javonte Green, Nikola Vucevic, Troy Brown Jr., Zach LaVine",3,"1",14,16,21,19,412,573,7,3,4,161
"22100067","NYK","Alec Burks, Derrick Rose, Evan Fournier, Julius Randle, Taj Gibson",3,"1",19,16,19,21,510,573,0,5,-5,63
"22100067","CHI","Alex Caruso, DeMar DeRozan, Javonte Green, Nikola Vucevic, Troy Brown Jr.",4,"1",21,19,25,21,573,635,4,2,2,62
"22100067","NYK","Alec Burks, Derrick Rose, Immanuel Quickley, Julius Randle, Taj Gibson",4,"1",19,21,21,25,573,635,2,4,-2,62
"22100067","CHI","Alex Caruso, Alize Johnson, DeMar DeRozan, Javonte Green, Troy Brown Jr.",5,"1",25,21,25,27,635,720,0,6,-6,85
"22100067","NYK","Alec Burks, Derrick Rose, Immanuel Quickley, Obi Toppin, Taj Gibson",5,"1",21,25,27,25,635,720,6,0,6,85
"22100067","NYK","Alec Burks, Derrick Rose, Immanuel Quickley, Obi Toppin, Taj Gibson",5,"2",27,25,39,33,720,1019,12,8,4,299
"22100067","CHI","Alex Caruso, Alize Johnson, DeMar DeRozan, Javonte Green, Lonzo Ball",6,"2",25,27,27,35,720,815,2,8,-6,95
"22100067","NYK","Alec Burks, Derrick Rose, Immanuel Quickley, Mitchell Robinson, Obi Toppin",6,"2",39,33,39,35,1019,1075,0,2,-2,56
"22100067","CHI","Alex Caruso, Alize Johnson, DeMar DeRozan, Lonzo Ball, Patrick Williams",7,"2",27,35,27,35,815,841,0,0,0,26
"22100067","NYK","Alec Burks, Derrick Rose, Immanuel Quickley, Kemba Walker, Mitchell Robinson",7,"2",39,35,39,35,1075,1075,0,0,0,0
"22100067","CHI","Alex Caruso, DeMar DeRozan, Javonte Green, Lonzo Ball, Patrick Williams",8,"2",27,35,33,39,841,1019,6,4,2,178
"22100067","NYK","Alec Burks, Evan Fournier, Immanuel Quickley, Kemba Walker, Mitchell Robinson",8,"2",39,35,39,35,1075,1075,0,0,0,0
"22100067","CHI","DeMar DeRozan, Javonte Green, Lonzo Ball, Patrick Williams, Zach LaVine",9,"2",33,39,33,39,1019,1019,0,0,0,0
"22100067","NYK","Alec Burks, Evan Fournier, Kemba Walker, Mitchell Robinson, RJ Barrett",9,"2",39,35,39,35,1075,1075,0,0,0,0
"22100067","CHI","DeMar DeRozan, Lonzo Ball, Nikola Vucevic, Patrick Williams, Zach LaVine",10,"2",33,39,33,39,1019,1034,0,0,0,15
"22100067","NYK","Evan Fournier, Julius Randle, Kemba Walker, Mitchell Robinson, RJ Barrett",10,"2",39,35,49,46,1075,1374,10,11,-1,299
"22100067","CHI","Lonzo Ball, Nikola Vucevic, Patrick Williams, Troy Brown Jr., Zach LaVine",11,"2",33,39,35,39,1034,1075,2,0,2,41
"22100067","NYK","Evan Fournier, Julius Randle, Kemba Walker, RJ Barrett, Taj Gibson",11,"2",49,46,55,51,1374,1440,6,5,1,66
"22100067","CHI","Alex Caruso, Nikola Vucevic, Patrick Williams, Troy Brown Jr., Zach LaVine",12,"2",35,39,41,45,1075,1248,6,6,0,173
"22100067","NYK","Evan Fournier, Julius Randle, Kemba Walker, Mitchell Robinson, RJ Barrett",12,"3",55,51,74,64,1440,1807,19,13,6,367
"22100067","CHI","Alex Caruso, Lonzo Ball, Nikola Vucevic, Patrick Williams, Zach LaVine",13,"2",41,45,41,45,1248,1248,0,0,0,0
"22100067","NYK","Evan Fournier, Julius Randle, Kemba Walker, RJ Barrett, Taj Gibson",13,"3",74,64,76,66,1807,1915,2,2,0,108
"22100067","CHI","Alex Caruso, DeMar DeRozan, Lonzo Ball, Nikola Vucevic, Zach LaVine",14,"2",41,45,51,55,1248,1440,10,10,0,192
"22100067","NYK","Derrick Rose, Evan Fournier, Julius Randle, RJ Barrett, Taj Gibson",14,"3",76,66,82,69,1915,2000,6,3,3,85
"22100067","CHI","DeMar DeRozan, Lonzo Ball, Nikola Vucevic, Patrick Williams, Zach LaVine",15,"3",51,55,56,60,1440,1578,5,5,0,138
"22100067","NYK","Alec Burks, Derrick Rose, Evan Fournier, Julius Randle, Taj Gibson",15,"3",82,69,82,69,2000,2043,0,0,0,43
"22100067","CHI","DeMar DeRozan, Javonte Green, Lonzo Ball, Nikola Vucevic, Zach LaVine",16,"3",56,60,64,74,1578,1807,8,14,-6,229
"22100067","NYK","Alec Burks, Derrick Rose, Immanuel Quickley, Julius Randle, Taj Gibson",16,"3",82,69,82,69,2043,2051,0,0,0,8
"22100067","CHI","Alex Caruso, DeMar DeRozan, Lonzo Ball, Nikola Vucevic, Zach LaVine",17,"3",64,74,64,76,1807,1858,0,2,-2,51
"22100067","NYK","Alec Burks, Derrick Rose, Immanuel Quickley, Obi Toppin, Taj Gibson",17,"3",82,69,82,73,2051,2160,0,4,-4,109
"22100067","CHI","Alex Caruso, Lonzo Ball, Nikola Vucevic, Troy Brown Jr., Zach LaVine",18,"3",64,76,66,76,1858,1915,2,0,2,57
"22100067","NYK","Alec Burks, Derrick Rose, Immanuel Quickley, Mitchell Robinson, Obi Toppin",18,"4",82,73,84,78,2160,2244,2,5,-3,84
"22100067","CHI","Alex Caruso, Ayo Dosunmu, Nikola Vucevic, Troy Brown Jr., Zach LaVine",19,"3",66,76,69,82,1915,2026,3,6,-3,111
"22100067","NYK","Alec Burks, Derrick Rose, Immanuel Quickley, Obi Toppin, Taj Gibson",19,"4",84,78,90,80,2244,2311,6,2,4,67
"22100067","CHI","Alex Caruso, Ayo Dosunmu, Tony Bradley, Troy Brown Jr., Zach LaVine",20,"3",69,82,69,82,2026,2043,0,0,0,17
"22100067","NYK","Alec Burks, Derrick Rose, Obi Toppin, RJ Barrett, Taj Gibson",20,"4",90,80,92,82,2311,2392,2,2,0,81
"22100067","CHI","Alex Caruso, Ayo Dosunmu, DeMar DeRozan, Tony Bradley, Troy Brown Jr.",21,"3",69,82,73,82,2043,2160,4,0,4,117
"22100067","CHI","Alex Caruso, Ayo Dosunmu, DeMar DeRozan, Tony Bradley, Troy Brown Jr.",21,"4",73,82,80,90,2160,2311,7,8,-1,151
"22100067","NYK","Alec Burks, Derrick Rose, Julius Randle, RJ Barrett, Taj Gibson",21,"4",92,82,92,82,2392,2461,0,0,0,69
"22100067","CHI","Ayo Dosunmu, DeMar DeRozan, Lonzo Ball, Tony Bradley, Troy Brown Jr.",22,"4",80,90,80,92,2311,2382,0,2,-2,71
"22100067","NYK","Alec Burks, Julius Randle, Kemba Walker, RJ Barrett, Taj Gibson",22,"4",92,82,92,82,2461,2461,0,0,0,0
"22100067","CHI","Ayo Dosunmu, DeMar DeRozan, Lonzo Ball, Tony Bradley, Zach LaVine",23,"4",80,92,80,92,2382,2382,0,0,0,0
"22100067","NYK","Evan Fournier, Julius Randle, Kemba Walker, RJ Barrett, Taj Gibson",23,"4",92,82,92,82,2461,2461,0,0,0,0
"22100067","CHI","Ayo Dosunmu, Lonzo Ball, Nikola Vucevic, Tony Bradley, Zach LaVine",24,"4",80,92,80,92,2382,2382,0,0,0,0
"22100067","NYK","Evan Fournier, Julius Randle, Kemba Walker, Mitchell Robinson, RJ Barrett",24,"4",92,82,104,101,2461,2866,12,19,-7,405
"22100067","CHI","Alex Caruso, Ayo Dosunmu, Lonzo Ball, Nikola Vucevic, Zach LaVine",25,"4",80,92,82,92,2382,2461,2,0,2,79
"22100067","NYK","Alec Burks, Evan Fournier, Julius Randle, Mitchell Robinson, RJ Barrett",25,"4",104,101,104,101,2866,2866,0,0,0,0
"22100067","CHI","Alex Caruso, Javonte Green, Lonzo Ball, Nikola Vucevic, Zach LaVine",26,"4",82,92,88,98,2461,2609,6,6,0,148
"22100067","NYK","Alec Burks, Evan Fournier, Julius Randle, RJ Barrett, Taj Gibson",26,"4",104,101,104,103,2866,2871,0,2,-2,5
"22100067","CHI","Alex Caruso, DeMar DeRozan, Lonzo Ball, Nikola Vucevic, Zach LaVine",27,"4",88,98,103,104,2609,2871,15,6,9,262
"22100067","NYK","Alec Burks, Evan Fournier, Julius Randle, Kemba Walker, RJ Barrett",27,"4",104,103,104,103,2871,2876,0,0,0,5
"22100067","CHI","Alex Caruso, DeMar DeRozan, Javonte Green, Lonzo Ball, Zach LaVine",28,"4",103,104,103,104,2871,2875,0,0,0,4
"22100067","NYK","Alec Burks, Derrick Rose, Evan Fournier, Julius Randle, RJ Barrett",28,"4",104,103,104,103,2876,2876,0,0,0,0
"22100067","CHI","Alex Caruso, Javonte Green, Lonzo Ball, Tony Bradley, Zach LaVine",29,"4",103,104,103,104,2875,2875,0,0,0,0
"22100067","NYK","Derrick Rose, Evan Fournier, Julius Randle, Mitchell Robinson, RJ Barrett",29,"4",104,103,104,103,2876,2880,0,0,0,4
"22100067","CHI","Alex Caruso, Lonzo Ball, Nikola Vucevic, Tony Bradley, Zach LaVine",30,"4",103,104,103,104,2875,2876,0,0,0,1
"22100067","CHI","Alex Caruso, DeMar DeRozan, Lonzo Ball, Nikola Vucevic, Zach LaVine",31,"4",103,104,103,104,2876,2880,0,0,0,4
"22100068","HOU","Christian Wood, Daniel Theis, Jae'Sean Tate, Jalen Green, Kevin Porter Jr.",0,"1",0,0,6,10,0,292,6,10,-4,292
"22100068","UTA","Bojan Bogdanovic, Donovan Mitchell, Mike Conley, Royce O'Neale, Rudy Gobert",0,"1",0,0,10,6,0,302,10,6,4,302
"22100068","HOU","Christian Wood, Daniel Theis, Eric Gordon, Jalen Green, Kevin Porter Jr.",1,"1",6,10,8,10,292,343,2,0,2,51
"22100068","UTA","Bojan Bogdanovic, Donovan Mitchell, Joe Ingles, Royce O'Neale, Rudy Gobert",1,"1",10,6,10,6,302,302,0,0,0,0
"22100068","HOU","Alperen Sengun, Christian Wood, Eric Gordon, Jalen Green, Kevin Porter Jr.",2,"1",8,10,13,16,343,452,5,6,-1,109
"22100068","UTA","Bojan Bogdanovic, Donovan Mitchell, Hassan Whiteside, Joe Ingles, Royce O'Neale",2,"1",10,6,16,13,302,452,6,7,-1,150
"22100068","HOU","Alperen Sengun, Christian Wood, David Nwaba, Eric Gordon, Kevin Porter Jr.",3,"1",13,16,16,22,452,544,3,6,-3,92
"22100068","UTA","Donovan Mitchell, Hassan Whiteside, Joe Ingles, Jordan Clarkson, Royce O'Neale",3,"1",16,13,22,16,452,526,6,3,3,74
"22100068","HOU","Alperen Sengun, Christian Wood, D.J. Augustin, David Nwaba, Eric Gordon",4,"1",16,22,16,22,544,551,0,0,0,7
"22100068","UTA","Donovan Mitchell, Joe Ingles, Jordan Clarkson, Royce O'Neale, Rudy Gobert",4,"1",22,16,22,16,526,526,0,0,0,0
"22100068","HOU","Alperen Sengun, D.J. Augustin, David Nwaba, Eric Gordon, Jae'Sean Tate",5,"1",16,22,18,32,551,714,2,10,-8,163
"22100068","UTA","Donovan Mitchell, Joe Ingles, Jordan Clarkson, Mike Conley, Rudy Gobert",5,"1",22,16,22,16,526,526,0,0,0,0
"22100068","HOU","Alperen Sengun, D.J. Augustin, Eric Gordon, Jae'Sean Tate, Jalen Green",6,"1",18,32,18,32,714,720,0,0,0,6
"22100068","HOU","Alperen Sengun, D.J. Augustin, Eric Gordon, Jae'Sean Tate, Jalen Green",6,"2",18,32,21,32,720,824,3,0,3,104
"22100068","UTA","Eric Paschall, Joe Ingles, Jordan Clarkson, Mike Conley, Rudy Gobert",6,"1",22,16,32,18,526,720,10,2,8,194
"22100068","UTA","Eric Paschall, Joe Ingles, Jordan Clarkson, Mike Conley, Rudy Gobert",6,"2",32,18,32,21,720,824,0,3,-3,104
"22100068","HOU","Alperen Sengun, D.J. Augustin, Jae'Sean Tate, Jalen Green, Kenyon Martin Jr.",7,"2",21,32,22,35,824,867,1,3,-2,43
"22100068","UTA","Eric Paschall, Jared Butler, Joe Ingles, Jordan Clarkson, Rudy Gobert",7,"2",32,21,44,24,824,959,12,3,9,135
"22100068","HOU","Alperen Sengun, D.J. Augustin, Jalen Green, Kenyon Martin Jr., Kevin Porter Jr.",8,"2",22,35,22,35,867,867,0,0,0,0
"22100068","UTA","Eric Paschall, Hassan Whiteside, Jared Butler, Joe Ingles, Jordan Clarkson",8,"2",44,24,49,28,959,1077,5,4,1,118
"22100068","HOU","Alperen Sengun, Armoni Brooks, Jalen Green, Kenyon Martin Jr., Kevin Porter Jr.",9,"2",22,35,22,35,867,875,0,0,0,8
"22100068","UTA","Bojan Bogdanovic, Hassan Whiteside, Jared Butler, Joe Ingles, Jordan Clarkson",9,"2",49,28,49,28,1077,1077,0,0,0,0
"22100068","HOU","Armoni Brooks, Daniel Theis, Jalen Green, Kenyon Martin Jr., Kevin Porter Jr.",10,"2",22,35,24,44,875,959,2,9,-7,84
"22100068","UTA","Bojan Bogdanovic, Donovan Mitchell, Hassan Whiteside, Jared Butler, Jordan Clarkson",10,"2",49,28,49,28,1077,1077,0,0,0,0
"22100068","HOU","Armoni Brooks, Christian Wood, Daniel Theis, Jalen Green, Kevin Porter Jr.",11,"2",24,44,24,44,959,959,0,0,0,0
"22100068","UTA","Bojan Bogdanovic, Donovan Mitchell, Hassan Whiteside, Jordan Clarkson, Royce O'Neale",11,"2",49,28,56,30,1077,1217,7,2,5,140
"22100068","HOU","Christian Wood, Daniel Theis, Eric Gordon, Jalen Green, Kevin Porter Jr.",12,"2",24,44,40,61,959,1440,16,17,-1,481
"22100068","UTA","Bojan Bogdanovic, Donovan Mitchell, Hassan Whiteside, Royce O'Neale, Rudy Gobert",12,"2",56,30,56,30,1217,1217,0,0,0,0
"22100068","HOU","Christian Wood, D.J. Augustin, Daniel Theis, Jae'Sean Tate, Jalen Green",13,"3",40,61,54,83,1440,1747,14,22,-8,307
"22100068","UTA","Bojan Bogdanovic, Donovan Mitchell, Mike Conley, Royce O'Neale, Rudy Gobert",13,"2",56,30,61,40,1217,1440,5,10,-5,223
"22100068","UTA","Bojan Bogdanovic, Donovan Mitchell, Mike Conley, Royce O'Neale, Rudy Gobert",13,"3",61,40,81,54,1440,1722,20,14,6,282
"22100068","HOU","Christian Wood, D.J. Augustin, Daniel Theis, Eric Gordon, Jalen Green",14,"3",54,83,54,83,1747,1747,0,0,0,0
"22100068","UTA","Bojan Bogdanovic, Donovan Mitchell, Hassan Whiteside, Royce O'Neale, Rudy Gobert",14,"3",81,54,81,54,1722,1722,0,0,0,0
"22100068","HOU","Alperen Sengun, Christian Wood, D.J. Augustin, Eric Gordon, Jalen Green",15,"3",54,83,59,90,1747,1962,5,7,-2,215
"22100068","UTA","Bojan Bogdanovic, Donovan Mitchell, Hassan Whiteside, Joe Ingles, Royce O'Neale",15,"3",81,54,90,57,1722,1931,9,3,6,209
"22100068","HOU","Alperen Sengun, Christian Wood, David Nwaba, Eric Gordon, Jalen Green",16,"3",59,90,64,90,1962,2045,5,0,5,83
"22100068","UTA","Donovan Mitchell, Hassan Whiteside, Joe Ingles, Jordan Clarkson, Royce O'Neale",16,"3",90,57,90,59,1931,1962,0,2,-2,31
"22100068","HOU","Alperen Sengun, Christian Wood, David Nwaba, Eric Gordon, Kenyon Martin Jr.",17,"3",64,90,64,90,2045,2045,0,0,0,0
"22100068","UTA","Donovan Mitchell, Joe Ingles, Jordan Clarkson, Royce O'Neale, Rudy Gobert",17,"3",90,59,90,59,1962,1962,0,0,0,0
"22100068","HOU","Alperen Sengun, Armoni Brooks, David Nwaba, Eric Gordon, Kenyon Martin Jr.",18,"3",64,90,72,92,2045,2160,8,2,6,115
"22100068","UTA","Donovan Mitchell, Joe Ingles, Jordan Clarkson, Mike Conley, Rudy Gobert",18,"3",90,59,90,59,1962,1962,0,0,0,0
"22100068","HOU","Alperen Sengun, Armoni Brooks, David Nwaba, Josh Christopher, Kenyon Martin Jr.",19,"4",72,92,74,97,2160,2280,2,5,-3,120
"22100068","UTA","Eric Paschall, Joe Ingles, Jordan Clarkson, Mike Conley, Rudy Gobert",19,"3",90,59,92,72,1962,2160,2,13,-11,198
"22100068","UTA","Eric Paschall, Joe Ingles, Jordan Clarkson, Mike Conley, Rudy Gobert",19,"4",92,72,97,74,2160,2280,5,2,3,120
"22100068","HOU","Armoni Brooks, David Nwaba, Josh Christopher, Kenyon Martin Jr., Usman Garuba",20,"4",74,97,80,108,2280,2509,6,11,-5,229
"22100068","UTA","Eric Paschall, Jared Butler, Joe Ingles, Jordan Clarkson, Rudy Gobert",20,"4",97,74,103,78,2280,2401,6,4,2,121
"22100068","HOU","Alperen Sengun, Armoni Brooks, Josh Christopher, Kenyon Martin Jr., Usman Garuba",21,"4",80,108,91,122,2509,2880,11,14,-3,371
"22100068","UTA","Bojan Bogdanovic, Jared Butler, Joe Ingles, Jordan Clarkson, Rudy Gobert",21,"4",103,78,103,78,2401,2401,0,0,0,0
"22100068","UTA","Bojan Bogdanovic, Hassan Whiteside, Jared Butler, Joe Ingles, Jordan Clarkson",22,"4",103,78,108,80,2401,2509,5,2,3,108
"22100068","UTA","Bojan Bogdanovic, Hassan Whiteside, Jared Butler, Jordan Clarkson, Trent Forrest",23,"4",108,80,115,80,2509,2598,7,0,7,89
"22100068","UTA","Bojan Bogdanovic, Elijah Hughes, Hassan Whiteside, Jared Butler, Trent Forrest",24,"4",115,80,115,80,2598,2600,0,0,0,2
"22100068","UTA","Elijah Hughes, Eric Paschall, Hassan Whiteside, Jared Butler, Trent Forrest",25,"4",115,80,118,84,2600,2680,3,4,-1,80
"22100068","UTA","Elijah Hughes, Eric Paschall, Jared Butler, Malik Fitts, Trent Forrest",26,"4",118,84,122,91,2680,2880,4,7,-3,200
"22100069","DAL","Dorian Finney-Smith, Dwight Powell, Luka Doncic, Reggie Bullock, Tim Hardaway Jr.",0,"1",0,0,1,18,0,316,1,18,-17,316
"22100069","SAS","Dejounte Murray, Derrick White, Jakob Poeltl, Keldon Johnson, Lonnie Walker IV",0,"1",0,0,7,0,0,151,7,0,7,151
"22100069","DAL","Dorian Finney-Smith, Luka Doncic, Maxi Kleber, Reggie Bullock, Tim Hardaway Jr.",1,"1",1,18,1,18,316,316,0,0,0,0
"22100069","SAS","Dejounte Murray, Derrick White, Devin Vassell, Jakob Poeltl, Lonnie Walker IV",1,"1",7,0,18,3,151,378,11,3,8,227
"22100069","DAL","Luka Doncic, Maxi Kleber, Reggie Bullock, Tim Hardaway Jr., Willie Cauley-Stein",2,"1",1,18,1,18,316,316,0,0,0,0
"22100069","SAS","Bryn Forbes, Dejounte Murray, Derrick White, Devin Vassell, Jakob Poeltl",2,"1",18,3,18,3,378,378,0,0,0,0
"22100069","DAL","Jalen Brunson, Luka Doncic, Maxi Kleber, Tim Hardaway Jr., Willie Cauley-Stein",3,"1",1,18,5,25,316,564,4,7,-3,248
"22100069","SAS","Bryn Forbes, Dejounte Murray, Devin Vassell, Jakob Poeltl, Keita Bates-Diop",3,"1",18,3,23,3,378,431,5,0,5,53
"22100069","DAL","Frank Ntilikina, Jalen Brunson, Luka Doncic, Maxi Kleber, Willie Cauley-Stein",4,"1",5,25,5,25,564,564,0,0,0,0
"22100069","SAS","Bryn Forbes, Dejounte Murray, Devin Vassell, Drew Eubanks, Keita Bates-Diop",4,"1",23,3,25,5,431,564,2,2,0,133
"22100069","DAL","Frank Ntilikina, Jalen Brunson, Maxi Kleber, Reggie Bullock, Willie Cauley-Stein",5,"1",5,25,15,25,564,720,10,0,10,156
"22100069","DAL","Frank Ntilikina, Jalen Brunson, Maxi Kleber, Reggie Bullock, Willie Cauley-Stein",5,"2",15,25,17,25,720,838,2,0,2,118
"22100069","SAS","Bryn Forbes, Derrick White, Devin Vassell, Drew Eubanks, Keita Bates-Diop",5,"1",25,5,25,10,564,651,0,5,-5,87
"22100069","DAL","Dorian Finney-Smith, Frank Ntilikina, Jalen Brunson, Maxi Kleber, Reggie Bullock",6,"2",17,25,30,29,838,1036,13,4,9,198
"22100069","SAS","Bryn Forbes, Derrick White, Drew Eubanks, Keita Bates-Diop, Lonnie Walker IV",6,"1",25,10,25,15,651,720,0,5,-5,69
"22100069","DAL","Dorian Finney-Smith, Jalen Brunson, Maxi Kleber, Reggie Bullock, Tim Hardaway Jr.",7,"2",30,29,30,29,1036,1036,0,0,0,0
"22100069","SAS","Derrick White, Jakob Poeltl, Keldon Johnson, Lonnie Walker IV, Tre Jones",7,"2",25,15,29,30,720,1036,4,15,-11,316
"22100069","DAL","Dorian Finney-Smith, Jalen Brunson, Luka Doncic, Maxi Kleber, Tim Hardaway Jr.",8,"2",30,29,36,32,1036,1132,6,3,3,96
"22100069","SAS","Derrick White, Devin Vassell, Jakob Poeltl, Keldon Johnson, Tre Jones",8,"2",29,30,29,30,1036,1036,0,0,0,0
"22100069","DAL","Dorian Finney-Smith, Dwight Powell, Luka Doncic, Maxi Kleber, Tim Hardaway Jr.",9,"2",36,32,36,32,1132,1132,0,0,0,0
"22100069","SAS","Bryn Forbes, Devin Vassell, Jakob Poeltl, Keldon Johnson, Tre Jones",9,"2",29,30,29,30,1036,1036,0,0,0,0
"22100069","DAL","Dorian Finney-Smith, Dwight Powell, Luka Doncic, Reggie Bullock, Tim Hardaway Jr.",10,"2",36,32,41,39,1132,1312,5,7,-2,180
"22100069","SAS","Bryn Forbes, Dejounte Murray, Devin Vassell, Jakob Poeltl, Keldon Johnson",10,"2",29,30,37,39,1036,1217,8,9,-1,181
"22100069","DAL","Dorian Finney-Smith, Dwight Powell, Jalen Brunson, Luka Doncic, Tim Hardaway Jr.",11,"2",41,39,47,49,1312,1440,6,10,-4,128
"22100069","SAS","Bryn Forbes, Dejounte Murray, Devin Vassell, Drew Eubanks, Keldon Johnson",11,"2",37,39,39,41,1217,1312,2,2,0,95
"22100069","DAL","Dorian Finney-Smith, Dwight Powell, Luka Doncic, Reggie Bullock, Tim Hardaway Jr.",12,"3",47,49,56,58,1440,1744,9,9,0,304
"22100069","SAS","Bryn Forbes, Dejounte Murray, Devin Vassell, Drew Eubanks, Jakob Poeltl",12,"2",39,41,39,41,1312,1312,0,0,0,0
"22100069","DAL","Dwight Powell, Jalen Brunson, Luka Doncic, Reggie Bullock, Tim Hardaway Jr.",13,"3",56,58,56,58,1744,1744,0,0,0,0
"22100069","SAS","Bryn Forbes, Dejounte Murray, Derrick White, Devin Vassell, Jakob Poeltl",13,"2",39,41,49,47,1312,1440,10,6,4,128
"22100069","DAL","Dwight Powell, Jalen Brunson, Luka Doncic, Maxi Kleber, Tim Hardaway Jr.",14,"3",56,58,64,66,1744,1852,8,8,0,108
"22100069","SAS","Dejounte Murray, Derrick White, Jakob Poeltl, Keldon Johnson, Lonnie Walker IV",14,"3",49,47,66,64,1440,1852,17,17,0,412
"22100069","DAL","Jalen Brunson, Luka Doncic, Maxi Kleber, Tim Hardaway Jr., Willie Cauley-Stein",15,"3",64,66,68,71,1852,1966,4,5,-1,114
"22100069","SAS","Dejounte Murray, Derrick White, Jakob Poeltl, Keita Bates-Diop, Keldon Johnson",15,"3",66,64,66,64,1852,1852,0,0,0,0
"22100069","DAL","Jalen Brunson, Luka Doncic, Maxi Kleber, Reggie Bullock, Willie Cauley-Stein",16,"3",68,71,68,71,1966,1966,0,0,0,0
"22100069","SAS","Dejounte Murray, Derrick White, Devin Vassell, Jakob Poeltl, Keita Bates-Diop",16,"3",66,64,66,64,1852,1852,0,0,0,0
"22100069","DAL","Frank Ntilikina, Jalen Brunson, Maxi Kleber, Reggie Bullock, Willie Cauley-Stein",17,"3",68,71,76,76,1966,2160,8,5,3,194
"22100069","SAS","Bryn Forbes, Dejounte Murray, Devin Vassell, Jakob Poeltl, Keita Bates-Diop",17,"3",66,64,71,68,1852,1966,5,4,1,114
"22100069","DAL","Dorian Finney-Smith, Frank Ntilikina, Jalen Brunson, Maxi Kleber, Reggie Bullock",18,"4",76,76,82,82,2160,2314,6,6,0,154
"22100069","SAS","Bryn Forbes, Dejounte Murray, Devin Vassell, Drew Eubanks, Keita Bates-Diop",18,"3",71,68,73,73,1966,2042,2,5,-3,76
"22100069","DAL","Dorian Finney-Smith, Dwight Powell, Jalen Brunson, Maxi Kleber, Reggie Bullock",19,"4",82,82,82,82,2314,2314,0,0,0,0
"22100069","SAS","Bryn Forbes, Devin Vassell, Drew Eubanks, Keita Bates-Diop, Tre Jones",19,"3",73,73,76,76,2042,2153,3,3,0,111
"22100069","DAL","Dorian Finney-Smith, Dwight Powell, Jalen Brunson, Luka Doncic, Reggie Bullock",20,"4",82,82,90,86,2314,2465,8,4,4,151
"22100069","SAS","Derrick White, Devin Vassell, Drew Eubanks, Keita Bates-Diop, Tre Jones",20,"3",76,76,76,76,2153,2160,0,0,0,7
"22100069","DAL","Dorian Finney-Smith, Dwight Powell, Jalen Brunson, Luka Doncic, Tim Hardaway Jr.",21,"4",90,86,92,86,2465,2508,2,0,2,43
"22100069","SAS","Derrick White, Devin Vassell, Drew Eubanks, Keita Bates-Diop, Lonnie Walker IV",21,"4",76,76,82,82,2160,2314,6,6,0,154
"22100069","DAL","Dorian Finney-Smith, Dwight Powell, Luka Doncic, Maxi Kleber, Tim Hardaway Jr.",22,"4",92,86,102,94,2508,2762,10,8,2,254
"22100069","SAS","Derrick White, Devin Vassell, Jakob Poeltl, Keita Bates-Diop, Lonnie Walker IV",22,"4",82,82,82,82,2314,2314,0,0,0,0
"22100069","DAL","Dorian Finney-Smith, Jalen Brunson, Luka Doncic, Maxi Kleber, Tim Hardaway Jr.",23,"4",102,94,102,99,2762,2849,0,5,-5,87
"22100069","SAS","Dejounte Murray, Derrick White, Jakob Poeltl, Keita Bates-Diop, Lonnie Walker IV",23,"4",82,82,84,86,2314,2394,2,4,-2,80
"22100069","DAL","Dorian Finney-Smith, Luka Doncic, Maxi Kleber, Reggie Bullock, Tim Hardaway Jr.",24,"4",102,99,103,99,2849,2869,1,0,1,20
"22100069","SAS","Dejounte Murray, Derrick White, Jakob Poeltl, Keldon Johnson, Lonnie Walker IV",24,"4",84,86,86,90,2394,2465,2,4,-2,71
"22100069","DAL","Dorian Finney-Smith, Dwight Powell, Luka Doncic, Maxi Kleber, Reggie Bullock",25,"4",103,99,103,99,2869,2869,0,0,0,0
"22100069","SAS","Bryn Forbes, Dejounte Murray, Jakob Poeltl, Keldon Johnson, Lonnie Walker IV",25,"4",86,90,88,97,2465,2610,2,7,-5,145
"22100069","DAL","Dorian Finney-Smith, Dwight Powell, Luka Doncic, Maxi Kleber, Tim Hardaway Jr.",26,"4",103,99,103,99,2869,2869,0,0,0,0
"22100069","SAS","Bryn Forbes, Dejounte Murray, Devin Vassell, Jakob Poeltl, Keldon Johnson",26,"4",88,97,88,97,2610,2610,0,0,0,0
"22100069","DAL","Dorian Finney-Smith, Jalen Brunson, Luka Doncic, Maxi Kleber, Tim Hardaway Jr.",27,"4",103,99,104,99,2869,2880,1,0,1,11
"22100069","SAS","Dejounte Murray, Derrick White, Devin Vassell, Jakob Poeltl, Keldon Johnson",27,"4",88,97,99,104,2610,2880,11,7,4,270
"22100070","GSW","Andrew Wiggins, Draymond Green, Jordan Poole, Kevon Looney, Stephen Curry",0,"1",0,0,17,10,0,337,17,10,7,337
"22100070","MEM","De'Anthony Melton, Desmond Bane, Ja Morant, Jaren Jackson Jr., Steven Adams",0,"1",0,0,8,15,0,289,8,15,-7,289
"22100070","GSW","Andrew Wiggins, Draymond Green, Jordan Poole, Nemanja Bjelica, Stephen Curry",1,"1",17,10,20,12,337,387,3,2,1,50
"22100070","MEM","De'Anthony Melton, Desmond Bane, Ja Morant, Kyle Anderson, Steven Adams",1,"1",8,15,8,17,289,318,0,2,-2,29
"22100070","GSW","Andrew Wiggins, Draymond Green, Gary Payton II, Nemanja Bjelica, Stephen Curry",2,"1",20,12,22,16,387,463,2,4,-2,76
"22100070","MEM","De'Anthony Melton, Ja Morant, Kyle Anderson, Steven Adams, Ziaire Williams",2,"1",8,17,16,22,318,463,8,5,3,145
"22100070","GSW","Draymond Green, Gary Payton II, Nemanja Bjelica, Otto Porter Jr., Stephen Curry",3,"1",22,16,30,18,463,620,8,2,6,157
"22100070","MEM","Ja Morant, Kyle Anderson, Steven Adams, Xavier Tillman Sr., Ziaire Williams",3,"1",16,22,16,22,463,463,0,0,0,0
"22100070","GSW","Damion Lee, Draymond Green, Nemanja Bjelica, Otto Porter Jr., Stephen Curry",4,"1",30,18,30,18,620,620,0,0,0,0
"22100070","MEM","Ja Morant, John Konchar, Kyle Anderson, Xavier Tillman Sr., Ziaire Williams",4,"1",16,22,18,30,463,620,2,8,-6,157
"22100070","GSW","Andre Iguodala, Damion Lee, Nemanja Bjelica, Otto Porter Jr., Stephen Curry",5,"1",30,18,37,20,620,720,7,2,5,100
"22100070","MEM","Ja Morant, John Konchar, Kyle Anderson, Tyus Jones, Xavier Tillman Sr.",5,"1",18,30,18,30,620,620,0,0,0,0
"22100070","GSW","Andre Iguodala, Damion Lee, Jordan Poole, Nemanja Bjelica, Otto Porter Jr.",6,"2",37,20,41,30,720,958,4,10,-6,238
"22100070","MEM","Desmond Bane, John Konchar, Kyle Anderson, Tyus Jones, Xavier Tillman Sr.",6,"1",18,30,20,37,620,720,2,7,-5,100
"22100070","GSW","Andre Iguodala, Damion Lee, Jordan Poole, Juan Toscano-Anderson, Otto Porter Jr.",7,"2",41,30,41,30,958,958,0,0,0,0
"22100070","MEM","Desmond Bane, Jaren Jackson Jr., John Konchar, Tyus Jones, Xavier Tillman Sr.",7,"2",20,37,28,41,720,918,8,4,4,198
"22100070","GSW","Andrew Wiggins, Damion Lee, Jordan Poole, Juan Toscano-Anderson, Otto Porter Jr.",8,"2",41,30,41,33,958,1012,0,3,-3,54
"22100070","MEM","Desmond Bane, Jaren Jackson Jr., Tyus Jones, Xavier Tillman Sr., Ziaire Williams",8,"2",28,41,36,42,918,1042,8,1,7,124
"22100070","GSW","Andrew Wiggins, Damion Lee, Juan Toscano-Anderson, Otto Porter Jr., Stephen Curry",9,"2",41,33,42,36,1012,1042,1,3,-2,30
"22100070","MEM","De'Anthony Melton, Desmond Bane, Jaren Jackson Jr., Tyus Jones, Xavier Tillman Sr.",9,"2",36,42,36,42,1042,1042,0,0,0,0
"22100070","GSW","Andrew Wiggins, Damion Lee, Draymond Green, Juan Toscano-Anderson, Stephen Curry",10,"2",42,36,49,41,1042,1270,7,5,2,228
"22100070","MEM","De'Anthony Melton, Desmond Bane, Steven Adams, Tyus Jones, Xavier Tillman Sr.",10,"2",36,42,36,42,1042,1067,0,0,0,25
"22100070","GSW","Andre Iguodala, Andrew Wiggins, Damion Lee, Draymond Green, Stephen Curry",11,"2",49,41,55,45,1270,1430,6,4,2,160
"22100070","MEM","De'Anthony Melton, Desmond Bane, Kyle Anderson, Steven Adams, Tyus Jones",11,"2",36,42,36,42,1067,1067,0,0,0,0
"22100070","GSW","Andrew Wiggins, Damion Lee, Draymond Green, Otto Porter Jr., Stephen Curry",12,"2",55,45,55,45,1430,1440,0,0,0,10
"22100070","MEM","De'Anthony Melton, Desmond Bane, Ja Morant, Kyle Anderson, Steven Adams",12,"2",36,42,36,49,1067,1199,0,7,-7,132
"22100070","GSW","Andrew Wiggins, Draymond Green, Jordan Poole, Kevon Looney, Stephen Curry",13,"3",55,45,63,58,1440,1745,8,13,-5,305
"22100070","MEM","De'Anthony Melton, Ja Morant, Kyle Anderson, Steven Adams, Ziaire Williams",13,"2",36,49,41,49,1199,1270,5,0,5,71
"22100070","GSW","Andrew Wiggins, Draymond Green, Jordan Poole, Otto Porter Jr., Stephen Curry",14,"3",63,58,68,63,1745,1869,5,5,0,124
"22100070","MEM","De'Anthony Melton, Ja Morant, Jaren Jackson Jr., Steven Adams, Ziaire Williams",14,"2",41,49,41,49,1270,1270,0,0,0,0
"22100070","GSW","Andrew Wiggins, Draymond Green, Gary Payton II, Otto Porter Jr., Stephen Curry",15,"3",68,63,68,63,1869,1869,0,0,0,0
"22100070","MEM","De'Anthony Melton, Ja Morant, Jaren Jackson Jr., Steven Adams, Tyus Jones",15,"2",41,49,43,52,1270,1364,2,3,-1,94
"22100070","GSW","Andrew Wiggins, Gary Payton II, Juan Toscano-Anderson, Otto Porter Jr., Stephen Curry",16,"3",68,63,75,67,1869,2043,7,4,3,174
"22100070","MEM","De'Anthony Melton, Desmond Bane, Ja Morant, Steven Adams, Tyus Jones",16,"2",43,52,45,55,1364,1430,2,3,-1,66
"22100070","GSW","Damion Lee, Gary Payton II, Juan Toscano-Anderson, Otto Porter Jr., Stephen Curry",17,"3",75,67,77,67,2043,2063,2,0,2,20
"22100070","MEM","De'Anthony Melton, Desmond Bane, Ja Morant, Kyle Anderson, Tyus Jones",17,"2",45,55,45,55,1430,1440,0,0,0,10
"22100070","GSW","Andre Iguodala, Damion Lee, Gary Payton II, Otto Porter Jr., Stephen Curry",18,"3",77,67,79,73,2063,2155,2,6,-4,92
"22100070","MEM","De'Anthony Melton, Desmond Bane, Ja Morant, Jaren Jackson Jr., Steven Adams",18,"3",45,55,63,68,1440,1869,18,13,5,429
"22100070","GSW","Andre Iguodala, Damion Lee, Jordan Poole, Otto Porter Jr., Stephen Curry",19,"3",79,73,79,73,2155,2160,0,0,0,5
"22100070","MEM","Desmond Bane, Ja Morant, Jaren Jackson Jr., Kyle Anderson, Steven Adams",19,"3",63,68,63,68,1869,1869,0,0,0,0
"22100070","GSW","Andre Iguodala, Damion Lee, Jordan Poole, Nemanja Bjelica, Otto Porter Jr.",20,"4",79,73,86,81,2160,2344,7,8,-1,184
"22100070","MEM","Desmond Bane, Ja Morant, Kyle Anderson, Steven Adams, Xavier Tillman Sr.",20,"3",63,68,63,68,1869,1869,0,0,0,0
"22100070","GSW","Andre Iguodala, Damion Lee, Jordan Poole, Juan Toscano-Anderson, Nemanja Bjelica",21,"4",86,81,86,81,2344,2370,0,0,0,26
"22100070","MEM","Desmond Bane, Ja Morant, Kyle Anderson, Xavier Tillman Sr., Ziaire Williams",21,"3",63,68,65,72,1869,1967,2,4,-2,98
"22100070","GSW","Andre Iguodala, Damion Lee, Draymond Green, Jordan Poole, Juan Toscano-Anderson",22,"4",86,81,86,86,2370,2480,0,5,-5,110
"22100070","MEM","Ja Morant, Kyle Anderson, Tyus Jones, Xavier Tillman Sr., Ziaire Williams",22,"3",65,72,73,79,1967,2160,8,7,1,193
"22100070","GSW","Andre Iguodala, Andrew Wiggins, Damion Lee, Draymond Green, Juan Toscano-Anderson",23,"4",86,86,91,91,2480,2608,5,5,0,128
"22100070","MEM","De'Anthony Melton, Jaren Jackson Jr., Tyus Jones, Xavier Tillman Sr., Ziaire Williams",23,"4",73,79,81,86,2160,2363,8,7,1,203
"22100070","GSW","Andrew Wiggins, Damion Lee, Draymond Green, Juan Toscano-Anderson, Stephen Curry",24,"4",91,91,93,96,2608,2699,2,5,-3,91
"22100070","MEM","De'Anthony Melton, Jaren Jackson Jr., Kyle Anderson, Tyus Jones, Ziaire Williams",24,"4",81,86,81,86,2363,2394,0,0,0,31
"22100070","GSW","Andre Iguodala, Andrew Wiggins, Damion Lee, Draymond Green, Stephen Curry",25,"4",93,96,98,98,2699,2880,5,2,3,181
"22100070","GSW","Andre Iguodala, Andrew Wiggins, Damion Lee, Draymond Green, Stephen Curry",25,"5",98,98,101,104,2880,3176,3,6,-3,296
"22100070","MEM","De'Anthony Melton, Desmond Bane, Jaren Jackson Jr., Kyle Anderson, Tyus Jones",25,"4",81,86,81,86,2394,2394,0,0,0,0
"22100070","GSW","Andre Iguodala, Andrew Wiggins, Damion Lee, Draymond Green, Gary Payton II",26,"5",101,104,101,104,3176,3176,0,0,0,0
"22100070","MEM","De'Anthony Melton, Desmond Bane, Ja Morant, Jaren Jackson Jr., Kyle Anderson",26,"4",81,86,86,86,2394,2464,5,0,5,70
"22100070","GSW","Andre Iguodala, Andrew Wiggins, Draymond Green, Gary Payton II, Juan Toscano-Anderson",27,"5",101,104,101,104,3176,3176,0,0,0,0
"22100070","MEM","Desmond Bane, Ja Morant, Jaren Jackson Jr., Kyle Anderson, Xavier Tillman Sr.",27,"4",86,86,86,86,2464,2464,0,0,0,0
"22100070","GSW","Andre Iguodala, Draymond Green, Gary Payton II, Juan Toscano-Anderson, Stephen Curry",28,"5",101,104,101,104,3176,3176,0,0,0,0
"22100070","MEM","Desmond Bane, Ja Morant, Kyle Anderson, Xavier Tillman Sr., Ziaire Williams",28,"4",86,86,96,93,2464,2699,10,7,3,235
"22100070","GSW","Andre Iguodala, Damion Lee, Draymond Green, Gary Payton II, Stephen Curry",29,"5",101,104,101,104,3176,3180,0,0,0,4
"22100070","MEM","De'Anthony Melton, Desmond Bane, Ja Morant, Kyle Anderson, Xavier Tillman Sr.",29,"4",96,93,96,93,2699,2703,0,0,0,4
"22100070","MEM","De'Anthony Melton, Desmond Bane, Ja Morant, Jaren Jackson Jr., Kyle Anderson",30,"4",96,93,98,98,2703,2880,2,5,-3,177
"22100070","MEM","De'Anthony Melton, Desmond Bane, Ja Morant, Jaren Jackson Jr., Kyle Anderson",30,"5",98,98,104,101,2880,3180,6,3,3,300
"22100071","ORL","Cole Anthony, Franz Wagner, Jalen Suggs, Mo Bamba, Wendell Carter Jr.",0,"1",0,0,13,9,0,386,13,9,4,386
"22100071","TOR","Fred VanVleet, Gary Trent Jr., OG Anunoby, Precious Achiuwa, Scottie Barnes",0,"1",0,0,11,16,0,436,11,16,-5,436
"22100071","ORL","Cole Anthony, Franz Wagner, Mo Bamba, Terrence Ross, Wendell Carter Jr.",1,"1",13,9,13,9,386,386,0,0,0,0
"22100071","TOR","Fred VanVleet, Gary Trent Jr., Khem Birch, OG Anunoby, Scottie Barnes",1,"1",11,16,11,16,436,436,0,0,0,0
"22100071","ORL","Cole Anthony, Gary Harris, Mo Bamba, Terrence Ross, Wendell Carter Jr.",2,"1",13,9,16,11,386,436,3,2,1,50
"22100071","TOR","Dalano Banton, Gary Trent Jr., Khem Birch, OG Anunoby, Scottie Barnes",2,"1",11,16,14,20,436,518,3,4,-1,82
"22100071","ORL","Cole Anthony, Gary Harris, Mo Bamba, Robin Lopez, Terrence Ross",3,"1",16,11,20,14,436,518,4,3,1,82
"22100071","TOR","Chris Boucher, Dalano Banton, Gary Trent Jr., Khem Birch, OG Anunoby",3,"1",14,20,16,20,518,559,2,0,2,41
"22100071","ORL","Cole Anthony, Franz Wagner, Gary Harris, Robin Lopez, Terrence Ross",4,"1",20,14,20,16,518,538,0,2,-2,20
"22100071","TOR","Chris Boucher, Dalano Banton, Fred VanVleet, Khem Birch, OG Anunoby",4,"1",16,20,23,20,559,720,7,0,7,161
"22100071","ORL","Franz Wagner, Gary Harris, R.J. Hampton, Robin Lopez, Terrence Ross",5,"1",20,16,20,23,538,720,0,7,-7,182
"22100071","TOR","Chris Boucher, Dalano Banton, Fred VanVleet, Khem Birch, Scottie Barnes",5,"2",23,20,30,25,720,885,7,5,2,165
"22100071","ORL","Jalen Suggs, Mo Bamba, R.J. Hampton, Robin Lopez, Terrence Ross",6,"2",20,23,25,30,720,885,5,7,-2,165
"22100071","TOR","Dalano Banton, Fred VanVleet, Khem Birch, Scottie Barnes, Svi Mykhailiuk",6,"2",30,25,34,33,885,1008,4,8,-4,123
"22100071","ORL","Cole Anthony, Jalen Suggs, Mo Bamba, Robin Lopez, Terrence Ross",7,"2",25,30,25,30,885,885,0,0,0,0
"22100071","TOR","Dalano Banton, Gary Trent Jr., Khem Birch, Scottie Barnes, Svi Mykhailiuk",7,"2",34,33,34,33,1008,1008,0,0,0,0
"22100071","ORL","Cole Anthony, Jalen Suggs, Mo Bamba, Terrence Ross, Wendell Carter Jr.",8,"2",25,30,33,34,885,1008,8,4,4,123
"22100071","TOR","Dalano Banton, Gary Trent Jr., OG Anunoby, Scottie Barnes, Svi Mykhailiuk",8,"2",34,33,34,33,1008,1008,0,0,0,0
"22100071","ORL","Cole Anthony, Franz Wagner, Jalen Suggs, Mo Bamba, Wendell Carter Jr.",9,"2",33,34,37,38,1008,1090,4,4,0,82
"22100071","TOR","Gary Trent Jr., OG Anunoby, Precious Achiuwa, Scottie Barnes, Svi Mykhailiuk",9,"2",34,33,47,46,1008,1252,13,13,0,244
"22100071","ORL","Cole Anthony, Franz Wagner, Gary Harris, Mo Bamba, Wendell Carter Jr.",10,"2",37,38,46,47,1090,1252,9,9,0,162
"22100071","TOR","Fred VanVleet, Gary Trent Jr., OG Anunoby, Precious Achiuwa, Scottie Barnes",10,"2",47,46,54,51,1252,1406,7,5,2,154
"22100071","ORL","Franz Wagner, Gary Harris, Jalen Suggs, Mo Bamba, Wendell Carter Jr.",11,"2",46,47,46,47,1252,1287,0,0,0,35
"22100071","TOR","Chris Boucher, Fred VanVleet, Gary Trent Jr., OG Anunoby, Precious Achiuwa",11,"2",54,51,54,51,1406,1440,0,0,0,34
"22100071","ORL","Franz Wagner, Gary Harris, Jalen Suggs, Terrence Ross, Wendell Carter Jr.",12,"2",46,47,51,54,1287,1440,5,7,-2,153
"22100071","TOR","Fred VanVleet, Gary Trent Jr., OG Anunoby, Precious Achiuwa, Scottie Barnes",12,"3",54,51,67,68,1440,1858,13,17,-4,418
"22100071","ORL","Cole Anthony, Franz Wagner, Jalen Suggs, Mo Bamba, Wendell Carter Jr.",13,"3",51,54,62,63,1440,1716,11,9,2,276
"22100071","TOR","Dalano Banton, Fred VanVleet, Gary Trent Jr., OG Anunoby, Precious Achiuwa",13,"3",67,68,67,68,1858,1858,0,0,0,0
"22100071","ORL","Cole Anthony, Franz Wagner, Gary Harris, Mo Bamba, Wendell Carter Jr.",14,"3",62,63,65,67,1716,1802,3,4,-1,86
"22100071","TOR","Chris Boucher, Dalano Banton, Fred VanVleet, Gary Trent Jr., OG Anunoby",14,"3",67,68,67,68,1858,1858,0,0,0,0
"22100071","ORL","Cole Anthony, Franz Wagner, Gary Harris, Mo Bamba, Moritz Wagner",15,"3",65,67,68,67,1802,1872,3,0,3,70
"22100071","TOR","Chris Boucher, Dalano Banton, Gary Trent Jr., Khem Birch, OG Anunoby",15,"3",67,68,71,72,1858,2001,4,4,0,143
"22100071","ORL","Cole Anthony, Gary Harris, Mo Bamba, Moritz Wagner, Terrence Ross",16,"3",68,67,72,71,1872,2001,4,4,0,129
"22100071","TOR","Chris Boucher, Dalano Banton, Fred VanVleet, Gary Trent Jr., Khem Birch",16,"3",71,72,71,72,2001,2001,0,0,0,0
"22100071","ORL","Cole Anthony, Gary Harris, Jalen Suggs, Moritz Wagner, Terrence Ross",17,"3",72,71,72,71,2001,2001,0,0,0,0
"22100071","TOR","Chris Boucher, Dalano Banton, Fred VanVleet, Khem Birch, Scottie Barnes",17,"3",71,72,77,78,2001,2160,6,6,0,159
"22100071","ORL","Gary Harris, Jalen Suggs, Moritz Wagner, Terrence Ross, Wendell Carter Jr.",18,"3",72,71,78,77,2001,2160,6,6,0,159
"22100071","TOR","Chris Boucher, Dalano Banton, Fred VanVleet, Khem Birch, OG Anunoby",18,"4",77,78,92,88,2160,2454,15,10,5,294
"22100071","ORL","Gary Harris, Jalen Suggs, Mo Bamba, Moritz Wagner, Terrence Ross",19,"4",78,77,80,85,2160,2311,2,8,-6,151
"22100071","TOR","Chris Boucher, Fred VanVleet, Khem Birch, OG Anunoby, Scottie Barnes",19,"4",92,88,96,90,2454,2516,4,2,2,62
"22100071","ORL","Cole Anthony, Gary Harris, Mo Bamba, Moritz Wagner, Terrence Ross",20,"4",80,85,80,85,2311,2311,0,0,0,0
"22100071","TOR","Fred VanVleet, Gary Trent Jr., Khem Birch, OG Anunoby, Scottie Barnes",20,"4",96,90,104,96,2516,2680,8,6,2,164
"22100071","ORL","Cole Anthony, Gary Harris, Mo Bamba, Terrence Ross, Wendell Carter Jr.",21,"4",80,85,80,85,2311,2311,0,0,0,0
"22100071","TOR","Dalano Banton, Fred VanVleet, Gary Trent Jr., OG Anunoby, Scottie Barnes",21,"4",104,96,110,109,2680,2880,6,13,-7,200
"22100071","ORL","Cole Anthony, Franz Wagner, Gary Harris, Mo Bamba, Wendell Carter Jr.",22,"4",80,85,93,101,2311,2622,13,16,-3,311
"22100071","ORL","Cole Anthony, Franz Wagner, Jalen Suggs, Mo Bamba, Wendell Carter Jr.",23,"4",93,101,93,101,2622,2622,0,0,0,0
"22100071","ORL","Cole Anthony, Franz Wagner, Jalen Suggs, Mo Bamba, Terrence Ross",24,"4",93,101,96,104,2622,2699,3,3,0,77
"22100071","ORL","Cole Anthony, Franz Wagner, Jalen Suggs, Mo Bamba, Wendell Carter Jr.",25,"4",96,104,109,110,2699,2880,13,6,7,181
"22100072","BKN","Blake Griffin, Bruce Brown, James Harden, Joe Harris, Kevin Durant",0,"1",0,0,5,13,0,268,5,13,-8,268
"22100072","IND","Chris Duarte, Domantas Sabonis, Justin Holiday, Myles Turner, T.J. McConnell",0,"1",0,0,13,5,0,286,13,5,8,286
"22100072","BKN","Blake Griffin, James Harden, Joe Harris, Kevin Durant, Patty Mills",1,"1",5,13,14,23,268,461,9,10,-1,193
"22100072","IND","Chris Duarte, Domantas Sabonis, Justin Holiday, Oshae Brissett, T.J. McConnell",1,"1",13,5,13,10,286,323,0,5,-5,37
"22100072","BKN","James Harden, Joe Harris, Kevin Durant, LaMarcus Aldridge, Patty Mills",2,"1",14,23,19,28,461,516,5,5,0,55
"22100072","IND","Chris Duarte, Domantas Sabonis, Justin Holiday, Oshae Brissett, Torrey Craig",2,"1",13,10,13,10,323,323,0,0,0,0
"22100072","BKN","DeAndre' Bembry, James Harden, Kevin Durant, LaMarcus Aldridge, Patty Mills",3,"1",19,28,21,28,516,552,2,0,2,36
"22100072","IND","Brad Wanamaker, Chris Duarte, Domantas Sabonis, Justin Holiday, Torrey Craig",3,"1",13,10,21,12,323,438,8,2,6,115
"22100072","BKN","Bruce Brown, DeAndre' Bembry, Kevin Durant, LaMarcus Aldridge, Patty Mills",4,"1",21,28,21,28,552,552,0,0,0,0
"22100072","IND","Brad Wanamaker, Chris Duarte, Domantas Sabonis, Jeremy Lamb, Torrey Craig",4,"1",21,12,28,21,438,552,7,9,-2,114
"22100072","BKN","Bruce Brown, Joe Harris, Kevin Durant, LaMarcus Aldridge, Patty Mills",5,"1",21,28,21,30,552,590,0,2,-2,38
"22100072","IND","Brad Wanamaker, Domantas Sabonis, Jeremy Lamb, Justin Holiday, Torrey Craig",5,"1",28,21,28,21,552,552,0,0,0,0
"22100072","BKN","Bruce Brown, DeAndre' Bembry, Kevin Durant, LaMarcus Aldridge, Patty Mills",6,"1",21,30,26,38,590,716,5,8,-3,126
"22100072","IND","Brad Wanamaker, Jeremy Lamb, Justin Holiday, Myles Turner, Torrey Craig",6,"1",28,21,30,21,552,590,2,0,2,38
"22100072","BKN","DeAndre' Bembry, Joe Harris, Kevin Durant, LaMarcus Aldridge, Patty Mills",7,"1",26,38,26,38,716,716,0,0,0,0
"22100072","IND","Jeremy Lamb, Justin Holiday, Myles Turner, T.J. McConnell, Torrey Craig",7,"1",30,21,38,26,590,716,8,5,3,126
"22100072","BKN","James Harden, Joe Harris, Kevin Durant, LaMarcus Aldridge, Patty Mills",8,"1",26,38,26,38,716,719,0,0,0,3
"22100072","IND","Justin Holiday, Myles Turner, Oshae Brissett, T.J. McConnell, Torrey Craig",8,"1",38,26,38,26,716,719,0,0,0,3
"22100072","BKN","Bruce Brown, James Harden, Kevin Durant, LaMarcus Aldridge, Patty Mills",9,"1",26,38,26,38,719,719,0,0,0,0
"22100072","IND","Jeremy Lamb, Justin Holiday, Myles Turner, T.J. McConnell, Torrey Craig",9,"1",38,26,38,26,719,720,0,0,0,1
"22100072","IND","Jeremy Lamb, Justin Holiday, Myles Turner, T.J. McConnell, Torrey Craig",9,"2",38,26,46,32,720,897,8,6,2,177
"22100072","BKN","Bruce Brown, DeAndre' Bembry, Kevin Durant, LaMarcus Aldridge, Patty Mills",10,"1",26,38,26,38,719,720,0,0,0,1
"22100072","IND","Chris Duarte, Jeremy Lamb, Myles Turner, T.J. McConnell, Torrey Craig",10,"2",46,32,46,32,897,897,0,0,0,0
"22100072","BKN","DeAndre' Bembry, Jevon Carter, Joe Harris, LaMarcus Aldridge, Patty Mills",11,"2",26,38,30,46,720,885,4,8,-4,165
"22100072","IND","Chris Duarte, Domantas Sabonis, Jeremy Lamb, T.J. McConnell, Torrey Craig",11,"2",46,32,46,34,897,921,0,2,-2,24
"22100072","BKN","DeAndre' Bembry, Jevon Carter, Joe Harris, LaMarcus Aldridge, Paul Millsap",12,"2",30,46,30,46,885,885,0,0,0,0
"22100072","IND","Chris Duarte, Domantas Sabonis, Jeremy Lamb, Myles Turner, T.J. McConnell",12,"2",46,34,46,40,921,988,0,6,-6,67
"22100072","BKN","James Harden, Jevon Carter, Joe Harris, LaMarcus Aldridge, Paul Millsap",13,"2",30,46,42,49,885,1052,12,3,9,167
"22100072","IND","Chris Duarte, Domantas Sabonis, Justin Holiday, Myles Turner, T.J. McConnell",13,"2",46,40,49,42,988,1052,3,2,1,64
"22100072","BKN","Blake Griffin, James Harden, Jevon Carter, LaMarcus Aldridge, Paul Millsap",14,"2",42,49,42,49,1052,1052,0,0,0,0
"22100072","IND","Chris Duarte, Domantas Sabonis, Justin Holiday, T.J. McConnell, Torrey Craig",14,"2",49,42,49,43,1052,1119,0,1,-1,67
"22100072","BKN","Blake Griffin, James Harden, Jevon Carter, Kevin Durant, Paul Millsap",15,"2",42,49,58,55,1052,1440,16,6,10,388
"22100072","IND","Brad Wanamaker, Chris Duarte, Domantas Sabonis, Justin Holiday, Torrey Craig",15,"2",49,43,51,50,1119,1242,2,7,-5,123
"22100072","BKN","Blake Griffin, Bruce Brown, James Harden, Joe Harris, Kevin Durant",16,"3",58,55,68,64,1440,1787,10,9,1,347
"22100072","IND","Brad Wanamaker, Chris Duarte, Domantas Sabonis, T.J. McConnell, Torrey Craig",16,"2",51,50,51,50,1242,1242,0,0,0,0
"22100072","BKN","Bruce Brown, James Harden, Joe Harris, Kevin Durant, Patty Mills",17,"3",68,64,68,64,1787,1787,0,0,0,0
"22100072","IND","Chris Duarte, Domantas Sabonis, Oshae Brissett, T.J. McConnell, Torrey Craig",17,"2",51,50,55,58,1242,1399,4,8,-4,157
"22100072","BKN","Bruce Brown, James Harden, Kevin Durant, LaMarcus Aldridge, Patty Mills",18,"3",68,64,73,67,1787,1908,5,3,2,121
"22100072","IND","Chris Duarte, Domantas Sabonis, Jeremy Lamb, Oshae Brissett, T.J. McConnell",18,"2",55,58,55,58,1399,1440,0,0,0,41
"22100072","BKN","Bruce Brown, Jevon Carter, Kevin Durant, LaMarcus Aldridge, Patty Mills",19,"3",73,67,77,69,1908,1957,4,2,2,49
"22100072","IND","Chris Duarte, Domantas Sabonis, Justin Holiday, Myles Turner, T.J. McConnell",19,"3",55,58,62,68,1440,1747,7,10,-3,307
"22100072","BKN","DeAndre' Bembry, Jevon Carter, Kevin Durant, LaMarcus Aldridge, Patty Mills",20,"3",77,69,85,74,1957,2160,8,5,3,203
"22100072","IND","Chris Duarte, Domantas Sabonis, Myles Turner, T.J. McConnell, Torrey Craig",20,"3",62,68,69,77,1747,1957,7,9,-2,210
"22100072","BKN","DeAndre' Bembry, Jevon Carter, LaMarcus Aldridge, Patty Mills, Paul Millsap",21,"4",85,74,85,76,2160,2271,0,2,-2,111
"22100072","IND","Chris Duarte, Domantas Sabonis, Jeremy Lamb, Myles Turner, Torrey Craig",21,"3",69,77,69,77,1957,1957,0,0,0,0
"22100072","BKN","DeAndre' Bembry, Joe Harris, LaMarcus Aldridge, Patty Mills, Paul Millsap",22,"4",85,76,85,80,2271,2356,0,4,-4,85
"22100072","IND","Brad Wanamaker, Chris Duarte, Domantas Sabonis, Jeremy Lamb, Torrey Craig",22,"3",69,77,69,81,1957,2003,0,4,-4,46
"22100072","BKN","DeAndre' Bembry, James Harden, Joe Harris, LaMarcus Aldridge, Paul Millsap",23,"4",85,80,85,80,2356,2356,0,0,0,0
"22100072","IND","Brad Wanamaker, Domantas Sabonis, Jeremy Lamb, Justin Holiday, Torrey Craig",23,"3",69,81,69,81,2003,2003,0,0,0,0
"22100072","BKN","Bruce Brown, James Harden, Joe Harris, LaMarcus Aldridge, Paul Millsap",24,"4",85,80,87,82,2356,2415,2,2,0,59
"22100072","IND","Brad Wanamaker, Jeremy Lamb, Justin Holiday, Myles Turner, Torrey Craig",24,"3",69,81,74,85,2003,2160,5,4,1,157
"22100072","IND","Brad Wanamaker, Jeremy Lamb, Justin Holiday, Myles Turner, Torrey Craig",24,"4",74,85,82,87,2160,2415,8,2,6,255
"22100072","BKN","Bruce Brown, James Harden, Joe Harris, Kevin Durant, LaMarcus Aldridge",25,"4",87,82,103,94,2415,2829,16,12,4,414
"22100072","IND","Brad Wanamaker, Chris Duarte, Jeremy Lamb, Myles Turner, Torrey Craig",25,"4",82,87,82,87,2415,2415,0,0,0,0
"22100072","BKN","Bruce Brown, DeAndre' Bembry, James Harden, Joe Harris, LaMarcus Aldridge",26,"4",103,94,105,98,2829,2880,2,4,-2,51
"22100072","IND","Chris Duarte, Jeremy Lamb, Myles Turner, T.J. McConnell, Torrey Craig",26,"4",82,87,82,87,2415,2415,0,0,0,0
"22100072","IND","Chris Duarte, Domantas Sabonis, Myles Turner, T.J. McConnell, Torrey Craig",27,"4",82,87,90,94,2415,2607,8,7,1,192
"22100072","IND","Chris Duarte, Domantas Sabonis, Justin Holiday, Myles Turner, T.J. McConnell",28,"4",90,94,90,96,2607,2634,0,2,-2,27
"22100072","IND","Chris Duarte, Domantas Sabonis, Justin Holiday, T.J. McConnell, Torrey Craig",29,"4",90,96,92,101,2634,2782,2,5,-3,148
"22100072","IND","Domantas Sabonis, Jeremy Lamb, Justin Holiday, T.J. McConnell, Torrey Craig",30,"4",92,101,94,103,2782,2829,2,2,0,47
"22100072","IND","Domantas Sabonis, Duane Washington Jr., Jeremy Lamb, T.J. McConnell, Torrey Craig",31,"4",94,103,94,103,2829,2829,0,0,0,0
"22100072","IND","DeJon Jarreau, Domantas Sabonis, Duane Washington Jr., Jeremy Lamb, Torrey Craig",32,"4",94,103,94,103,2829,2829,0,0,0,0
"22100072","IND","DeJon Jarreau, Duane Washington Jr., Goga Bitadze, Jeremy Lamb, Torrey Craig",33,"4",94,103,98,105,2829,2880,4,2,2,51
"22100073","CHA","Gordon Hayward, Kelly Oubre Jr., LaMelo Ball, Mason Plumlee, Miles Bridges",0,"1",0,0,7,13,0,337,7,13,-6,337
"22100073","MIA","Bam Adebayo, Duncan Robinson, Jimmy Butler, Kyle Lowry, P.J. Tucker",0,"1",0,0,19,15,0,466,19,15,4,466
"22100073","CHA","Kelly Oubre Jr., LaMelo Ball, Mason Plumlee, Miles Bridges, P.J. Washington",1,"1",7,13,7,13,337,337,0,0,0,0
"22100073","MIA","Bam Adebayo, Duncan Robinson, Jimmy Butler, P.J. Tucker, Tyler Herro",1,"1",19,15,22,15,466,504,3,0,3,38
"22100073","CHA","Cody Martin, Kelly Oubre Jr., LaMelo Ball, Miles Bridges, P.J. Washington",2,"1",7,13,15,19,337,466,8,6,2,129
"22100073","MIA","Dewayne Dedmon, Duncan Robinson, Jimmy Butler, P.J. Tucker, Tyler Herro",2,"1",22,15,22,15,504,504,0,0,0,0
"22100073","CHA","Cody Martin, Ish Smith, Kelly Oubre Jr., LaMelo Ball, P.J. Washington",3,"1",15,19,15,19,466,466,0,0,0,0
"22100073","MIA","Dewayne Dedmon, Duncan Robinson, Jimmy Butler, Markieff Morris, Tyler Herro",3,"1",22,15,30,22,504,636,8,7,1,132
"22100073","CHA","Cody Martin, Ish Smith, Jalen McDaniels, Kelly Oubre Jr., P.J. Washington",4,"1",15,19,20,24,466,546,5,5,0,80
"22100073","MIA","Dewayne Dedmon, Duncan Robinson, Markieff Morris, Max Strus, Tyler Herro",4,"1",30,22,30,22,636,636,0,0,0,0
"22100073","CHA","Cody Martin, Gordon Hayward, Ish Smith, Jalen McDaniels, P.J. Washington",5,"1",20,24,22,33,546,720,2,9,-7,174
"22100073","MIA","Dewayne Dedmon, Kyle Lowry, Markieff Morris, Max Strus, Tyler Herro",5,"1",30,22,33,22,636,720,3,0,3,84
"22100073","MIA","Dewayne Dedmon, Kyle Lowry, Markieff Morris, Max Strus, Tyler Herro",5,"2",33,22,40,24,720,857,7,2,5,137
"22100073","CHA","Gordon Hayward, Jalen McDaniels, LaMelo Ball, Mason Plumlee, Miles Bridges",6,"2",22,33,24,40,720,871,2,7,-5,151
"22100073","MIA","Bam Adebayo, Kyle Lowry, Markieff Morris, Max Strus, Tyler Herro",6,"2",40,24,49,29,857,1004,9,5,4,147
"22100073","CHA","Cody Martin, Gordon Hayward, LaMelo Ball, Mason Plumlee, Miles Bridges",7,"2",24,40,29,49,871,1004,5,9,-4,133
"22100073","MIA","Bam Adebayo, Jimmy Butler, Markieff Morris, Max Strus, Tyler Herro",7,"2",49,29,53,29,1004,1098,4,0,4,94
"22100073","CHA","Cody Martin, Gordon Hayward, Ish Smith, Mason Plumlee, Miles Bridges",8,"2",29,49,29,49,1004,1004,0,0,0,0
"22100073","MIA","Bam Adebayo, Jimmy Butler, Max Strus, P.J. Tucker, Tyler Herro",8,"2",53,29,53,29,1098,1098,0,0,0,0
"22100073","CHA","Cody Martin, Ish Smith, Mason Plumlee, Miles Bridges, P.J. Washington",9,"2",29,49,29,49,1004,1004,0,0,0,0
"22100073","MIA","Bam Adebayo, Duncan Robinson, Jimmy Butler, P.J. Tucker, Tyler Herro",9,"2",53,29,55,33,1098,1182,2,4,-2,84
"22100073","CHA","Cody Martin, Ish Smith, Kelly Oubre Jr., Miles Bridges, P.J. Washington",10,"2",29,49,31,55,1004,1168,2,6,-4,164
"22100073","MIA","Bam Adebayo, Duncan Robinson, Jimmy Butler, Kyle Lowry, P.J. Tucker",10,"2",55,33,57,37,1182,1225,2,4,-2,43
"22100073","CHA","Cody Martin, Gordon Hayward, Ish Smith, Kelly Oubre Jr., P.J. Washington",11,"2",31,55,37,59,1168,1282,6,4,2,114
"22100073","MIA","Dewayne Dedmon, Duncan Robinson, Jimmy Butler, Kyle Lowry, P.J. Tucker",11,"2",57,37,59,39,1225,1316,2,2,0,91
"22100073","CHA","Cody Martin, Gordon Hayward, Ish Smith, Kelly Oubre Jr., Miles Bridges",12,"2",37,59,39,59,1282,1299,2,0,2,17
"22100073","MIA","Bam Adebayo, Duncan Robinson, Jimmy Butler, Kyle Lowry, P.J. Tucker",12,"2",59,39,59,39,1316,1316,0,0,0,0
"22100073","CHA","Cody Martin, Gordon Hayward, Kelly Oubre Jr., LaMelo Ball, Miles Bridges",13,"2",39,59,46,64,1299,1434,7,5,2,135
"22100073","MIA","Bam Adebayo, Jimmy Butler, Kyle Lowry, P.J. Tucker, Tyler Herro",13,"2",59,39,64,46,1316,1434,5,7,-2,118
"22100073","CHA","Cody Martin, Gordon Hayward, Kelly Oubre Jr., Miles Bridges, P.J. Washington",14,"2",46,64,46,64,1434,1440,0,0,0,6
"22100073","MIA","Bam Adebayo, Duncan Robinson, Jimmy Butler, Kyle Lowry, Tyler Herro",14,"2",64,46,64,46,1434,1440,0,0,0,6
"22100073","CHA","Gordon Hayward, Kelly Oubre Jr., LaMelo Ball, Mason Plumlee, Miles Bridges",15,"3",46,64,60,76,1440,1915,14,12,2,475
"22100073","MIA","Bam Adebayo, Duncan Robinson, Jimmy Butler, Kyle Lowry, P.J. Tucker",15,"3",64,46,71,60,1440,1807,7,14,-7,367
"22100073","CHA","Gordon Hayward, Ish Smith, Kelly Oubre Jr., Mason Plumlee, Miles Bridges",16,"3",60,76,60,76,1915,1915,0,0,0,0
"22100073","MIA","Bam Adebayo, Duncan Robinson, Jimmy Butler, P.J. Tucker, Tyler Herro",16,"3",71,60,76,60,1807,1915,5,0,5,108
"22100073","CHA","Gordon Hayward, Ish Smith, Mason Plumlee, Miles Bridges, P.J. Washington",17,"3",60,76,60,76,1915,1915,0,0,0,0
"22100073","MIA","Dewayne Dedmon, Duncan Robinson, Jimmy Butler, P.J. Tucker, Tyler Herro",17,"3",76,60,78,63,1915,1952,2,3,-1,37
"22100073","CHA","Cody Martin, Gordon Hayward, Ish Smith, Miles Bridges, P.J. Washington",18,"3",60,76,75,84,1915,2160,15,8,7,245
"22100073","MIA","Dewayne Dedmon, Duncan Robinson, Jimmy Butler, Markieff Morris, Tyler Herro",18,"3",78,63,84,75,1952,2152,6,12,-6,200
"22100073","CHA","Cody Martin, Ish Smith, Jalen McDaniels, Kelly Oubre Jr., P.J. Washington",19,"4",75,84,82,95,2160,2428,7,11,-4,268
"22100073","MIA","Dewayne Dedmon, Jimmy Butler, Markieff Morris, Max Strus, Tyler Herro",19,"3",84,75,84,75,2152,2160,0,0,0,8
"22100073","CHA","Cody Martin, Jalen McDaniels, Kelly Oubre Jr., LaMelo Ball, P.J. Washington",20,"4",82,95,82,95,2428,2428,0,0,0,0
"22100073","MIA","Bam Adebayo, Kyle Lowry, Markieff Morris, Max Strus, Tyler Herro",20,"4",84,75,97,84,2160,2485,13,9,4,325
"22100073","CHA","Cody Martin, Jalen McDaniels, Kelly Oubre Jr., LaMelo Ball, Miles Bridges",21,"4",82,95,82,95,2428,2428,0,0,0,0
"22100073","MIA","Jimmy Butler, Kyle Lowry, Markieff Morris, Max Strus, Tyler Herro",21,"4",97,84,97,89,2485,2533,0,5,-5,48
"22100073","CHA","Cody Martin, Gordon Hayward, Kelly Oubre Jr., LaMelo Ball, Miles Bridges",22,"4",82,95,93,107,2428,2716,11,12,-1,288
"22100073","MIA","Bam Adebayo, Jimmy Butler, Kyle Lowry, Max Strus, Tyler Herro",22,"4",97,89,114,99,2533,2880,17,10,7,347
"22100073","CHA","Gordon Hayward, Kelly Oubre Jr., LaMelo Ball, Miles Bridges, P.J. Washington",23,"4",93,107,99,114,2716,2880,6,7,-1,164
"22100074","NOP","Brandon Ingram, Devonte' Graham, Herbert Jones, Jonas Valanciunas, Nickeil Alexander-Walker",0,"1",0,0,14,18,0,364,14,18,-4,364
"22100074","SAC","De'Aaron Fox, Harrison Barnes, Maurice Harkless, Richaun Holmes, Tyrese Haliburton",0,"1",0,0,18,14,0,364,18,14,4,364
"22100074","NOP","Brandon Ingram, Herbert Jones, Jonas Valanciunas, Kira Lewis Jr., Nickeil Alexander-Walker",1,"1",14,18,14,18,364,364,0,0,0,0
"22100074","SAC","Alex Len, De'Aaron Fox, Harrison Barnes, Richaun Holmes, Tyrese Haliburton",1,"1",18,14,18,14,364,364,0,0,0,0
"22100074","NOP","Brandon Ingram, Jonas Valanciunas, Kira Lewis Jr., Nickeil Alexander-Walker, Trey Murphy III",2,"1",14,18,14,18,364,364,0,0,0,0
"22100074","SAC","Alex Len, Davion Mitchell, De'Aaron Fox, Harrison Barnes, Tyrese Haliburton",2,"1",18,14,18,14,364,364,0,0,0,0
"22100074","NOP","Jonas Valanciunas, Josh Hart, Kira Lewis Jr., Nickeil Alexander-Walker, Trey Murphy III",3,"1",14,18,19,25,364,510,5,7,-2,146
"22100074","SAC","Alex Len, Buddy Hield, Davion Mitchell, De'Aaron Fox, Harrison Barnes",3,"1",18,14,29,19,364,586,11,5,6,222
"22100074","NOP","Jaxson Hayes, Josh Hart, Kira Lewis Jr., Nickeil Alexander-Walker, Trey Murphy III",4,"1",19,25,19,25,510,510,0,0,0,0
"22100074","SAC","Buddy Hield, Davion Mitchell, De'Aaron Fox, Harrison Barnes, Richaun Holmes",4,"1",29,19,29,19,586,586,0,0,0,0
"22100074","NOP","Brandon Ingram, Jaxson Hayes, Josh Hart, Kira Lewis Jr., Trey Murphy III",5,"1",19,25,19,29,510,586,0,4,-4,76
"22100074","SAC","Buddy Hield, Davion Mitchell, De'Aaron Fox, Maurice Harkless, Richaun Holmes",5,"1",29,19,33,26,586,720,4,7,-3,134
"22100074","NOP","Brandon Ingram, Devonte' Graham, Jaxson Hayes, Josh Hart, Trey Murphy III",6,"1",19,29,26,33,586,720,7,4,3,134
"22100074","SAC","Buddy Hield, Davion Mitchell, Maurice Harkless, Richaun Holmes, Tyrese Haliburton",6,"2",33,26,35,32,720,811,2,6,-4,91
"22100074","NOP","Brandon Ingram, Devonte' Graham, Jaxson Hayes, Josh Hart, Naji Marshall",7,"2",26,33,37,38,720,964,11,5,6,244
"22100074","SAC","Alex Len, Buddy Hield, Davion Mitchell, Maurice Harkless, Tyrese Haliburton",7,"2",35,32,35,34,811,861,0,2,-2,50
"22100074","NOP","Devonte' Graham, Jaxson Hayes, Josh Hart, Naji Marshall, Nickeil Alexander-Walker",8,"2",37,38,37,40,964,985,0,2,-2,21
"22100074","SAC","Alex Len, Davion Mitchell, Maurice Harkless, Terence Davis, Tyrese Haliburton",8,"2",35,34,38,37,861,964,3,3,0,103
"22100074","NOP","Devonte' Graham, Jonas Valanciunas, Josh Hart, Naji Marshall, Nickeil Alexander-Walker",9,"2",37,40,42,46,985,1103,5,6,-1,118
"22100074","SAC","Alex Len, Davion Mitchell, Harrison Barnes, Terence Davis, Tyrese Haliburton",9,"2",38,37,46,42,964,1103,8,5,3,139
"22100074","NOP","Devonte' Graham, Herbert Jones, Jonas Valanciunas, Naji Marshall, Nickeil Alexander-Walker",10,"2",42,46,42,46,1103,1103,0,0,0,0
"22100074","SAC","Alex Len, Buddy Hield, Davion Mitchell, Harrison Barnes, Terence Davis",10,"2",46,42,46,42,1103,1103,0,0,0,0
"22100074","NOP","Devonte' Graham, Herbert Jones, Jonas Valanciunas, Nickeil Alexander-Walker, Trey Murphy III",11,"2",42,46,42,46,1103,1120,0,0,0,17
"22100074","SAC","Alex Len, Buddy Hield, Davion Mitchell, De'Aaron Fox, Harrison Barnes",11,"2",46,42,46,44,1103,1170,0,2,-2,67
"22100074","NOP","Herbert Jones, Jonas Valanciunas, Kira Lewis Jr., Nickeil Alexander-Walker, Trey Murphy III",12,"2",42,46,48,54,1120,1344,6,8,-2,224
"22100074","SAC","Buddy Hield, Davion Mitchell, De'Aaron Fox, Harrison Barnes, Richaun Holmes",12,"2",46,44,54,48,1170,1344,8,4,4,174
"22100074","NOP","Brandon Ingram, Herbert Jones, Jonas Valanciunas, Kira Lewis Jr., Nickeil Alexander-Walker",13,"2",48,54,48,54,1344,1344,0,0,0,0
"22100074","SAC","Buddy Hield, De'Aaron Fox, Harrison Barnes, Richaun Holmes, Tyrese Haliburton",13,"2",54,48,59,48,1344,1440,5,0,5,96
"22100074","NOP","Brandon Ingram, Devonte' Graham, Herbert Jones, Jonas Valanciunas, Nickeil Alexander-Walker",14,"2",48,54,48,59,1344,1440,0,5,-5,96
"22100074","NOP","Brandon Ingram, Devonte' Graham, Herbert Jones, Jonas Valanciunas, Nickeil Alexander-Walker",14,"3",48,59,65,67,1440,1855,17,8,9,415
"22100074","SAC","De'Aaron Fox, Harrison Barnes, Maurice Harkless, Richaun Holmes, Tyrese Haliburton",14,"3",59,48,67,59,1440,1759,8,11,-3,319
"22100074","NOP","Brandon Ingram, Devonte' Graham, Herbert Jones, Jonas Valanciunas, Kira Lewis Jr.",15,"3",65,67,65,67,1855,1855,0,0,0,0
"22100074","SAC","Davion Mitchell, De'Aaron Fox, Harrison Barnes, Maurice Harkless, Richaun Holmes",15,"3",67,59,67,59,1759,1759,0,0,0,0
"22100074","NOP","Brandon Ingram, Herbert Jones, Jonas Valanciunas, Kira Lewis Jr., Trey Murphy III",16,"3",65,67,65,67,1855,1874,0,0,0,19
"22100074","SAC","Alex Len, Davion Mitchell, De'Aaron Fox, Harrison Barnes, Maurice Harkless",16,"3",67,59,67,59,1759,1759,0,0,0,0
"22100074","NOP","Brandon Ingram, Jonas Valanciunas, Josh Hart, Kira Lewis Jr., Trey Murphy III",17,"3",65,67,72,69,1874,2001,7,2,5,127
"22100074","SAC","Alex Len, Buddy Hield, Davion Mitchell, De'Aaron Fox, Harrison Barnes",17,"3",67,59,69,70,1759,1984,2,11,-9,225
"22100074","NOP","Brandon Ingram, Jaxson Hayes, Josh Hart, Kira Lewis Jr., Trey Murphy III",18,"3",72,69,72,77,2001,2160,0,8,-8,159
"22100074","SAC","Buddy Hield, Davion Mitchell, De'Aaron Fox, Harrison Barnes, Richaun Holmes",18,"3",69,70,72,72,1984,2077,3,2,1,93
"22100074","NOP","Devonte' Graham, Jaxson Hayes, Josh Hart, Naji Marshall, Nickeil Alexander-Walker",19,"4",72,77,78,86,2160,2370,6,9,-3,210
"22100074","SAC","Buddy Hield, Davion Mitchell, De'Aaron Fox, Maurice Harkless, Richaun Holmes",19,"3",72,72,77,72,2077,2160,5,0,5,83
"22100074","NOP","Devonte' Graham, Jaxson Hayes, Jonas Valanciunas, Naji Marshall, Nickeil Alexander-Walker",20,"4",78,86,78,86,2370,2370,0,0,0,0
"22100074","SAC","Buddy Hield, Davion Mitchell, Maurice Harkless, Richaun Holmes, Tyrese Haliburton",20,"4",77,72,86,78,2160,2370,9,6,3,210
"22100074","NOP","Brandon Ingram, Devonte' Graham, Jonas Valanciunas, Naji Marshall, Nickeil Alexander-Walker",21,"4",78,86,82,92,2370,2453,4,6,-2,83
"22100074","SAC","Alex Len, Buddy Hield, Davion Mitchell, Maurice Harkless, Tyrese Haliburton",21,"4",86,78,86,78,2370,2370,0,0,0,0
"22100074","NOP","Brandon Ingram, Herbert Jones, Jonas Valanciunas, Naji Marshall, Nickeil Alexander-Walker",22,"4",82,92,82,92,2453,2453,0,0,0,0
"22100074","SAC","Alex Len, Davion Mitchell, Harrison Barnes, Maurice Harkless, Tyrese Haliburton",22,"4",86,78,92,82,2370,2453,6,4,2,83
"22100074","NOP","Brandon Ingram, Herbert Jones, Jonas Valanciunas, Naji Marshall, Trey Murphy III",23,"4",82,92,82,92,2453,2453,0,0,0,0
"22100074","SAC","Alex Len, Davion Mitchell, De'Aaron Fox, Harrison Barnes, Tyrese Haliburton",23,"4",92,82,92,86,2453,2536,0,4,-4,83
"22100074","NOP","Brandon Ingram, Herbert Jones, Jonas Valanciunas, Kira Lewis Jr., Trey Murphy III",24,"4",82,92,86,94,2453,2581,4,2,2,128
"22100074","SAC","Alex Len, Buddy Hield, De'Aaron Fox, Harrison Barnes, Tyrese Haliburton",24,"4",92,86,92,86,2536,2536,0,0,0,0
"22100074","NOP","Brandon Ingram, Devonte' Graham, Herbert Jones, Jonas Valanciunas, Trey Murphy III",25,"4",86,94,95,105,2581,2780,9,11,-2,199
"22100074","SAC","Buddy Hield, De'Aaron Fox, Harrison Barnes, Richaun Holmes, Tyrese Haliburton",25,"4",92,86,109,104,2536,2860,17,18,-1,324
"22100074","NOP","Brandon Ingram, Devonte' Graham, Herbert Jones, Josh Hart, Trey Murphy III",26,"4",95,105,95,107,2780,2800,0,2,-2,20
"22100074","SAC","Buddy Hield, Davion Mitchell, De'Aaron Fox, Harrison Barnes, Richaun Holmes",26,"4",109,104,109,104,2860,2860,0,0,0,0
"22100074","NOP","Brandon Ingram, Devonte' Graham, Josh Hart, Naji Marshall, Trey Murphy III",27,"4",95,107,104,109,2800,2860,9,2,7,60
"22100074","SAC","Davion Mitchell, De'Aaron Fox, Harrison Barnes, Maurice Harkless, Richaun Holmes",27,"4",109,104,109,104,2860,2860,0,0,0,0
"22100074","NOP","Brandon Ingram, Devonte' Graham, Josh Hart, Trey Murphy III, Willy Hernangomez",28,"4",104,109,104,109,2860,2860,0,0,0,0
"22100074","SAC","De'Aaron Fox, Harrison Barnes, Maurice Harkless, Richaun Holmes, Tyrese Haliburton",28,"4",109,104,109,106,2860,2861,0,2,-2,1
"22100074","NOP","Brandon Ingram, Devonte' Graham, Josh Hart, Naji Marshall, Trey Murphy III",29,"4",104,109,106,111,2860,2862,2,2,0,2
"22100074","SAC","Buddy Hield, De'Aaron Fox, Harrison Barnes, Richaun Holmes, Tyrese Haliburton",29,"4",109,106,111,106,2861,2862,2,0,2,1
"22100074","NOP","Brandon Ingram, Devonte' Graham, Josh Hart, Trey Murphy III, Willy Hernangomez",30,"4",106,111,106,111,2862,2862,0,0,0,0
"22100074","SAC","Buddy Hield, De'Aaron Fox, Harrison Barnes, Maurice Harkless, Richaun Holmes",30,"4",111,106,111,106,2862,2862,0,0,0,0
"22100074","NOP","Brandon Ingram, Devonte' Graham, Josh Hart, Naji Marshall, Trey Murphy III",31,"4",106,111,109,113,2862,2880,3,2,1,18
"22100074","SAC","De'Aaron Fox, Harrison Barnes, Maurice Harkless, Richaun Holmes, Tyrese Haliburton",31,"4",111,106,111,106,2862,2870,0,0,0,8
"22100074","SAC","Buddy Hield, De'Aaron Fox, Harrison Barnes, Richaun Holmes, Tyrese Haliburton",32,"4",111,106,113,109,2870,2880,2,3,-1,10
"22100075","DAL","Dorian Finney-Smith, Dwight Powell, Luka Doncic, Reggie Bullock, Tim Hardaway Jr.",0,"1",0,0,9,15,0,364,9,15,-6,364
"22100075","DEN","Aaron Gordon, Michael Porter Jr., Monte Morris, Nikola Jokic, Will Barton",0,"1",0,0,15,9,0,364,15,9,6,364
"22100075","DAL","Dorian Finney-Smith, Dwight Powell, Jalen Brunson, Luka Doncic, Tim Hardaway Jr.",1,"1",9,15,9,15,364,364,0,0,0,0
"22100075","DEN","Aaron Gordon, Michael Porter Jr., Monte Morris, Nikola Jokic, P.J. Dozier",1,"1",15,9,20,9,364,440,5,0,5,76
"22100075","DAL","Dwight Powell, Frank Ntilikina, Jalen Brunson, Luka Doncic, Tim Hardaway Jr.",2,"1",9,15,9,15,364,364,0,0,0,0
"22100075","DEN","Aaron Gordon, Facundo Campazzo, Michael Porter Jr., Nikola Jokic, P.J. Dozier",2,"1",20,9,22,15,440,533,2,6,-4,93
"22100075","DAL","Dwight Powell, Frank Ntilikina, Jalen Brunson, Luka Doncic, Maxi Kleber",3,"1",9,15,15,22,364,533,6,7,-1,169
"22100075","DEN","Aaron Gordon, Facundo Campazzo, Jeff Green, Nikola Jokic, P.J. Dozier",3,"1",22,15,22,15,533,533,0,0,0,0
"22100075","DAL","Frank Ntilikina, Jalen Brunson, Luka Doncic, Maxi Kleber, Willie Cauley-Stein",4,"1",15,22,15,27,533,628,0,5,-5,95
"22100075","DEN","Facundo Campazzo, Jeff Green, Nikola Jokic, P.J. Dozier, Will Barton",4,"1",22,15,24,15,533,574,2,0,2,41
"22100075","DAL","Frank Ntilikina, Jalen Brunson, Josh Green, Maxi Kleber, Willie Cauley-Stein",5,"1",15,27,21,29,628,720,6,2,4,92
"22100075","DEN","Facundo Campazzo, JaMychal Green, Jeff Green, P.J. Dozier, Will Barton",5,"1",24,15,29,21,574,688,5,6,-1,114
"22100075","DAL","Jalen Brunson, Josh Green, Maxi Kleber, Tim Hardaway Jr., Willie Cauley-Stein",6,"2",21,29,30,32,720,907,9,3,6,187
"22100075","DEN","Facundo Campazzo, JaMychal Green, Jeff Green, Michael Porter Jr., Will Barton",6,"1",29,21,29,21,688,694,0,0,0,6
"22100075","DAL","Jalen Brunson, Maxi Kleber, Reggie Bullock, Tim Hardaway Jr., Willie Cauley-Stein",7,"2",30,32,30,36,907,975,0,4,-4,68
"22100075","DEN","Facundo Campazzo, JaMychal Green, Jeff Green, P.J. Dozier, Will Barton",7,"1",29,21,29,21,694,720,0,0,0,26
"22100075","DAL","Dorian Finney-Smith, Maxi Kleber, Reggie Bullock, Tim Hardaway Jr., Willie Cauley-Stein",8,"2",30,36,30,36,975,975,0,0,0,0
"22100075","DEN","Facundo Campazzo, JaMychal Green, Jeff Green, Michael Porter Jr., Will Barton",8,"2",29,21,32,30,720,907,3,9,-6,187
"22100075","DAL","Dorian Finney-Smith, Luka Doncic, Maxi Kleber, Reggie Bullock, Tim Hardaway Jr.",9,"2",30,36,33,46,975,1183,3,10,-7,208
"22100075","DEN","JaMychal Green, Jeff Green, Michael Porter Jr., Monte Morris, Will Barton",9,"2",32,30,36,30,907,975,4,0,4,68
"22100075","DAL","Dorian Finney-Smith, Dwight Powell, Luka Doncic, Reggie Bullock, Tim Hardaway Jr.",10,"2",33,46,37,54,1183,1331,4,8,-4,148
"22100075","DEN","Jeff Green, Michael Porter Jr., Monte Morris, Nikola Jokic, Will Barton",10,"2",36,30,36,30,975,975,0,0,0,0
"22100075","DAL","Dwight Powell, Luka Doncic, Maxi Kleber, Reggie Bullock, Tim Hardaway Jr.",11,"2",37,54,37,54,1331,1331,0,0,0,0
"22100075","DEN","Austin Rivers, Jeff Green, Michael Porter Jr., Monte Morris, Nikola Jokic",11,"2",36,30,36,30,975,975,0,0,0,0
"22100075","DAL","Dwight Powell, Jalen Brunson, Luka Doncic, Maxi Kleber, Reggie Bullock",12,"2",37,54,44,54,1331,1440,7,0,7,109
"22100075","DEN","Austin Rivers, Jeff Green, Monte Morris, Nikola Jokic, P.J. Dozier",12,"2",36,30,41,33,975,1069,5,3,2,94
"22100075","DAL","Dorian Finney-Smith, Dwight Powell, Luka Doncic, Maxi Kleber, Tim Hardaway Jr.",13,"3",44,54,47,64,1440,1661,3,10,-7,221
"22100075","DEN","Aaron Gordon, Austin Rivers, Monte Morris, Nikola Jokic, P.J. Dozier",13,"2",41,33,54,37,1069,1331,13,4,9,262
"22100075","DAL","Dwight Powell, Jalen Brunson, Luka Doncic, Maxi Kleber, Tim Hardaway Jr.",14,"3",47,64,50,67,1661,1744,3,3,0,83
"22100075","DEN","Aaron Gordon, Michael Porter Jr., Monte Morris, Nikola Jokic, P.J. Dozier",14,"2",54,37,54,37,1331,1331,0,0,0,0
"22100075","DAL","Dwight Powell, Jalen Brunson, Luka Doncic, Maxi Kleber, Reggie Bullock",15,"3",50,67,50,70,1744,1803,0,3,-3,59
"22100075","DEN","Aaron Gordon, Michael Porter Jr., Monte Morris, Nikola Jokic, Will Barton",15,"2",54,37,54,44,1331,1439,0,7,-7,108
"22100075","DAL","Boban Marjanovic, Jalen Brunson, Luka Doncic, Maxi Kleber, Reggie Bullock",16,"3",50,70,50,73,1803,1885,0,3,-3,82
"22100075","DEN","Aaron Gordon, Michael Porter Jr., Monte Morris, P.J. Dozier, Will Barton",16,"2",54,44,54,44,1439,1439,0,0,0,0
"22100075","DAL","Boban Marjanovic, Dorian Finney-Smith, Jalen Brunson, Luka Doncic, Reggie Bullock",17,"3",50,73,52,78,1885,1932,2,5,-3,47
"22100075","DEN","Aaron Gordon, Jeff Green, Monte Morris, P.J. Dozier, Will Barton",17,"2",54,44,54,44,1439,1440,0,0,0,1
"22100075","DAL","Boban Marjanovic, Dorian Finney-Smith, Jalen Brunson, Reggie Bullock, Trey Burke",18,"3",52,78,53,82,1932,1998,1,4,-3,66
"22100075","DEN","Aaron Gordon, Michael Porter Jr., Monte Morris, Nikola Jokic, Will Barton",18,"3",54,44,70,50,1440,1816,16,6,10,376
"22100075","DAL","Dorian Finney-Smith, Jalen Brunson, Reggie Bullock, Trey Burke, Willie Cauley-Stein",19,"3",53,82,56,87,1998,2107,3,5,-2,109
"22100075","DEN","Aaron Gordon, Monte Morris, Nikola Jokic, P.J. Dozier, Will Barton",19,"3",70,50,73,50,1816,1885,3,0,3,69
"22100075","DAL","Dorian Finney-Smith, Frank Ntilikina, Reggie Bullock, Trey Burke, Willie Cauley-Stein",20,"3",56,87,56,87,2107,2160,0,0,0,53
"22100075","DEN","Aaron Gordon, Facundo Campazzo, Nikola Jokic, P.J. Dozier, Will Barton",20,"3",73,50,75,52,1885,1918,2,2,0,33
"22100075","DAL","Dorian Finney-Smith, Frank Ntilikina, Josh Green, Trey Burke, Willie Cauley-Stein",21,"4",56,87,60,91,2160,2346,4,4,0,186
"22100075","DEN","Aaron Gordon, Facundo Campazzo, Jeff Green, P.J. Dozier, Will Barton",21,"3",75,52,78,53,1918,1951,3,1,2,33
"22100075","DAL","Dorian Finney-Smith, Frank Ntilikina, Josh Green, Moses Brown, Trey Burke",22,"4",60,91,60,91,2346,2359,0,0,0,13
"22100075","DEN","Facundo Campazzo, Jeff Green, Michael Porter Jr., P.J. Dozier, Will Barton",22,"3",78,53,87,56,1951,2160,9,3,6,209
"22100075","DAL","Eugene Omoruyi, Frank Ntilikina, Josh Green, Moses Brown, Trey Burke",23,"4",60,91,75,106,2359,2880,15,15,0,521
"22100075","DEN","Austin Rivers, Facundo Campazzo, JaMychal Green, Jeff Green, P.J. Dozier",23,"4",87,56,91,60,2160,2346,4,4,0,186
"22100075","DEN","Austin Rivers, Bones Hyland, Facundo Campazzo, JaMychal Green, P.J. Dozier",24,"4",91,60,94,60,2346,2434,3,0,3,88
"22100075","DEN","Austin Rivers, Bol Bol, Bones Hyland, Facundo Campazzo, JaMychal Green",25,"4",94,60,94,61,2434,2446,0,1,-1,12
"22100075","DEN","Austin Rivers, Bol Bol, Bones Hyland, Facundo Campazzo, Zeke Nnaji",26,"4",94,61,94,63,2446,2487,0,2,-2,41
"22100075","DEN","Austin Rivers, Bol Bol, Bones Hyland, Markus Howard, Zeke Nnaji",27,"4",94,63,106,75,2487,2880,12,12,0,393
"22100076","LAC","Eric Bledsoe, Ivica Zubac, Nicolas Batum, Paul George, Reggie Jackson",0,"1",0,0,20,13,0,407,20,13,7,407
"22100076","POR","CJ McCollum, Damian Lillard, Jusuf Nurkic, Norman Powell, Robert Covington",0,"1",0,0,9,15,0,329,9,15,-6,329
"22100076","LAC","Eric Bledsoe, Ivica Zubac, Luke Kennard, Nicolas Batum, Paul George",1,"1",20,13,21,13,407,463,1,0,1,56
"22100076","POR","CJ McCollum, Cody Zeller, Damian Lillard, Jusuf Nurkic, Robert Covington",1,"1",9,15,9,15,329,329,0,0,0,0
"22100076","LAC","Eric Bledsoe, Ivica Zubac, Luke Kennard, Paul George, Terance Mann",2,"1",21,13,21,18,463,533,0,5,-5,70
"22100076","POR","CJ McCollum, Cody Zeller, Damian Lillard, Nassir Little, Robert Covington",2,"1",9,15,13,20,329,407,4,5,-1,78
"22100076","LAC","Eric Bledsoe, Isaiah Hartenstein, Luke Kennard, Paul George, Terance Mann",3,"1",21,18,21,18,533,549,0,0,0,16
"22100076","POR","Anfernee Simons, Cody Zeller, Damian Lillard, Nassir Little, Robert Covington",3,"1",13,20,13,21,407,463,0,1,-1,56
"22100076","LAC","Amir Coffey, Eric Bledsoe, Isaiah Hartenstein, Luke Kennard, Terance Mann",4,"1",21,18,21,18,549,552,0,0,0,3
"22100076","POR","Anfernee Simons, Cody Zeller, Damian Lillard, Larry Nance Jr., Nassir Little",4,"1",13,21,25,24,463,720,12,3,9,257
"22100076","LAC","Amir Coffey, Isaiah Hartenstein, Luke Kennard, Reggie Jackson, Terance Mann",5,"1",21,18,24,25,552,720,3,7,-4,168
"22100076","LAC","Amir Coffey, Isaiah Hartenstein, Luke Kennard, Reggie Jackson, Terance Mann",5,"2",24,25,24,30,720,955,0,5,-5,235
"22100076","POR","Anfernee Simons, CJ McCollum, Jusuf Nurkic, Larry Nance Jr., Norman Powell",5,"2",25,24,28,24,720,775,3,0,3,55
"22100076","LAC","Amir Coffey, Isaiah Hartenstein, Nicolas Batum, Reggie Jackson, Terance Mann",6,"2",24,30,24,30,955,955,0,0,0,0
"22100076","POR","Anfernee Simons, CJ McCollum, Jusuf Nurkic, Norman Powell, Robert Covington",6,"2",28,24,33,26,775,1015,5,2,3,240
"22100076","LAC","Isaiah Hartenstein, Ivica Zubac, Nicolas Batum, Reggie Jackson, Terance Mann",7,"2",24,30,24,30,955,955,0,0,0,0
"22100076","POR","CJ McCollum, Damian Lillard, Jusuf Nurkic, Norman Powell, Robert Covington",7,"2",33,26,33,26,1015,1015,0,0,0,0
"22100076","LAC","Ivica Zubac, Nicolas Batum, Paul George, Reggie Jackson, Terance Mann",8,"2",24,30,26,33,955,1015,2,3,-1,60
"22100076","POR","CJ McCollum, Cody Zeller, Damian Lillard, Norman Powell, Robert Covington",8,"2",33,26,36,28,1015,1097,3,2,1,82
"22100076","LAC","Eric Bledsoe, Ivica Zubac, Nicolas Batum, Paul George, Terance Mann",9,"2",26,33,28,36,1015,1097,2,3,-1,82
"22100076","POR","CJ McCollum, Damian Lillard, Larry Nance Jr., Norman Powell, Robert Covington",9,"2",36,28,42,30,1097,1236,6,2,4,139
"22100076","LAC","Eric Bledsoe, Ivica Zubac, Luke Kennard, Nicolas Batum, Paul George",10,"2",28,36,30,42,1097,1170,2,6,-4,73
"22100076","POR","Damian Lillard, Larry Nance Jr., Nassir Little, Norman Powell, Robert Covington",10,"2",42,30,42,30,1236,1236,0,0,0,0
"22100076","LAC","Eric Bledsoe, Luke Kennard, Nicolas Batum, Paul George, Reggie Jackson",11,"2",30,42,35,47,1170,1364,5,5,0,194
"22100076","POR","Anfernee Simons, Damian Lillard, Larry Nance Jr., Nassir Little, Robert Covington",11,"2",42,30,47,35,1236,1364,5,5,0,128
"22100076","LAC","Luke Kennard, Nicolas Batum, Paul George, Reggie Jackson, Terance Mann",12,"2",35,47,40,48,1364,1440,5,1,4,76
"22100076","POR","Anfernee Simons, Damian Lillard, Jusuf Nurkic, Nassir Little, Robert Covington",12,"2",47,35,48,35,1364,1407,1,0,1,43
"22100076","LAC","Eric Bledsoe, Ivica Zubac, Nicolas Batum, Paul George, Reggie Jackson",13,"3",40,48,41,53,1440,1614,1,5,-4,174
"22100076","POR","Anfernee Simons, CJ McCollum, Damian Lillard, Nassir Little, Robert Covington",13,"2",48,35,48,40,1407,1440,0,5,-5,33
"22100076","LAC","Eric Bledsoe, Ivica Zubac, Luke Kennard, Nicolas Batum, Paul George",14,"3",41,53,41,61,1614,1750,0,8,-8,136
"22100076","POR","CJ McCollum, Damian Lillard, Jusuf Nurkic, Norman Powell, Robert Covington",14,"3",48,40,61,41,1440,1750,13,1,12,310
"22100076","LAC","Eric Bledsoe, Isaiah Hartenstein, Luke Kennard, Nicolas Batum, Paul George",15,"3",41,61,48,63,1750,1836,7,2,5,86
"22100076","POR","CJ McCollum, Cody Zeller, Damian Lillard, Jusuf Nurkic, Robert Covington",15,"3",61,41,61,41,1750,1750,0,0,0,0
"22100076","LAC","Isaiah Hartenstein, Luke Kennard, Nicolas Batum, Paul George, Terance Mann",16,"3",48,63,58,66,1836,1966,10,3,7,130
"22100076","POR","CJ McCollum, Cody Zeller, Damian Lillard, Nassir Little, Robert Covington",16,"3",61,41,63,52,1750,1886,2,11,-9,136
"22100076","LAC","Isaiah Hartenstein, Luke Kennard, Paul George, Reggie Jackson, Terance Mann",17,"3",58,66,67,76,1966,2160,9,10,-1,194
"22100076","POR","Anfernee Simons, Cody Zeller, Damian Lillard, Nassir Little, Robert Covington",17,"3",63,52,63,55,1886,1912,0,3,-3,26
"22100076","LAC","Amir Coffey, Isaiah Hartenstein, Luke Kennard, Reggie Jackson, Terance Mann",18,"4",67,76,71,78,2160,2306,4,2,2,146
"22100076","POR","Anfernee Simons, Cody Zeller, Damian Lillard, Larry Nance Jr., Nassir Little",18,"3",63,55,66,58,1912,1966,3,3,0,54
"22100076","LAC","Amir Coffey, Ivica Zubac, Luke Kennard, Reggie Jackson, Terance Mann",19,"4",71,78,76,82,2306,2418,5,4,1,112
"22100076","POR","Anfernee Simons, CJ McCollum, Cody Zeller, Larry Nance Jr., Nassir Little",19,"3",66,58,76,67,1966,2160,10,9,1,194
"22100076","POR","Anfernee Simons, CJ McCollum, Cody Zeller, Larry Nance Jr., Nassir Little",19,"4",76,67,78,71,2160,2306,2,4,-2,146
"22100076","LAC","Ivica Zubac, Luke Kennard, Paul George, Reggie Jackson, Terance Mann",20,"4",76,82,80,88,2418,2577,4,6,-2,159
"22100076","POR","Anfernee Simons, CJ McCollum, Cody Zeller, Jusuf Nurkic, Nassir Little",20,"4",78,71,78,71,2306,2306,0,0,0,0
"22100076","LAC","Luke Kennard, Nicolas Batum, Paul George, Reggie Jackson, Terance Mann",21,"4",80,88,83,99,2577,2681,3,11,-8,104
"22100076","POR","Anfernee Simons, CJ McCollum, Jusuf Nurkic, Nassir Little, Robert Covington",21,"4",78,71,80,71,2306,2317,2,0,2,11
"22100076","LAC","Isaiah Hartenstein, Luke Kennard, Nicolas Batum, Paul George, Terance Mann",22,"4",83,99,83,99,2681,2681,0,0,0,0
"22100076","POR","Anfernee Simons, Damian Lillard, Jusuf Nurkic, Nassir Little, Robert Covington",22,"4",80,71,82,76,2317,2418,2,5,-3,101
"22100076","LAC","Isaiah Hartenstein, Jay Scrubb, Nicolas Batum, Paul George, Terance Mann",23,"4",83,99,83,99,2681,2681,0,0,0,0
"22100076","POR","Anfernee Simons, Damian Lillard, Jusuf Nurkic, Norman Powell, Robert Covington",23,"4",82,76,86,78,2418,2505,4,2,2,87
"22100076","LAC","Isaiah Hartenstein, Jay Scrubb, Justise Winslow, Nicolas Batum, Terance Mann",24,"4",83,99,83,99,2681,2681,0,0,0,0
"22100076","POR","CJ McCollum, Damian Lillard, Jusuf Nurkic, Norman Powell, Robert Covington",24,"4",86,78,99,83,2505,2695,13,5,8,190
"22100076","LAC","Amir Coffey, Isaiah Hartenstein, Jay Scrubb, Justise Winslow, Terance Mann",25,"4",83,99,92,111,2681,2880,9,12,-3,199
"22100076","POR","CJ McCollum, Cody Zeller, Jusuf Nurkic, Norman Powell, Robert Covington",25,"4",99,83,99,83,2695,2695,0,0,0,0
"22100076","POR","CJ Elleby, Cody Zeller, Jusuf Nurkic, Norman Powell, Robert Covington",26,"4",99,83,99,83,2695,2695,0,0,0,0
"22100076","POR","CJ Elleby, Cody Zeller, Dennis Smith Jr., Jusuf Nurkic, Robert Covington",27,"4",99,83,99,83,2695,2695,0,0,0,0
"22100076","POR","CJ Elleby, Cody Zeller, Dennis Smith Jr., Greg Brown III, Robert Covington",28,"4",99,83,99,83,2695,2695,0,0,0,0
"22100076","POR","CJ Elleby, Cody Zeller, Dennis Smith Jr., Greg Brown III, Nassir Little",29,"4",99,83,111,92,2695,2880,12,9,3,185
"22100077","CLE","Collin Sexton, Darius Garland, Evan Mobley, Jarrett Allen, Lauri Markkanen",0,"1",0,0,11,11,0,314,11,11,0,314
"22100077","LAL","Anthony Davis, DeAndre Jordan, Kent Bazemore, LeBron James, Russell Westbrook",0,"1",0,0,19,15,0,469,19,15,4,469
"22100077","CLE","Collin Sexton, Darius Garland, Jarrett Allen, Lauri Markkanen, Ricky Rubio",1,"1",11,11,11,11,314,314,0,0,0,0
"22100077","LAL","Anthony Davis, DeAndre Jordan, Kent Bazemore, LeBron James, Malik Monk",1,"1",19,15,19,15,469,469,0,0,0,0
"22100077","CLE","Darius Garland, Jarrett Allen, Kevin Love, Lauri Markkanen, Ricky Rubio",2,"1",11,11,15,19,314,469,4,8,-4,155
"22100077","LAL","Anthony Davis, Carmelo Anthony, Kent Bazemore, LeBron James, Malik Monk",2,"1",19,15,19,15,469,484,0,0,0,15
"22100077","CLE","Jarrett Allen, Kevin Love, Lamar Stevens, Lauri Markkanen, Ricky Rubio",3,"1",15,19,15,19,469,469,0,0,0,0
"22100077","LAL","Anthony Davis, Austin Reaves, Carmelo Anthony, LeBron James, Malik Monk",3,"1",19,15,21,19,484,537,2,4,-2,53
"22100077","CLE","Evan Mobley, Jarrett Allen, Kevin Love, Lamar Stevens, Ricky Rubio",4,"1",15,19,15,19,469,469,0,0,0,0
"22100077","LAL","Anthony Davis, Austin Reaves, Carmelo Anthony, Malik Monk, Russell Westbrook",4,"1",21,19,21,24,537,631,0,5,-5,94
"22100077","CLE","Collin Sexton, Evan Mobley, Kevin Love, Lamar Stevens, Ricky Rubio",5,"1",15,19,28,21,469,720,13,2,11,251
"22100077","LAL","Austin Reaves, Carmelo Anthony, Dwight Howard, Malik Monk, Russell Westbrook",5,"1",21,24,21,28,631,720,0,4,-4,89
"22100077","CLE","Darius Garland, Evan Mobley, Lamar Stevens, Lauri Markkanen, Ricky Rubio",6,"2",28,21,44,33,720,931,16,12,4,211
"22100077","LAL","Austin Reaves, Carmelo Anthony, Dwight Howard, LeBron James, Russell Westbrook",6,"2",21,28,27,37,720,834,6,9,-3,114
"22100077","CLE","Collin Sexton, Darius Garland, Evan Mobley, Lamar Stevens, Lauri Markkanen",7,"2",44,33,44,36,931,940,0,3,-3,9
"22100077","LAL","Austin Reaves, Avery Bradley, Carmelo Anthony, Dwight Howard, LeBron James",7,"2",27,37,39,46,834,986,12,9,3,152
"22100077","CLE","Collin Sexton, Darius Garland, Evan Mobley, Jarrett Allen, Lauri Markkanen",8,"2",44,36,46,39,940,1019,2,3,-1,79
"22100077","LAL","Austin Reaves, Avery Bradley, Dwight Howard, Kent Bazemore, LeBron James",8,"2",39,46,40,46,986,1047,1,0,1,61
"22100077","CLE","Collin Sexton, Darius Garland, Jarrett Allen, Kevin Love, Lauri Markkanen",9,"2",46,39,46,39,1019,1019,0,0,0,0
"22100077","LAL","Anthony Davis, Avery Bradley, Dwight Howard, Kent Bazemore, LeBron James",9,"2",40,46,42,48,1047,1110,2,2,0,63
"22100077","CLE","Collin Sexton, Darius Garland, Jarrett Allen, Kevin Love, Lamar Stevens",10,"2",46,39,46,40,1019,1047,0,1,-1,28
"22100077","LAL","Anthony Davis, Avery Bradley, Dwight Howard, Kent Bazemore, Russell Westbrook",10,"2",42,48,44,49,1110,1222,2,1,1,112
"22100077","CLE","Collin Sexton, Jarrett Allen, Kevin Love, Lamar Stevens, Ricky Rubio",11,"2",46,40,48,44,1047,1201,2,4,-2,154
"22100077","LAL","Avery Bradley, Dwight Howard, Kent Bazemore, LeBron James, Russell Westbrook",11,"2",44,49,54,54,1222,1440,10,5,5,218
"22100077","CLE","Collin Sexton, Darius Garland, Jarrett Allen, Kevin Love, Ricky Rubio",12,"2",48,44,51,46,1201,1278,3,2,1,77
"22100077","LAL","Anthony Davis, DeAndre Jordan, Kent Bazemore, LeBron James, Russell Westbrook",12,"3",54,54,66,73,1440,1786,12,19,-7,346
"22100077","CLE","Collin Sexton, Darius Garland, Evan Mobley, Jarrett Allen, Ricky Rubio",13,"2",51,46,54,54,1278,1440,3,8,-5,162
"22100077","LAL","Anthony Davis, Avery Bradley, DeAndre Jordan, Kent Bazemore, LeBron James",13,"3",66,73,66,75,1786,1849,0,2,-2,63
"22100077","CLE","Collin Sexton, Darius Garland, Evan Mobley, Jarrett Allen, Lauri Markkanen",14,"3",54,54,65,64,1440,1705,11,10,1,265
"22100077","LAL","Anthony Davis, Avery Bradley, Carmelo Anthony, DeAndre Jordan, LeBron James",14,"3",66,75,66,75,1849,1849,0,0,0,0
"22100077","CLE","Darius Garland, Evan Mobley, Jarrett Allen, Lauri Markkanen, Ricky Rubio",15,"3",65,64,73,66,1705,1786,8,2,6,81
"22100077","LAL","Anthony Davis, Austin Reaves, Avery Bradley, Carmelo Anthony, LeBron James",15,"3",66,75,71,79,1849,1925,5,4,1,76
"22100077","CLE","Darius Garland, Evan Mobley, Kevin Love, Lauri Markkanen, Ricky Rubio",16,"3",73,66,79,71,1786,1925,6,5,1,139
"22100077","LAL","Anthony Davis, Austin Reaves, Avery Bradley, Carmelo Anthony, Russell Westbrook",16,"3",71,79,88,85,1925,2157,17,6,11,232
"22100077","CLE","Darius Garland, Jarrett Allen, Kevin Love, Lauri Markkanen, Ricky Rubio",17,"3",79,71,79,71,1925,1925,0,0,0,0
"22100077","LAL","Austin Reaves, Avery Bradley, Carmelo Anthony, Dwight Howard, Russell Westbrook",17,"3",88,85,88,85,2157,2160,0,0,0,3
"22100077","CLE","Collin Sexton, Jarrett Allen, Kevin Love, Lauri Markkanen, Ricky Rubio",18,"3",79,71,79,71,1925,1925,0,0,0,0
"22100077","LAL","Austin Reaves, Carmelo Anthony, Dwight Howard, LeBron James, Russell Westbrook",18,"4",88,85,90,88,2160,2385,2,3,-1,225
"22100077","CLE","Collin Sexton, Jarrett Allen, Kevin Love, Lamar Stevens, Ricky Rubio",19,"3",79,71,85,83,1925,2081,6,12,-6,156
"22100077","LAL","Austin Reaves, Carmelo Anthony, Dwight Howard, Kent Bazemore, LeBron James",19,"4",90,88,93,91,2385,2467,3,3,0,82
"22100077","CLE","Collin Sexton, Evan Mobley, Jarrett Allen, Lamar Stevens, Ricky Rubio",20,"3",85,83,85,83,2081,2081,0,0,0,0
"22100077","LAL","Anthony Davis, Carmelo Anthony, Dwight Howard, Kent Bazemore, LeBron James",20,"4",93,91,93,91,2467,2467,0,0,0,0
"22100077","CLE","Collin Sexton, Evan Mobley, Jarrett Allen, Lauri Markkanen, Ricky Rubio",21,"3",85,83,85,88,2081,2160,0,5,-5,79
"22100077","CLE","Collin Sexton, Evan Mobley, Jarrett Allen, Lauri Markkanen, Ricky Rubio",21,"4",85,88,85,90,2160,2216,0,2,-2,56
"22100077","LAL","Anthony Davis, Avery Bradley, Carmelo Anthony, Kent Bazemore, LeBron James",21,"4",93,91,102,93,2467,2654,9,2,7,187
"22100077","CLE","Darius Garland, Evan Mobley, Jarrett Allen, Lauri Markkanen, Ricky Rubio",22,"4",85,90,86,90,2216,2275,1,0,1,59
"22100077","LAL","Anthony Davis, Avery Bradley, Carmelo Anthony, LeBron James, Russell Westbrook",22,"4",102,93,110,98,2654,2807,8,5,3,153
"22100077","CLE","Darius Garland, Evan Mobley, Lamar Stevens, Lauri Markkanen, Ricky Rubio",23,"4",86,90,88,90,2275,2385,2,0,2,110
"22100077","LAL","Avery Bradley, Carmelo Anthony, LeBron James, Malik Monk, Russell Westbrook",23,"4",110,98,110,98,2807,2807,0,0,0,0
"22100077","CLE","Collin Sexton, Darius Garland, Evan Mobley, Lamar Stevens, Lauri Markkanen",24,"4",88,90,91,97,2385,2541,3,7,-4,156
"22100077","LAL","Austin Reaves, Avery Bradley, Carmelo Anthony, Malik Monk, Russell Westbrook",24,"4",110,98,110,98,2807,2807,0,0,0,0
"22100077","CLE","Collin Sexton, Darius Garland, Evan Mobley, Lauri Markkanen, Ricky Rubio",25,"4",91,97,91,97,2541,2541,0,0,0,0
"22100077","LAL","Austin Reaves, Avery Bradley, Dwight Howard, Malik Monk, Russell Westbrook",25,"4",110,98,110,98,2807,2807,0,0,0,0
"22100077","CLE","Collin Sexton, Evan Mobley, Jarrett Allen, Lauri Markkanen, Ricky Rubio",26,"4",91,97,93,102,2541,2654,2,5,-3,113
"22100077","LAL","Austin Reaves, Avery Bradley, Dwight Howard, Kent Bazemore, Malik Monk",26,"4",110,98,113,101,2807,2880,3,3,0,73
"22100077","CLE","Darius Garland, Evan Mobley, Jarrett Allen, Lauri Markkanen, Ricky Rubio",27,"4",93,102,95,107,2654,2746,2,5,-3,92
"22100077","CLE","Darius Garland, Jarrett Allen, Lamar Stevens, Lauri Markkanen, Ricky Rubio",28,"4",95,107,95,107,2746,2746,0,0,0,0
"22100077","CLE","Darius Garland, Denzel Valentine, Jarrett Allen, Lamar Stevens, Ricky Rubio",29,"4",95,107,95,107,2746,2746,0,0,0,0
"22100077","CLE","Darius Garland, Dean Wade, Denzel Valentine, Jarrett Allen, Lamar Stevens",30,"4",95,107,95,107,2746,2746,0,0,0,0
"22100077","CLE","Dean Wade, Denzel Valentine, Dylan Windler, Jarrett Allen, Lamar Stevens",31,"4",95,107,95,107,2746,2746,0,0,0,0
"22100077","CLE","Dean Wade, Denzel Valentine, Dylan Windler, Ed Davis, Lamar Stevens",32,"4",95,107,101,113,2746,2880,6,6,0,134
"22100078","BOS","Al Horford, Dennis Schroder, Grant Williams, Jaylen Brown, Jayson Tatum",0,"1",0,0,10,11,0,305,10,11,-1,305
"22100078","WAS","Bradley Beal, Kentavious Caldwell-Pope, Kyle Kuzma, Montrezl Harrell, Spencer Dinwiddie",0,"1",0,0,11,10,0,305,11,10,1,305
"22100078","BOS","Al Horford, Dennis Schroder, Jaylen Brown, Jayson Tatum, Romeo Langford",1,"1",10,11,10,13,305,372,0,2,-2,67
"22100078","WAS","Bradley Beal, Kentavious Caldwell-Pope, Montrezl Harrell, Raul Neto, Spencer Dinwiddie",1,"1",11,10,11,10,305,305,0,0,0,0
"22100078","BOS","Al Horford, Dennis Schroder, Jaylen Brown, Josh Richardson, Romeo Langford",2,"1",10,13,14,20,372,474,4,7,-3,102
"22100078","WAS","Bradley Beal, Davis Bertans, Kentavious Caldwell-Pope, Montrezl Harrell, Raul Neto",2,"1",11,10,13,10,305,372,2,0,2,67
"22100078","BOS","Dennis Schroder, Jaylen Brown, Josh Richardson, Payton Pritchard, Romeo Langford",3,"1",14,20,14,20,474,474,0,0,0,0
"22100078","WAS","Bradley Beal, Davis Bertans, Deni Avdija, Montrezl Harrell, Raul Neto",3,"1",13,10,20,14,372,474,7,4,3,102
"22100078","BOS","Jabari Parker, Jaylen Brown, Josh Richardson, Payton Pritchard, Romeo Langford",4,"1",14,20,18,25,474,628,4,5,-1,154
"22100078","WAS","Bradley Beal, Davis Bertans, Deni Avdija, Kyle Kuzma, Raul Neto",4,"1",20,14,25,18,474,628,5,4,1,154
"22100078","BOS","Jabari Parker, Jayson Tatum, Josh Richardson, Payton Pritchard, Romeo Langford",5,"1",18,25,18,25,628,628,0,0,0,0
"22100078","WAS","Bradley Beal, Davis Bertans, Deni Avdija, Kyle Kuzma, Spencer Dinwiddie",5,"1",25,18,25,20,628,696,0,2,-2,68
"22100078","BOS","Grant Williams, Jabari Parker, Jayson Tatum, Josh Richardson, Payton Pritchard",6,"1",18,25,20,25,628,720,2,0,2,92
"22100078","WAS","Aaron Holiday, Davis Bertans, Deni Avdija, Kyle Kuzma, Spencer Dinwiddie",6,"1",25,20,25,20,696,720,0,0,0,24
"22100078","BOS","Enes Kanter, Grant Williams, Jayson Tatum, Josh Richardson, Payton Pritchard",7,"2",20,25,27,31,720,950,7,6,1,230
"22100078","WAS","Aaron Holiday, Corey Kispert, Kentavious Caldwell-Pope, Montrezl Harrell, Spencer Dinwiddie",7,"2",25,20,31,27,720,950,6,7,-1,230
"22100078","BOS","Dennis Schroder, Enes Kanter, Grant Williams, Jayson Tatum, Payton Pritchard",8,"2",27,31,27,31,950,950,0,0,0,0
"22100078","WAS","Aaron Holiday, Kentavious Caldwell-Pope, Montrezl Harrell, Raul Neto, Spencer Dinwiddie",8,"2",31,27,31,27,950,950,0,0,0,0
"22100078","BOS","Dennis Schroder, Enes Kanter, Grant Williams, Jaylen Brown, Jayson Tatum",9,"2",27,31,27,31,950,950,0,0,0,0
"22100078","WAS","Aaron Holiday, Kentavious Caldwell-Pope, Kyle Kuzma, Montrezl Harrell, Raul Neto",9,"2",31,27,34,29,950,1017,3,2,1,67
"22100078","BOS","Dennis Schroder, Enes Kanter, Grant Williams, Jaylen Brown, Romeo Langford",10,"2",27,31,27,34,950,992,0,3,-3,42
"22100078","WAS","Aaron Holiday, Deni Avdija, Kyle Kuzma, Montrezl Harrell, Raul Neto",10,"2",34,29,35,32,1017,1041,1,3,-2,24
"22100078","BOS","Al Horford, Dennis Schroder, Grant Williams, Jaylen Brown, Romeo Langford",11,"2",27,34,34,40,992,1111,7,6,1,119
"22100078","WAS","Davis Bertans, Deni Avdija, Kyle Kuzma, Montrezl Harrell, Raul Neto",11,"2",35,32,35,32,1041,1041,0,0,0,0
"22100078","BOS","Al Horford, Dennis Schroder, Jaylen Brown, Jayson Tatum, Romeo Langford",12,"2",34,40,37,43,1111,1279,3,3,0,168
"22100078","WAS","Bradley Beal, Davis Bertans, Deni Avdija, Kyle Kuzma, Raul Neto",12,"2",35,32,43,37,1041,1279,8,5,3,238
"22100078","BOS","Al Horford, Dennis Schroder, Jaylen Brown, Jayson Tatum, Josh Richardson",13,"2",37,43,45,50,1279,1410,8,7,1,131
"22100078","WAS","Bradley Beal, Davis Bertans, Kyle Kuzma, Raul Neto, Spencer Dinwiddie",13,"2",43,37,43,37,1279,1279,0,0,0,0
"22100078","BOS","Dennis Schroder, Grant Williams, Jaylen Brown, Jayson Tatum, Josh Richardson",14,"2",45,50,47,53,1410,1440,2,3,-1,30
"22100078","WAS","Bradley Beal, Davis Bertans, Kentavious Caldwell-Pope, Kyle Kuzma, Spencer Dinwiddie",14,"2",43,37,43,37,1279,1279,0,0,0,0
"22100078","BOS","Al Horford, Dennis Schroder, Grant Williams, Jaylen Brown, Jayson Tatum",15,"3",47,53,59,61,1440,1756,12,8,4,316
"22100078","WAS","Bradley Beal, Kentavious Caldwell-Pope, Kyle Kuzma, Montrezl Harrell, Spencer Dinwiddie",15,"2",43,37,53,47,1279,1440,10,10,0,161
"22100078","WAS","Bradley Beal, Kentavious Caldwell-Pope, Kyle Kuzma, Montrezl Harrell, Spencer Dinwiddie",15,"3",53,47,61,59,1440,1756,8,12,-4,316
"22100078","BOS","Al Horford, Dennis Schroder, Jaylen Brown, Jayson Tatum, Romeo Langford",16,"3",59,61,63,67,1756,1846,4,6,-2,90
"22100078","WAS","Bradley Beal, Davis Bertans, Kentavious Caldwell-Pope, Kyle Kuzma, Montrezl Harrell",16,"3",61,59,61,59,1756,1756,0,0,0,0
"22100078","BOS","Al Horford, Dennis Schroder, Jaylen Brown, Josh Richardson, Romeo Langford",17,"3",63,67,63,67,1846,1901,0,0,0,55
"22100078","WAS","Bradley Beal, Davis Bertans, Kentavious Caldwell-Pope, Montrezl Harrell, Raul Neto",17,"3",61,59,67,63,1756,1846,6,4,2,90
"22100078","BOS","Dennis Schroder, Jabari Parker, Jaylen Brown, Josh Richardson, Romeo Langford",18,"3",63,67,69,70,1901,2014,6,3,3,113
"22100078","WAS","Bradley Beal, Davis Bertans, Deni Avdija, Montrezl Harrell, Raul Neto",18,"3",67,63,67,63,1846,1882,0,0,0,36
"22100078","BOS","Jabari Parker, Jaylen Brown, Josh Richardson, Payton Pritchard, Romeo Langford",19,"3",69,70,73,76,2014,2160,4,6,-2,146
"22100078","WAS","Bradley Beal, Davis Bertans, Deni Avdija, Kyle Kuzma, Raul Neto",19,"3",67,63,69,69,1882,1993,2,6,-4,111
"22100078","BOS","Grant Williams, Jabari Parker, Jayson Tatum, Josh Richardson, Payton Pritchard",20,"4",73,76,82,85,2160,2377,9,9,0,217
"22100078","WAS","Aaron Holiday, Davis Bertans, Deni Avdija, Kyle Kuzma, Raul Neto",20,"3",69,69,70,69,1993,2014,1,0,1,21
"22100078","BOS","Al Horford, Grant Williams, Jayson Tatum, Josh Richardson, Payton Pritchard",21,"4",82,85,87,90,2377,2475,5,5,0,98
"22100078","WAS","Aaron Holiday, Davis Bertans, Deni Avdija, Kyle Kuzma, Spencer Dinwiddie",21,"3",70,69,76,73,2014,2160,6,4,2,146
"22100078","BOS","Al Horford, Grant Williams, Jaylen Brown, Jayson Tatum, Payton Pritchard",22,"4",87,90,87,90,2475,2475,0,0,0,0
"22100078","WAS","Davis Bertans, Deni Avdija, Kyle Kuzma, Raul Neto, Spencer Dinwiddie",22,"4",76,73,78,77,2160,2232,2,4,-2,72
"22100078","BOS","Al Horford, Dennis Schroder, Jaylen Brown, Jayson Tatum, Payton Pritchard",23,"4",87,90,90,96,2475,2639,3,6,-3,164
"22100078","WAS","Deni Avdija, Kentavious Caldwell-Pope, Kyle Kuzma, Raul Neto, Spencer Dinwiddie",23,"4",78,77,83,82,2232,2352,5,5,0,120
"22100078","BOS","Al Horford, Dennis Schroder, Jaylen Brown, Jayson Tatum, Josh Richardson",24,"4",90,96,103,103,2639,2877,13,7,6,238
"22100078","WAS","Aaron Holiday, Deni Avdija, Kentavious Caldwell-Pope, Kyle Kuzma, Raul Neto",24,"4",83,82,83,82,2352,2358,0,0,0,6
"22100078","BOS","Al Horford, Grant Williams, Jaylen Brown, Jayson Tatum, Josh Richardson",25,"4",103,103,103,103,2877,2877,0,0,0,0
"22100078","WAS","Aaron Holiday, Bradley Beal, Deni Avdija, Kentavious Caldwell-Pope, Kyle Kuzma",25,"4",83,82,85,82,2358,2397,2,0,2,39
"22100078","BOS","Al Horford, Dennis Schroder, Jaylen Brown, Jayson Tatum, Josh Richardson",26,"4",103,103,103,103,2877,2880,0,0,0,3
"22100078","BOS","Al Horford, Dennis Schroder, Jaylen Brown, Jayson Tatum, Josh Richardson",26,"5",103,103,109,109,2880,3180,6,6,0,300
"22100078","BOS","Al Horford, Dennis Schroder, Jaylen Brown, Jayson Tatum, Josh Richardson",26,"6",109,109,112,115,3180,3480,3,6,-3,300
"22100078","WAS","Aaron Holiday, Bradley Beal, Deni Avdija, Kentavious Caldwell-Pope, Montrezl Harrell",26,"4",85,82,90,87,2397,2475,5,5,0,78
"22100078","WAS","Aaron Holiday, Bradley Beal, Deni Avdija, Kentavious Caldwell-Pope, Kyle Kuzma",27,"4",90,87,90,88,2475,2535,0,1,-1,60
"22100078","WAS","Bradley Beal, Deni Avdija, Kentavious Caldwell-Pope, Kyle Kuzma, Spencer Dinwiddie",28,"4",90,88,90,90,2535,2567,0,2,-2,32
"22100078","WAS","Bradley Beal, Davis Bertans, Kentavious Caldwell-Pope, Kyle Kuzma, Spencer Dinwiddie",29,"4",90,90,96,90,2567,2639,6,0,6,72
"22100078","WAS","Bradley Beal, Deni Avdija, Kentavious Caldwell-Pope, Kyle Kuzma, Spencer Dinwiddie",30,"4",96,90,96,94,2639,2688,0,4,-4,49
"22100078","WAS","Bradley Beal, Kentavious Caldwell-Pope, Kyle Kuzma, Montrezl Harrell, Spencer Dinwiddie",31,"4",96,94,103,103,2688,2877,7,9,-2,189
"22100078","WAS","Bradley Beal, Deni Avdija, Kentavious Caldwell-Pope, Kyle Kuzma, Spencer Dinwiddie",32,"4",103,103,103,103,2877,2880,0,0,0,3
"22100078","WAS","Bradley Beal, Kentavious Caldwell-Pope, Kyle Kuzma, Montrezl Harrell, Spencer Dinwiddie",33,"5",103,103,109,109,2880,3180,6,6,0,300
"22100078","WAS","Bradley Beal, Kentavious Caldwell-Pope, Kyle Kuzma, Montrezl Harrell, Spencer Dinwiddie",33,"6",109,109,111,112,3180,3319,2,3,-1,139
"22100078","WAS","Bradley Beal, Davis Bertans, Kentavious Caldwell-Pope, Kyle Kuzma, Spencer Dinwiddie",34,"6",111,112,111,112,3319,3352,0,0,0,33
"22100078","WAS","Bradley Beal, Deni Avdija, Kentavious Caldwell-Pope, Kyle Kuzma, Spencer Dinwiddie",35,"6",111,112,111,112,3352,3404,0,0,0,52
"22100078","WAS","Bradley Beal, Davis Bertans, Kentavious Caldwell-Pope, Kyle Kuzma, Spencer Dinwiddie",36,"6",111,112,115,112,3404,3460,4,0,4,56
"22100078","WAS","Bradley Beal, Deni Avdija, Kentavious Caldwell-Pope, Kyle Kuzma, Spencer Dinwiddie",37,"6",115,112,115,112,3460,3463,0,0,0,3
"22100078","WAS","Bradley Beal, Davis Bertans, Kentavious Caldwell-Pope, Kyle Kuzma, Spencer Dinwiddie",38,"6",115,112,115,112,3463,3470,0,0,0,7
"22100078","WAS","Bradley Beal, Deni Avdija, Kentavious Caldwell-Pope, Kyle Kuzma, Spencer Dinwiddie",39,"6",115,112,115,112,3470,3480,0,0,0,10
"22100079","DET","Cade Cunningham, Isaiah Stewart, Jerami Grant, Killian Hayes, Saddiq Bey",0,"1",0,0,16,12,0,513,16,12,4,513
"22100079","ORL","Cole Anthony, Franz Wagner, Jalen Suggs, Mo Bamba, Wendell Carter Jr.",0,"1",0,0,8,12,0,356,8,12,-4,356
"22100079","DET","Cory Joseph, Isaiah Stewart, Jerami Grant, Killian Hayes, Saddiq Bey",1,"1",16,12,16,12,513,513,0,0,0,0
"22100079","ORL","Cole Anthony, Franz Wagner, Gary Harris, Mo Bamba, Wendell Carter Jr.",1,"1",8,12,8,12,356,356,0,0,0,0
"22100079","DET","Cory Joseph, Isaiah Stewart, Jerami Grant, Kelly Olynyk, Saddiq Bey",2,"1",16,12,16,12,513,513,0,0,0,0
"22100079","ORL","Cole Anthony, Gary Harris, Mo Bamba, Terrence Ross, Wendell Carter Jr.",2,"1",8,12,12,16,356,513,4,4,0,157
"22100079","DET","Cory Joseph, Jerami Grant, Josh Jackson, Kelly Olynyk, Saddiq Bey",3,"1",16,12,20,16,513,622,4,4,0,109
"22100079","ORL","Chuma Okeke, Cole Anthony, Gary Harris, Terrence Ross, Wendell Carter Jr.",3,"1",12,16,12,16,513,513,0,0,0,0
"22100079","DET","Cory Joseph, Frank Jackson, Jerami Grant, Josh Jackson, Kelly Olynyk",4,"1",20,16,25,20,622,720,5,4,1,98
"22100079","ORL","Chuma Okeke, Cole Anthony, Gary Harris, R.J. Hampton, Terrence Ross",4,"1",12,16,12,16,513,513,0,0,0,0
"22100079","DET","Cory Joseph, Frank Jackson, Josh Jackson, Kelly Olynyk, Trey Lyles",5,"2",25,20,33,26,720,997,8,6,2,277
"22100079","ORL","Chuma Okeke, Franz Wagner, Gary Harris, R.J. Hampton, Terrence Ross",5,"1",12,16,20,25,513,720,8,9,-1,207
"22100079","ORL","Chuma Okeke, Franz Wagner, Gary Harris, R.J. Hampton, Terrence Ross",5,"2",20,25,22,32,720,884,2,7,-5,164
"22100079","DET","Cory Joseph, Frank Jackson, Isaiah Stewart, Josh Jackson, Trey Lyles",6,"2",33,26,33,26,997,997,0,0,0,0
"22100079","ORL","Franz Wagner, Gary Harris, Mo Bamba, R.J. Hampton, Terrence Ross",6,"2",22,32,22,32,884,884,0,0,0,0
"22100079","DET","Cory Joseph, Isaiah Stewart, Josh Jackson, Killian Hayes, Trey Lyles",7,"2",33,26,33,26,997,997,0,0,0,0
"22100079","ORL","Franz Wagner, Jalen Suggs, Mo Bamba, R.J. Hampton, Terrence Ross",7,"2",22,32,22,32,884,905,0,0,0,21
"22100079","DET","Cade Cunningham, Isaiah Stewart, Josh Jackson, Killian Hayes, Trey Lyles",8,"2",33,26,35,26,997,1024,2,0,2,27
"22100079","ORL","Cole Anthony, Franz Wagner, Jalen Suggs, Mo Bamba, Terrence Ross",8,"2",22,32,22,32,905,911,0,0,0,6
"22100079","DET","Cade Cunningham, Isaiah Stewart, Killian Hayes, Saddiq Bey, Trey Lyles",9,"2",35,26,35,26,1024,1049,0,0,0,25
"22100079","ORL","Cole Anthony, Jalen Suggs, Mo Bamba, Terrence Ross, Wendell Carter Jr.",9,"2",22,32,32,40,911,1195,10,8,2,284
"22100079","DET","Cade Cunningham, Isaiah Stewart, Jerami Grant, Killian Hayes, Saddiq Bey",10,"2",35,26,46,40,1049,1339,11,14,-3,290
"22100079","ORL","Cole Anthony, Jalen Suggs, Mo Bamba, Moritz Wagner, Wendell Carter Jr.",10,"2",32,40,32,40,1195,1195,0,0,0,0
"22100079","DET","Isaiah Stewart, Jerami Grant, Kelly Olynyk, Killian Hayes, Saddiq Bey",11,"2",46,40,48,45,1339,1418,2,5,-3,79
"22100079","ORL","Cole Anthony, Gary Harris, Jalen Suggs, Mo Bamba, Moritz Wagner",11,"2",32,40,40,43,1195,1266,8,3,5,71
"22100079","DET","Cory Joseph, Jerami Grant, Kelly Olynyk, Killian Hayes, Saddiq Bey",12,"2",48,45,48,47,1418,1440,0,2,-2,22
"22100079","ORL","Cole Anthony, Franz Wagner, Gary Harris, Jalen Suggs, Moritz Wagner",12,"2",40,43,40,43,1266,1266,0,0,0,0
"22100079","DET","Cade Cunningham, Isaiah Stewart, Jerami Grant, Killian Hayes, Saddiq Bey",13,"3",48,47,55,56,1440,1720,7,9,-2,280
"22100079","ORL","Franz Wagner, Gary Harris, Jalen Suggs, Moritz Wagner, R.J. Hampton",13,"2",40,43,40,46,1266,1339,0,3,-3,73
"22100079","DET","Isaiah Stewart, Jerami Grant, Josh Jackson, Killian Hayes, Saddiq Bey",14,"3",55,56,57,62,1720,1789,2,6,-4,69
"22100079","ORL","Cole Anthony, Franz Wagner, Gary Harris, Moritz Wagner, R.J. Hampton",14,"2",40,46,40,46,1339,1339,0,0,0,0
"22100079","DET","Cory Joseph, Isaiah Stewart, Jerami Grant, Josh Jackson, Saddiq Bey",15,"3",57,62,57,62,1789,1789,0,0,0,0
"22100079","ORL","Chuma Okeke, Cole Anthony, Franz Wagner, Moritz Wagner, R.J. Hampton",15,"2",40,46,47,48,1339,1440,7,2,5,101
"22100079","DET","Cory Joseph, Jerami Grant, Josh Jackson, Kelly Olynyk, Saddiq Bey",16,"3",57,62,82,73,1789,2160,25,11,14,371
"22100079","ORL","Cole Anthony, Franz Wagner, Jalen Suggs, Mo Bamba, Wendell Carter Jr.",16,"3",47,48,52,55,1440,1650,5,7,-2,210
"22100079","DET","Cory Joseph, Frank Jackson, Josh Jackson, Kelly Olynyk, Trey Lyles",17,"4",82,73,103,88,2160,2606,21,15,6,446
"22100079","ORL","Cole Anthony, Franz Wagner, Jalen Suggs, Mo Bamba, Moritz Wagner",17,"3",52,55,67,63,1650,1866,15,8,7,216
"22100079","DET","Cory Joseph, Frank Jackson, Josh Jackson, Kelly Olynyk, Saddiq Bey",18,"4",103,88,103,88,2606,2606,0,0,0,0
"22100079","ORL","Chuma Okeke, Cole Anthony, Franz Wagner, Jalen Suggs, Moritz Wagner",18,"3",67,63,67,63,1866,1866,0,0,0,0
"22100079","DET","Cory Joseph, Frank Jackson, Jerami Grant, Kelly Olynyk, Saddiq Bey",19,"4",103,88,110,103,2606,2880,7,15,-8,274
"22100079","ORL","Chuma Okeke, Franz Wagner, Gary Harris, Jalen Suggs, Moritz Wagner",19,"3",67,63,70,67,1866,1946,3,4,-1,80
"22100079","ORL","Chuma Okeke, Franz Wagner, Gary Harris, Moritz Wagner, R.J. Hampton",20,"3",70,67,70,67,1946,1946,0,0,0,0
"22100079","ORL","Chuma Okeke, Gary Harris, Moritz Wagner, R.J. Hampton, Terrence Ross",21,"3",70,67,73,82,1946,2160,3,15,-12,214
"22100079","ORL","Cole Anthony, Gary Harris, Ignas Brazdeikis, Mo Bamba, Terrence Ross",22,"4",73,82,73,88,2160,2246,0,6,-6,86
"22100079","ORL","Cole Anthony, Ignas Brazdeikis, Jalen Suggs, Mo Bamba, Terrence Ross",23,"4",73,88,79,92,2246,2335,6,4,2,89
"22100079","ORL","Cole Anthony, Franz Wagner, Jalen Suggs, Mo Bamba, Terrence Ross",24,"4",79,92,83,100,2335,2507,4,8,-4,172
"22100079","ORL","Cole Anthony, Franz Wagner, Mo Bamba, R.J. Hampton, Terrence Ross",25,"4",83,100,88,103,2507,2606,5,3,2,99
"22100079","ORL","Cole Anthony, Franz Wagner, Ignas Brazdeikis, R.J. Hampton, Terrence Ross",26,"4",88,103,88,103,2606,2606,0,0,0,0
"22100079","ORL","Cole Anthony, Ignas Brazdeikis, Moritz Wagner, R.J. Hampton, Terrence Ross",27,"4",88,103,88,103,2606,2606,0,0,0,0
"22100079","ORL","Chuma Okeke, Cole Anthony, Ignas Brazdeikis, Moritz Wagner, R.J. Hampton",28,"4",88,103,88,103,2606,2680,0,0,0,74
"22100079","ORL","Cole Anthony, Ignas Brazdeikis, Moritz Wagner, Mychal Mulder, R.J. Hampton",29,"4",88,103,103,110,2680,2880,15,7,8,200
"22100080","NOP","Devonte' Graham, Herbert Jones, Jonas Valanciunas, Josh Hart, Nickeil Alexander-Walker",0,"1",0,0,11,21,0,344,11,21,-10,344
"22100080","NYK","Evan Fournier, Julius Randle, Kemba Walker, Mitchell Robinson, RJ Barrett",0,"1",0,0,25,16,0,465,25,16,9,465
"22100080","NOP","Herbert Jones, Jonas Valanciunas, Josh Hart, Nickeil Alexander-Walker, Tomas Satoransky",1,"1",11,21,16,25,344,465,5,4,1,121
"22100080","NYK","Derrick Rose, Evan Fournier, Julius Randle, Mitchell Robinson, RJ Barrett",1,"1",25,16,25,16,465,465,0,0,0,0
"22100080","NOP","Herbert Jones, Jonas Valanciunas, Nickeil Alexander-Walker, Tomas Satoransky, Trey Murphy III",2,"1",16,25,16,25,465,465,0,0,0,0
"22100080","NYK","Derrick Rose, Evan Fournier, Julius Randle, RJ Barrett, Taj Gibson",2,"1",25,16,31,20,465,574,6,4,2,109
"22100080","NOP","Herbert Jones, Jonas Valanciunas, Kira Lewis Jr., Tomas Satoransky, Trey Murphy III",3,"1",16,25,20,31,465,574,4,6,-2,109
"22100080","NYK","Alec Burks, Derrick Rose, Evan Fournier, Julius Randle, Taj Gibson",3,"1",31,20,34,25,574,673,3,5,-2,99
"22100080","NOP","Herbert Jones, Jaxson Hayes, Kira Lewis Jr., Tomas Satoransky, Trey Murphy III",4,"1",20,31,28,34,574,720,8,3,5,146
"22100080","NYK","Alec Burks, Derrick Rose, Immanuel Quickley, Julius Randle, Taj Gibson",4,"1",34,25,34,25,673,673,0,0,0,0
"22100080","NOP","Jaxson Hayes, Kira Lewis Jr., Naji Marshall, Tomas Satoransky, Trey Murphy III",5,"2",28,34,28,41,720,824,0,7,-7,104
"22100080","NYK","Alec Burks, Derrick Rose, Immanuel Quickley, Obi Toppin, Taj Gibson",5,"1",34,25,34,28,673,720,0,3,-3,47
"22100080","NYK","Alec Burks, Derrick Rose, Immanuel Quickley, Obi Toppin, Taj Gibson",5,"2",34,28,44,32,720,1014,10,4,6,294
"22100080","NOP","Devonte' Graham, Jaxson Hayes, Kira Lewis Jr., Naji Marshall, Trey Murphy III",6,"2",28,41,28,42,824,922,0,1,-1,98
"22100080","NYK","Alec Burks, Derrick Rose, Immanuel Quickley, Julius Randle, Taj Gibson",6,"2",44,32,44,32,1014,1014,0,0,0,0
"22100080","NOP","Devonte' Graham, Jaxson Hayes, Naji Marshall, Nickeil Alexander-Walker, Trey Murphy III",7,"2",28,42,32,44,922,1014,4,2,2,92
"22100080","NYK","Alec Burks, Immanuel Quickley, Julius Randle, Mitchell Robinson, Taj Gibson",7,"2",44,32,44,32,1014,1014,0,0,0,0
"22100080","NOP","Devonte' Graham, Jaxson Hayes, Josh Hart, Naji Marshall, Nickeil Alexander-Walker",8,"2",32,44,34,44,1014,1048,2,0,2,34
"22100080","NYK","Alec Burks, Immanuel Quickley, Julius Randle, Kemba Walker, Mitchell Robinson",8,"2",44,32,44,34,1014,1048,0,2,-2,34
"22100080","NOP","Devonte' Graham, Jonas Valanciunas, Josh Hart, Naji Marshall, Nickeil Alexander-Walker",9,"2",34,44,39,55,1048,1153,5,11,-6,105
"22100080","NYK","Alec Burks, Evan Fournier, Julius Randle, Kemba Walker, Mitchell Robinson",9,"2",44,34,44,34,1048,1048,0,0,0,0
"22100080","NOP","Devonte' Graham, Herbert Jones, Jonas Valanciunas, Josh Hart, Nickeil Alexander-Walker",10,"2",39,55,59,63,1153,1440,20,8,12,287
"22100080","NOP","Devonte' Graham, Herbert Jones, Jonas Valanciunas, Josh Hart, Nickeil Alexander-Walker",10,"3",59,63,67,75,1440,1786,8,12,-4,346
"22100080","NYK","Evan Fournier, Julius Randle, Kemba Walker, Mitchell Robinson, RJ Barrett",10,"2",44,34,63,59,1048,1440,19,25,-6,392
"22100080","NYK","Evan Fournier, Julius Randle, Kemba Walker, Mitchell Robinson, RJ Barrett",10,"3",63,59,75,67,1440,1786,12,8,4,346
"22100080","NOP","Herbert Jones, Jonas Valanciunas, Josh Hart, Nickeil Alexander-Walker, Tomas Satoransky",11,"3",67,75,69,80,1786,1892,2,5,-3,106
"22100080","NYK","Evan Fournier, Julius Randle, Kemba Walker, RJ Barrett, Taj Gibson",11,"3",75,67,83,74,1786,1970,8,7,1,184
"22100080","NOP","Herbert Jones, Jonas Valanciunas, Nickeil Alexander-Walker, Tomas Satoransky, Trey Murphy III",12,"3",69,80,69,80,1892,1892,0,0,0,0
"22100080","NYK","Derrick Rose, Evan Fournier, Julius Randle, RJ Barrett, Taj Gibson",12,"3",83,74,85,79,1970,2099,2,5,-3,129
"22100080","NOP","Herbert Jones, Jonas Valanciunas, Kira Lewis Jr., Tomas Satoransky, Trey Murphy III",13,"3",69,80,74,83,1892,1970,5,3,2,78
"22100080","NYK","Derrick Rose, Evan Fournier, Immanuel Quickley, Julius Randle, Taj Gibson",13,"3",85,79,85,79,2099,2099,0,0,0,0
"22100080","NOP","Herbert Jones, Jaxson Hayes, Kira Lewis Jr., Tomas Satoransky, Trey Murphy III",14,"3",74,83,83,88,1970,2160,9,5,4,190
"22100080","NYK","Alec Burks, Derrick Rose, Immanuel Quickley, Julius Randle, Taj Gibson",14,"3",85,79,88,83,2099,2157,3,4,-1,58
"22100080","NOP","Jaxson Hayes, Kira Lewis Jr., Naji Marshall, Tomas Satoransky, Trey Murphy III",15,"4",83,88,85,93,2160,2271,2,5,-3,111
"22100080","NYK","Alec Burks, Immanuel Quickley, Julius Randle, Miles McBride, Taj Gibson",15,"3",88,83,88,83,2157,2160,0,0,0,3
"22100080","NOP","Devonte' Graham, Jaxson Hayes, Kira Lewis Jr., Naji Marshall, Trey Murphy III",16,"4",85,93,91,97,2271,2405,6,4,2,134
"22100080","NYK","Alec Burks, Derrick Rose, Immanuel Quickley, Obi Toppin, Taj Gibson",16,"4",88,83,94,89,2160,2349,6,6,0,189
"22100080","NOP","Devonte' Graham, Jaxson Hayes, Josh Hart, Kira Lewis Jr., Trey Murphy III",17,"4",91,97,91,97,2405,2405,0,0,0,0
"22100080","NYK","Alec Burks, Immanuel Quickley, Obi Toppin, RJ Barrett, Taj Gibson",17,"4",94,89,94,89,2349,2380,0,0,0,31
"22100080","NOP","Devonte' Graham, Jonas Valanciunas, Josh Hart, Kira Lewis Jr., Trey Murphy III",18,"4",91,97,91,97,2405,2405,0,0,0,0
"22100080","NYK","Alec Burks, Mitchell Robinson, Obi Toppin, RJ Barrett, Taj Gibson",18,"4",94,89,94,89,2380,2380,0,0,0,0
"22100080","NOP","Devonte' Graham, Jonas Valanciunas, Josh Hart, Nickeil Alexander-Walker, Trey Murphy III",19,"4",91,97,91,99,2405,2434,0,2,-2,29
"22100080","NYK","Evan Fournier, Mitchell Robinson, Obi Toppin, RJ Barrett, Taj Gibson",19,"4",94,89,94,89,2380,2380,0,0,0,0
"22100080","NOP","Devonte' Graham, Herbert Jones, Jonas Valanciunas, Josh Hart, Nickeil Alexander-Walker",20,"4",91,99,114,119,2434,2843,23,20,3,409
"22100080","NYK","Evan Fournier, Kemba Walker, Mitchell Robinson, Obi Toppin, RJ Barrett",20,"4",94,89,97,91,2380,2427,3,2,1,47
"22100080","NOP","Devonte' Graham, Herbert Jones, Josh Hart, Naji Marshall, Nickeil Alexander-Walker",21,"4",114,119,114,120,2843,2844,0,1,-1,1
"22100080","NYK","Evan Fournier, Julius Randle, Kemba Walker, Mitchell Robinson, RJ Barrett",21,"4",97,91,111,109,2427,2769,14,18,-4,342
"22100080","NOP","Devonte' Graham, Herbert Jones, Jonas Valanciunas, Josh Hart, Nickeil Alexander-Walker",22,"4",114,120,117,123,2844,2880,3,3,0,36
"22100080","NYK","Evan Fournier, Julius Randle, Kemba Walker, RJ Barrett, Taj Gibson",22,"4",111,109,123,117,2769,2880,12,8,4,111
"22100081","IND","Caris LeVert, Chris Duarte, Domantas Sabonis, Myles Turner, T.J. McConnell",0,"1",0,0,15,16,0,382,15,16,-1,382
"22100081","TOR","Fred VanVleet, Gary Trent Jr., OG Anunoby, Precious Achiuwa, Scottie Barnes",0,"1",0,0,16,15,0,382,16,15,1,382
"22100081","IND","Chris Duarte, Domantas Sabonis, Justin Holiday, Myles Turner, T.J. McConnell",1,"1",15,16,15,16,382,460,0,0,0,78
"22100081","TOR","Fred VanVleet, Gary Trent Jr., Khem Birch, OG Anunoby, Scottie Barnes",1,"1",16,15,16,15,382,382,0,0,0,0
"22100081","IND","Chris Duarte, Justin Holiday, Myles Turner, Oshae Brissett, T.J. McConnell",2,"1",15,16,15,16,460,460,0,0,0,0
"22100081","TOR","Dalano Banton, Fred VanVleet, Gary Trent Jr., Khem Birch, OG Anunoby",2,"1",16,15,16,15,382,382,0,0,0,0
"22100081","IND","Brad Wanamaker, Chris Duarte, Justin Holiday, Myles Turner, Oshae Brissett",3,"1",15,16,15,18,460,507,0,2,-2,47
"22100081","TOR","Chris Boucher, Dalano Banton, Fred VanVleet, Khem Birch, OG Anunoby",3,"1",16,15,16,15,382,402,0,0,0,20
"22100081","IND","Brad Wanamaker, Jeremy Lamb, Justin Holiday, Myles Turner, Oshae Brissett",4,"1",15,18,18,18,507,534,3,0,3,27
"22100081","TOR","Chris Boucher, Dalano Banton, Gary Trent Jr., Khem Birch, OG Anunoby",4,"1",16,15,18,18,402,534,2,3,-1,132
"22100081","IND","Brad Wanamaker, Jeremy Lamb, Justin Holiday, Myles Turner, Torrey Craig",5,"1",18,18,25,22,534,705,7,4,3,171
"22100081","TOR","Chris Boucher, Dalano Banton, Gary Trent Jr., Khem Birch, Scottie Barnes",5,"1",18,18,20,23,534,642,2,5,-3,108
"22100081","IND","Brad Wanamaker, Justin Holiday, Myles Turner, T.J. McConnell, Torrey Craig",6,"1",25,22,25,22,705,720,0,0,0,15
"22100081","TOR","Chris Boucher, Dalano Banton, Khem Birch, Scottie Barnes, Svi Mykhailiuk",6,"1",20,23,22,25,642,705,2,2,0,63
"22100081","IND","Caris LeVert, Domantas Sabonis, Goga Bitadze, Justin Holiday, T.J. McConnell",7,"2",25,22,27,24,720,833,2,2,0,113
"22100081","TOR","Chris Boucher, Dalano Banton, Fred VanVleet, Scottie Barnes, Svi Mykhailiuk",7,"1",22,25,22,25,705,705,0,0,0,0
"22100081","IND","Caris LeVert, Domantas Sabonis, Goga Bitadze, T.J. McConnell, Torrey Craig",8,"2",27,24,34,35,833,1028,7,11,-4,195
"22100081","TOR","Chris Boucher, Fred VanVleet, Gary Trent Jr., Scottie Barnes, Svi Mykhailiuk",8,"1",22,25,22,25,705,720,0,0,0,15
"22100081","IND","Caris LeVert, Domantas Sabonis, Goga Bitadze, Justin Holiday, Torrey Craig",9,"2",34,35,34,35,1028,1028,0,0,0,0
"22100081","TOR","Chris Boucher, Fred VanVleet, Khem Birch, Scottie Barnes, Svi Mykhailiuk",9,"2",22,25,24,27,720,833,2,2,0,113
"22100081","IND","Caris LeVert, Chris Duarte, Domantas Sabonis, Justin Holiday, Torrey Craig",10,"2",34,35,34,35,1028,1028,0,0,0,0
"22100081","TOR","Chris Boucher, Fred VanVleet, Khem Birch, OG Anunoby, Svi Mykhailiuk",10,"2",24,27,35,34,833,1028,11,7,4,195
"22100081","IND","Caris LeVert, Chris Duarte, Domantas Sabonis, Justin Holiday, Myles Turner",11,"2",34,35,46,44,1028,1271,12,9,3,243
"22100081","TOR","Chris Boucher, Fred VanVleet, OG Anunoby, Precious Achiuwa, Svi Mykhailiuk",11,"2",35,34,38,41,1028,1132,3,7,-4,104
"22100081","IND","Chris Duarte, Domantas Sabonis, Justin Holiday, Myles Turner, T.J. McConnell",12,"2",46,44,47,46,1271,1440,1,2,-1,169
"22100081","IND","Chris Duarte, Domantas Sabonis, Justin Holiday, Myles Turner, T.J. McConnell",12,"3",47,46,51,49,1440,1648,4,3,1,208
"22100081","TOR","Fred VanVleet, OG Anunoby, Precious Achiuwa, Scottie Barnes, Svi Mykhailiuk",12,"2",38,41,44,46,1132,1271,6,5,1,139
"22100081","IND","Domantas Sabonis, Jeremy Lamb, Justin Holiday, Myles Turner, T.J. McConnell",13,"3",51,49,58,61,1648,1933,7,12,-5,285
"22100081","TOR","Fred VanVleet, Malachi Flynn, OG Anunoby, Precious Achiuwa, Scottie Barnes",13,"2",44,46,46,47,1271,1440,2,1,1,169
"22100081","IND","Domantas Sabonis, Jeremy Lamb, Myles Turner, T.J. McConnell, Torrey Craig",14,"3",58,61,58,61,1933,1933,0,0,0,0
"22100081","TOR","Fred VanVleet, Gary Trent Jr., OG Anunoby, Precious Achiuwa, Scottie Barnes",14,"3",46,47,49,51,1440,1648,3,4,-1,208
"22100081","IND","Jeremy Lamb, Myles Turner, Oshae Brissett, T.J. McConnell, Torrey Craig",15,"3",58,61,61,61,1933,1992,3,0,3,59
"22100081","TOR","Fred VanVleet, Gary Trent Jr., Khem Birch, OG Anunoby, Scottie Barnes",15,"3",49,51,56,58,1648,1811,7,7,0,163
"22100081","IND","Brad Wanamaker, Jeremy Lamb, Myles Turner, Oshae Brissett, Torrey Craig",16,"3",61,61,61,64,1992,2061,0,3,-3,69
"22100081","TOR","Chris Boucher, Fred VanVleet, Gary Trent Jr., Khem Birch, OG Anunoby",16,"3",56,58,56,58,1811,1811,0,0,0,0
"22100081","IND","Brad Wanamaker, Domantas Sabonis, Jeremy Lamb, Oshae Brissett, Torrey Craig",17,"3",61,64,61,64,2061,2061,0,0,0,0
"22100081","TOR","Chris Boucher, Fred VanVleet, Khem Birch, OG Anunoby, Svi Mykhailiuk",17,"3",56,58,61,58,1811,1933,5,0,5,122
"22100081","IND","Brad Wanamaker, Chris Duarte, Domantas Sabonis, Jeremy Lamb, Oshae Brissett",18,"3",61,64,66,67,2061,2160,5,3,2,99
"22100081","IND","Brad Wanamaker, Chris Duarte, Domantas Sabonis, Jeremy Lamb, Oshae Brissett",18,"4",66,67,68,75,2160,2312,2,8,-6,152
"22100081","TOR","Chris Boucher, Dalano Banton, Khem Birch, OG Anunoby, Svi Mykhailiuk",18,"3",61,58,67,66,1933,2156,6,8,-2,223
"22100081","IND","Chris Duarte, Domantas Sabonis, Goga Bitadze, Jeremy Lamb, Oshae Brissett",19,"4",68,75,68,75,2312,2312,0,0,0,0
"22100081","TOR","Chris Boucher, Dalano Banton, OG Anunoby, Scottie Barnes, Svi Mykhailiuk",19,"3",67,66,67,66,2156,2160,0,0,0,4
"22100081","IND","Chris Duarte, Domantas Sabonis, Goga Bitadze, Jeremy Lamb, T.J. McConnell",20,"4",68,75,68,75,2312,2312,0,0,0,0
"22100081","TOR","Dalano Banton, Fred VanVleet, Khem Birch, Scottie Barnes, Svi Mykhailiuk",20,"4",67,66,79,74,2160,2485,12,8,4,325
"22100081","IND","Chris Duarte, Domantas Sabonis, Goga Bitadze, Justin Holiday, T.J. McConnell",21,"4",68,75,74,79,2312,2485,6,4,2,173
"22100081","TOR","Dalano Banton, Fred VanVleet, Khem Birch, OG Anunoby, Scottie Barnes",21,"4",79,74,79,74,2485,2485,0,0,0,0
"22100081","IND","Chris Duarte, Goga Bitadze, Justin Holiday, Myles Turner, T.J. McConnell",22,"4",74,79,78,82,2485,2605,4,3,1,120
"22100081","TOR","Dalano Banton, Fred VanVleet, Gary Trent Jr., OG Anunoby, Scottie Barnes",22,"4",79,74,82,78,2485,2605,3,4,-1,120
"22100081","IND","Chris Duarte, Domantas Sabonis, Justin Holiday, Myles Turner, T.J. McConnell",23,"4",78,82,94,97,2605,2880,16,15,1,275
"22100081","TOR","Fred VanVleet, Gary Trent Jr., Khem Birch, OG Anunoby, Scottie Barnes",23,"4",82,78,97,94,2605,2880,15,16,-1,275
"22100082","ATL","Bogdan Bogdanovic, Clint Capela, De'Andre Hunter, John Collins, Trae Young",0,"1",0,0,6,12,0,456,6,12,-6,456
"22100082","PHI","Danny Green, Joel Embiid, Seth Curry, Tobias Harris, Tyrese Maxey",0,"1",0,0,12,6,0,456,12,6,6,456
"22100082","ATL","Cam Reddish, Clint Capela, De'Andre Hunter, John Collins, Trae Young",1,"1",6,12,6,12,456,456,0,0,0,0
"22100082","PHI","Georges Niang, Joel Embiid, Seth Curry, Tobias Harris, Tyrese Maxey",1,"1",12,6,12,6,456,456,0,0,0,0
"22100082","ATL","Cam Reddish, Clint Capela, John Collins, Kevin Huerter, Trae Young",2,"1",6,12,9,19,456,530,3,7,-4,74
"22100082","PHI","Georges Niang, Joel Embiid, Seth Curry, Shake Milton, Tobias Harris",2,"1",12,6,21,9,456,535,9,3,6,79
"22100082","ATL","Cam Reddish, Danilo Gallinari, John Collins, Kevin Huerter, Trae Young",3,"1",9,19,9,19,530,530,0,0,0,0
"22100082","PHI","Georges Niang, Joel Embiid, Matisse Thybulle, Shake Milton, Tobias Harris",3,"1",21,9,22,11,535,597,1,2,-1,62
"22100082","ATL","Cam Reddish, Danilo Gallinari, Gorgui Dieng, Kevin Huerter, Trae Young",4,"1",9,19,11,22,530,597,2,3,-1,67
"22100082","PHI","Furkan Korkmaz, Georges Niang, Joel Embiid, Matisse Thybulle, Shake Milton",4,"1",22,11,22,11,597,626,0,0,0,29
"22100082","ATL","Cam Reddish, Danilo Gallinari, Gorgui Dieng, Kevin Huerter, Lou Williams",5,"1",11,22,15,28,597,720,4,6,-2,123
"22100082","ATL","Cam Reddish, Danilo Gallinari, Gorgui Dieng, Kevin Huerter, Lou Williams",5,"2",15,28,22,37,720,947,7,9,-2,227
"22100082","PHI","Andre Drummond, Furkan Korkmaz, Georges Niang, Matisse Thybulle, Shake Milton",5,"1",22,11,28,15,626,715,6,4,2,89
"22100082","ATL","Cam Reddish, Danilo Gallinari, Gorgui Dieng, Lou Williams, Trae Young",6,"2",22,37,22,37,947,947,0,0,0,0
"22100082","PHI","Andre Drummond, Furkan Korkmaz, Georges Niang, Seth Curry, Shake Milton",6,"1",28,15,28,15,715,720,0,0,0,5
"22100082","ATL","Cam Reddish, Danilo Gallinari, De'Andre Hunter, Gorgui Dieng, Trae Young",7,"2",22,37,22,37,947,947,0,0,0,0
"22100082","PHI","Andre Drummond, Furkan Korkmaz, Georges Niang, Matisse Thybulle, Shake Milton",7,"2",28,15,37,24,720,986,9,9,0,266
"22100082","ATL","Bogdan Bogdanovic, Cam Reddish, De'Andre Hunter, Gorgui Dieng, Trae Young",8,"2",22,37,22,37,947,947,0,0,0,0
"22100082","PHI","Andre Drummond, Furkan Korkmaz, Matisse Thybulle, Shake Milton, Tyrese Maxey",8,"2",37,24,37,24,986,986,0,0,0,0
"22100082","ATL","Bogdan Bogdanovic, Cam Reddish, Clint Capela, De'Andre Hunter, Trae Young",9,"2",22,37,22,37,947,947,0,0,0,0
"22100082","PHI","Andre Drummond, Furkan Korkmaz, Matisse Thybulle, Tobias Harris, Tyrese Maxey",9,"2",37,24,37,24,986,993,0,0,0,7
"22100082","ATL","Bogdan Bogdanovic, Clint Capela, De'Andre Hunter, John Collins, Trae Young",10,"2",22,37,46,58,947,1388,24,21,3,441
"22100082","PHI","Furkan Korkmaz, Joel Embiid, Matisse Thybulle, Tobias Harris, Tyrese Maxey",10,"2",37,24,37,24,993,993,0,0,0,0
"22100082","ATL","Bogdan Bogdanovic, De'Andre Hunter, Gorgui Dieng, John Collins, Trae Young",11,"2",46,58,46,60,1388,1440,0,2,-2,52
"22100082","PHI","Joel Embiid, Matisse Thybulle, Seth Curry, Tobias Harris, Tyrese Maxey",11,"2",37,24,39,30,993,1094,2,6,-4,101
"22100082","ATL","Bogdan Bogdanovic, Clint Capela, De'Andre Hunter, John Collins, Trae Young",12,"3",46,60,60,77,1440,1871,14,17,-3,431
"22100082","PHI","Danny Green, Joel Embiid, Seth Curry, Tobias Harris, Tyrese Maxey",12,"2",39,30,51,39,1094,1256,12,9,3,162
"22100082","ATL","Bogdan Bogdanovic, Cam Reddish, Clint Capela, John Collins, Trae Young",13,"3",60,77,62,84,1871,2005,2,7,-5,134
"22100082","PHI","Danny Green, Joel Embiid, Seth Curry, Shake Milton, Tobias Harris",13,"2",51,39,60,46,1256,1440,9,7,2,184
"22100082","ATL","Bogdan Bogdanovic, Cam Reddish, Clint Capela, John Collins, Kevin Huerter",14,"3",62,84,62,84,2005,2005,0,0,0,0
"22100082","PHI","Danny Green, Joel Embiid, Seth Curry, Tobias Harris, Tyrese Maxey",14,"3",60,46,84,62,1440,2005,24,16,8,565
"22100082","ATL","Cam Reddish, Clint Capela, John Collins, Kevin Huerter, Lou Williams",15,"3",62,84,62,84,2005,2005,0,0,0,0
"22100082","PHI","Danny Green, Joel Embiid, Seth Curry, Shake Milton, Tobias Harris",15,"3",84,62,84,62,2005,2005,0,0,0,0
"22100082","ATL","Cam Reddish, Danilo Gallinari, John Collins, Kevin Huerter, Lou Williams",16,"3",62,84,62,84,2005,2005,0,0,0,0
"22100082","PHI","Georges Niang, Joel Embiid, Seth Curry, Shake Milton, Tobias Harris",16,"3",84,62,84,65,2005,2051,0,3,-3,46
"22100082","ATL","Cam Reddish, Danilo Gallinari, Gorgui Dieng, Kevin Huerter, Lou Williams",17,"3",62,84,69,89,2005,2160,7,5,2,155
"22100082","ATL","Cam Reddish, Danilo Gallinari, Gorgui Dieng, Kevin Huerter, Lou Williams",17,"4",69,89,72,95,2160,2319,3,6,-3,159
"22100082","PHI","Andre Drummond, Georges Niang, Joel Embiid, Seth Curry, Shake Milton",17,"3",84,65,84,65,2051,2051,0,0,0,0
"22100082","ATL","Cam Reddish, Danilo Gallinari, Gorgui Dieng, Lou Williams, Trae Young",18,"4",72,95,72,95,2319,2319,0,0,0,0
"22100082","PHI","Andre Drummond, Georges Niang, Matisse Thybulle, Seth Curry, Shake Milton",18,"3",84,65,84,65,2051,2051,0,0,0,0
"22100082","ATL","Bogdan Bogdanovic, Cam Reddish, Danilo Gallinari, Gorgui Dieng, Trae Young",19,"4",72,95,72,95,2319,2319,0,0,0,0
"22100082","PHI","Andre Drummond, Furkan Korkmaz, Georges Niang, Matisse Thybulle, Shake Milton",19,"3",84,65,89,69,2051,2160,5,4,1,109
"22100082","PHI","Andre Drummond, Furkan Korkmaz, Georges Niang, Matisse Thybulle, Shake Milton",19,"4",89,69,99,75,2160,2425,10,6,4,265
"22100082","ATL","Bogdan Bogdanovic, Cam Reddish, Gorgui Dieng, John Collins, Trae Young",20,"4",72,95,75,99,2319,2425,3,4,-1,106
"22100082","PHI","Andre Drummond, Furkan Korkmaz, Georges Niang, Matisse Thybulle, Tobias Harris",20,"4",99,75,99,75,2425,2425,0,0,0,0
"22100082","ATL","Bogdan Bogdanovic, Cam Reddish, Clint Capela, John Collins, Trae Young",21,"4",75,99,80,108,2425,2567,5,9,-4,142
"22100082","PHI","Andre Drummond, Furkan Korkmaz, Matisse Thybulle, Tobias Harris, Tyrese Maxey",21,"4",99,75,101,77,2425,2468,2,2,0,43
"22100082","ATL","Bogdan Bogdanovic, Cam Reddish, Clint Capela, John Collins, Skylar Mays",22,"4",80,108,80,108,2567,2567,0,0,0,0
"22100082","PHI","Furkan Korkmaz, Joel Embiid, Matisse Thybulle, Tobias Harris, Tyrese Maxey",22,"4",101,77,103,77,2468,2498,2,0,2,30
"22100082","ATL","Cam Reddish, Clint Capela, John Collins, Skylar Mays, Timothe Luwawu-Cabarrot",23,"4",80,108,80,108,2567,2567,0,0,0,0
"22100082","PHI","Joel Embiid, Matisse Thybulle, Seth Curry, Tobias Harris, Tyrese Maxey",23,"4",103,77,108,80,2498,2567,5,3,2,69
"22100082","ATL","Cam Reddish, Jalen Johnson, John Collins, Skylar Mays, Timothe Luwawu-Cabarrot",24,"4",80,108,80,108,2567,2567,0,0,0,0
"22100082","PHI","Georges Niang, Matisse Thybulle, Seth Curry, Tobias Harris, Tyrese Maxey",24,"4",108,80,108,81,2567,2610,0,1,-1,43
"22100082","ATL","Cam Reddish, Gorgui Dieng, Jalen Johnson, Skylar Mays, Timothe Luwawu-Cabarrot",25,"4",80,108,80,108,2567,2567,0,0,0,0
"22100082","PHI","Georges Niang, Isaiah Joe, Matisse Thybulle, Tobias Harris, Tyrese Maxey",25,"4",108,81,108,83,2610,2641,0,2,-2,31
"22100082","ATL","Delon Wright, Gorgui Dieng, Jalen Johnson, Skylar Mays, Timothe Luwawu-Cabarrot",26,"4",80,108,94,122,2567,2880,14,14,0,313
"22100082","PHI","Georges Niang, Isaiah Joe, Matisse Thybulle, Paul Reed, Tyrese Maxey",26,"4",108,83,108,83,2641,2641,0,0,0,0
"22100082","PHI","Furkan Korkmaz, Georges Niang, Isaiah Joe, Matisse Thybulle, Paul Reed",27,"4",108,83,111,87,2641,2691,3,4,-1,50
"22100082","PHI","Charles Bassey, Furkan Korkmaz, Isaiah Joe, Matisse Thybulle, Paul Reed",28,"4",111,87,122,94,2691,2880,11,7,4,189
"22100083","CHI","DeMar DeRozan, Javonte Green, Lonzo Ball, Nikola Vucevic, Zach LaVine",0,"1",0,0,14,12,0,399,14,12,2,399
"22100083","UTA","Bojan Bogdanovic, Donovan Mitchell, Joe Ingles, Royce O'Neale, Rudy Gobert",0,"1",0,0,10,10,0,307,10,10,0,307
"22100083","CHI","Alex Caruso, DeMar DeRozan, Javonte Green, Nikola Vucevic, Zach LaVine",1,"1",14,12,14,12,399,399,0,0,0,0
"22100083","UTA","Bojan Bogdanovic, Donovan Mitchell, Hassan Whiteside, Joe Ingles, Royce O'Neale",1,"1",10,10,10,10,307,307,0,0,0,0
"22100083","CHI","Alex Caruso, Javonte Green, Nikola Vucevic, Troy Brown Jr., Zach LaVine",2,"1",14,12,14,14,399,473,0,2,-2,74
"22100083","UTA","Bojan Bogdanovic, Donovan Mitchell, Hassan Whiteside, Jordan Clarkson, Royce O'Neale",2,"1",10,10,14,14,307,473,4,4,0,166
"22100083","CHI","Alex Caruso, Derrick Jones Jr., Nikola Vucevic, Troy Brown Jr., Zach LaVine",3,"1",14,14,15,19,473,562,1,5,-4,89
"22100083","UTA","Donovan Mitchell, Eric Paschall, Hassan Whiteside, Jordan Clarkson, Royce O'Neale",3,"1",14,14,19,15,473,528,5,1,4,55
"22100083","CHI","Alex Caruso, Derrick Jones Jr., Lonzo Ball, Nikola Vucevic, Zach LaVine",4,"1",15,19,15,19,562,562,0,0,0,0
"22100083","UTA","Donovan Mitchell, Eric Paschall, Hassan Whiteside, Joe Ingles, Jordan Clarkson",4,"1",19,15,19,15,528,562,0,0,0,34
"22100083","CHI","Alex Caruso, DeMar DeRozan, Derrick Jones Jr., Lonzo Ball, Nikola Vucevic",5,"1",15,19,15,19,562,562,0,0,0,0
"22100083","UTA","Donovan Mitchell, Eric Paschall, Joe Ingles, Jordan Clarkson, Rudy Gobert",5,"1",19,15,19,15,562,562,0,0,0,0
"22100083","CHI","Alex Caruso, DeMar DeRozan, Derrick Jones Jr., Lonzo Ball, Tony Bradley",6,"1",15,19,23,24,562,679,8,5,3,117
"22100083","UTA","Eric Paschall, Jared Butler, Joe Ingles, Jordan Clarkson, Rudy Gobert",6,"1",19,15,24,25,562,720,5,10,-5,158
"22100083","UTA","Eric Paschall, Jared Butler, Joe Ingles, Jordan Clarkson, Rudy Gobert",6,"2",24,25,29,40,720,959,5,15,-10,239
"22100083","CHI","Ayo Dosunmu, DeMar DeRozan, Derrick Jones Jr., Lonzo Ball, Tony Bradley",7,"1",23,24,25,24,679,720,2,0,2,41
"22100083","CHI","Ayo Dosunmu, DeMar DeRozan, Derrick Jones Jr., Lonzo Ball, Tony Bradley",7,"2",25,24,40,31,720,982,15,7,8,262
"22100083","UTA","Bojan Bogdanovic, Jared Butler, Joe Ingles, Jordan Clarkson, Rudy Gobert",7,"2",29,40,29,40,959,959,0,0,0,0
"22100083","CHI","Ayo Dosunmu, DeMar DeRozan, Derrick Jones Jr., Tony Bradley, Zach LaVine",8,"2",40,31,40,31,982,982,0,0,0,0
"22100083","UTA","Bojan Bogdanovic, Donovan Mitchell, Jared Butler, Jordan Clarkson, Rudy Gobert",8,"2",29,40,29,40,959,959,0,0,0,0
"22100083","CHI","Ayo Dosunmu, Derrick Jones Jr., Nikola Vucevic, Tony Bradley, Zach LaVine",9,"2",40,31,40,31,982,982,0,0,0,0
"22100083","UTA","Bojan Bogdanovic, Donovan Mitchell, Jordan Clarkson, Royce O'Neale, Rudy Gobert",9,"2",29,40,29,40,959,959,0,0,0,0
"22100083","CHI","Alex Caruso, Ayo Dosunmu, Derrick Jones Jr., Nikola Vucevic, Zach LaVine",10,"2",40,31,45,36,982,1066,5,5,0,84
"22100083","UTA","Bojan Bogdanovic, Donovan Mitchell, Hassan Whiteside, Jordan Clarkson, Royce O'Neale",10,"2",29,40,45,50,959,1188,16,10,6,229
"22100083","CHI","Alex Caruso, Ayo Dosunmu, Javonte Green, Nikola Vucevic, Zach LaVine",11,"2",45,36,50,45,1066,1188,5,9,-4,122
"22100083","UTA","Bojan Bogdanovic, Donovan Mitchell, Hassan Whiteside, Royce O'Neale, Rudy Gobert",11,"2",45,50,45,50,1188,1188,0,0,0,0
"22100083","CHI","Ayo Dosunmu, Javonte Green, Lonzo Ball, Nikola Vucevic, Zach LaVine",12,"2",50,45,50,45,1188,1188,0,0,0,0
"22100083","UTA","Bojan Bogdanovic, Donovan Mitchell, Joe Ingles, Royce O'Neale, Rudy Gobert",12,"2",45,50,57,54,1188,1440,12,4,8,252
"22100083","UTA","Bojan Bogdanovic, Donovan Mitchell, Joe Ingles, Royce O'Neale, Rudy Gobert",12,"3",57,54,65,66,1440,1805,8,12,-4,365
"22100083","CHI","DeMar DeRozan, Javonte Green, Lonzo Ball, Nikola Vucevic, Zach LaVine",13,"2",50,45,50,48,1188,1264,0,3,-3,76
"22100083","UTA","Bojan Bogdanovic, Donovan Mitchell, Hassan Whiteside, Royce O'Neale, Rudy Gobert",13,"3",65,66,65,66,1805,1805,0,0,0,0
"22100083","CHI","Alex Caruso, DeMar DeRozan, Lonzo Ball, Nikola Vucevic, Zach LaVine",14,"2",50,48,54,57,1264,1440,4,9,-5,176
"22100083","UTA","Bojan Bogdanovic, Donovan Mitchell, Hassan Whiteside, Jordan Clarkson, Royce O'Neale",14,"3",65,66,65,69,1805,1901,0,3,-3,96
"22100083","CHI","DeMar DeRozan, Javonte Green, Lonzo Ball, Nikola Vucevic, Zach LaVine",15,"3",54,57,66,65,1440,1805,12,8,4,365
"22100083","UTA","Donovan Mitchell, Eric Paschall, Hassan Whiteside, Jordan Clarkson, Royce O'Neale",15,"3",65,69,69,75,1901,2006,4,6,-2,105
"22100083","CHI","Ayo Dosunmu, Javonte Green, Lonzo Ball, Nikola Vucevic, Zach LaVine",16,"3",66,65,66,65,1805,1822,0,0,0,17
"22100083","UTA","Donovan Mitchell, Eric Paschall, Joe Ingles, Jordan Clarkson, Royce O'Neale",16,"3",69,75,69,75,2006,2006,0,0,0,0
"22100083","CHI","Ayo Dosunmu, Javonte Green, Lonzo Ball, Tony Bradley, Zach LaVine",17,"3",66,65,68,65,1822,1881,2,0,2,59
"22100083","UTA","Donovan Mitchell, Eric Paschall, Jared Butler, Joe Ingles, Jordan Clarkson",17,"3",69,75,69,75,2006,2006,0,0,0,0
"22100083","CHI","Ayo Dosunmu, Derrick Jones Jr., Lonzo Ball, Tony Bradley, Zach LaVine",18,"3",68,65,68,65,1881,1881,0,0,0,0
"22100083","UTA","Eric Paschall, Jared Butler, Joe Ingles, Jordan Clarkson, Rudy Gobert",18,"3",69,75,72,79,2006,2160,3,4,-1,154
"22100083","CHI","Alex Caruso, Ayo Dosunmu, Derrick Jones Jr., Tony Bradley, Zach LaVine",19,"3",68,65,75,69,1881,2006,7,4,3,125
"22100083","UTA","Eric Paschall, Joe Ingles, Jordan Clarkson, Rudy Gobert, Trent Forrest",19,"4",72,79,74,86,2160,2367,2,7,-5,207
"22100083","CHI","Alex Caruso, Ayo Dosunmu, DeMar DeRozan, Derrick Jones Jr., Tony Bradley",20,"3",75,69,79,72,2006,2160,4,3,1,154
"22100083","UTA","Hassan Whiteside, Joe Ingles, Jordan Clarkson, Rudy Gobert, Trent Forrest",20,"4",74,86,74,86,2367,2367,0,0,0,0
"22100083","CHI","Alex Caruso, Ayo Dosunmu, DeMar DeRozan, Derrick Jones Jr., Nikola Vucevic",21,"4",79,72,86,74,2160,2367,7,2,5,207
"22100083","UTA","Donovan Mitchell, Hassan Whiteside, Jordan Clarkson, Rudy Gobert, Trent Forrest",21,"4",74,86,74,86,2367,2367,0,0,0,0
"22100083","CHI","Alex Caruso, Ayo Dosunmu, DeMar DeRozan, Derrick Jones Jr., Tony Bradley",22,"4",86,74,88,77,2367,2399,2,3,-1,32
"22100083","UTA","Donovan Mitchell, Hassan Whiteside, Jordan Clarkson, Royce O'Neale, Trent Forrest",22,"4",74,86,74,86,2367,2367,0,0,0,0
"22100083","CHI","Ayo Dosunmu, DeMar DeRozan, Derrick Jones Jr., Lonzo Ball, Tony Bradley",23,"4",88,77,88,77,2399,2399,0,0,0,0
"22100083","UTA","Bojan Bogdanovic, Donovan Mitchell, Hassan Whiteside, Jordan Clarkson, Royce O'Neale",23,"4",74,86,88,98,2367,2629,14,12,2,262
"22100083","CHI","DeMar DeRozan, Derrick Jones Jr., Lonzo Ball, Tony Bradley, Zach LaVine",24,"4",88,77,89,77,2399,2425,1,0,1,26
"22100083","UTA","Bojan Bogdanovic, Donovan Mitchell, Jordan Clarkson, Royce O'Neale, Rudy Gobert",24,"4",88,98,88,98,2629,2683,0,0,0,54
"22100083","CHI","DeMar DeRozan, Javonte Green, Lonzo Ball, Tony Bradley, Zach LaVine",25,"4",89,77,89,77,2425,2425,0,0,0,0
"22100083","UTA","Bojan Bogdanovic, Donovan Mitchell, Joe Ingles, Royce O'Neale, Rudy Gobert",25,"4",88,98,99,107,2683,2880,11,9,2,197
"22100083","CHI","Javonte Green, Lonzo Ball, Nikola Vucevic, Tony Bradley, Zach LaVine",26,"4",89,77,89,77,2425,2425,0,0,0,0
"22100083","CHI","Ayo Dosunmu, Javonte Green, Lonzo Ball, Nikola Vucevic, Zach LaVine",27,"4",89,77,96,83,2425,2561,7,6,1,136
"22100083","CHI","Alex Caruso, Javonte Green, Lonzo Ball, Nikola Vucevic, Zach LaVine",28,"4",96,83,98,88,2561,2629,2,5,-3,68
"22100083","CHI","Alex Caruso, DeMar DeRozan, Lonzo Ball, Nikola Vucevic, Zach LaVine",29,"4",98,88,105,97,2629,2827,7,9,-2,198
"22100083","CHI","Alex Caruso, DeMar DeRozan, Javonte Green, Lonzo Ball, Zach LaVine",30,"4",105,97,105,99,2827,2833,0,2,-2,6
"22100083","CHI","Alex Caruso, DeMar DeRozan, Lonzo Ball, Nikola Vucevic, Zach LaVine",31,"4",105,99,107,99,2833,2880,2,0,2,47
"22100084","MEM","De'Anthony Melton, Desmond Bane, Ja Morant, Jaren Jackson Jr., Steven Adams",0,"1",0,0,10,21,0,334,10,21,-11,334
"22100084","MIA","Dewayne Dedmon, Duncan Robinson, Jimmy Butler, Kyle Lowry, P.J. Tucker",0,"1",0,0,8,4,0,147,8,4,4,147
"22100084","MEM","De'Anthony Melton, Desmond Bane, Ja Morant, Kyle Anderson, Steven Adams",1,"1",10,21,10,21,334,334,0,0,0,0
"22100084","MIA","Duncan Robinson, Jimmy Butler, Kyle Lowry, Markieff Morris, P.J. Tucker",1,"1",8,4,23,13,147,377,15,9,6,230
"22100084","MEM","De'Anthony Melton, Ja Morant, Kyle Anderson, Steven Adams, Ziaire Williams",2,"1",10,21,15,25,334,419,5,4,1,85
"22100084","MIA","Duncan Robinson, Jimmy Butler, Markieff Morris, P.J. Tucker, Tyler Herro",2,"1",23,13,30,20,377,548,7,7,0,171
"22100084","MEM","De'Anthony Melton, Ja Morant, Kyle Anderson, Xavier Tillman Sr., Ziaire Williams",3,"1",15,25,20,30,419,548,5,5,0,129
"22100084","MIA","Duncan Robinson, Jimmy Butler, Markieff Morris, Max Strus, Tyler Herro",3,"1",30,20,30,20,548,548,0,0,0,0
"22100084","MEM","Ja Morant, John Konchar, Kyle Anderson, Xavier Tillman Sr., Ziaire Williams",4,"1",20,30,22,37,548,671,2,7,-5,123
"22100084","MIA","Caleb Martin, Jimmy Butler, Markieff Morris, Max Strus, Tyler Herro",4,"1",30,20,37,22,548,671,7,2,5,123
"22100084","MEM","Ja Morant, Jaren Jackson Jr., John Konchar, Xavier Tillman Sr., Ziaire Williams",5,"1",22,37,22,37,671,671,0,0,0,0
"22100084","MIA","Caleb Martin, Kyle Lowry, Markieff Morris, Max Strus, Tyler Herro",5,"1",37,22,38,22,671,720,1,0,1,49
"22100084","MIA","Caleb Martin, Kyle Lowry, Markieff Morris, Max Strus, Tyler Herro",5,"2",38,22,39,22,720,802,1,0,1,82
"22100084","MEM","Ja Morant, Jaren Jackson Jr., John Konchar, Tyus Jones, Xavier Tillman Sr.",6,"1",22,37,22,37,671,671,0,0,0,0
"22100084","MIA","Caleb Martin, Dewayne Dedmon, Kyle Lowry, Max Strus, Tyler Herro",6,"2",39,22,46,27,802,965,7,5,2,163
"22100084","MEM","Desmond Bane, Jaren Jackson Jr., John Konchar, Tyus Jones, Xavier Tillman Sr.",7,"1",22,37,22,38,671,720,0,1,-1,49
"22100084","MEM","Desmond Bane, Jaren Jackson Jr., John Konchar, Tyus Jones, Xavier Tillman Sr.",7,"2",22,38,25,44,720,908,3,6,-3,188
"22100084","MIA","Dewayne Dedmon, Kyle Lowry, Markieff Morris, Max Strus, Tyler Herro",7,"2",46,27,46,27,965,965,0,0,0,0
"22100084","MEM","Desmond Bane, Jaren Jackson Jr., Sam Merrill, Tyus Jones, Xavier Tillman Sr.",8,"2",25,44,27,46,908,965,2,2,0,57
"22100084","MIA","Jimmy Butler, Kyle Lowry, Markieff Morris, Max Strus, Tyler Herro",8,"2",46,27,49,32,965,1015,3,5,-2,50
"22100084","MEM","Desmond Bane, Ja Morant, Jaren Jackson Jr., Sam Merrill, Tyus Jones",9,"2",27,46,35,51,965,1093,8,5,3,128
"22100084","MIA","Caleb Martin, Jimmy Butler, Markieff Morris, Max Strus, Tyler Herro",9,"2",49,32,49,32,1015,1015,0,0,0,0
"22100084","MEM","De'Anthony Melton, Desmond Bane, Ja Morant, Sam Merrill, Tyus Jones",10,"2",35,51,35,51,1093,1093,0,0,0,0
"22100084","MIA","Caleb Martin, Jimmy Butler, Max Strus, P.J. Tucker, Tyler Herro",10,"2",49,32,51,38,1015,1117,2,6,-4,102
"22100084","MEM","De'Anthony Melton, Desmond Bane, Ja Morant, Sam Merrill, Steven Adams",11,"2",35,51,38,51,1093,1117,3,0,3,24
"22100084","MIA","Caleb Martin, Duncan Robinson, Jimmy Butler, P.J. Tucker, Tyler Herro",11,"2",51,38,56,46,1117,1257,5,8,-3,140
"22100084","MEM","De'Anthony Melton, Ja Morant, Kyle Anderson, Sam Merrill, Steven Adams",12,"2",38,51,42,56,1117,1193,4,5,-1,76
"22100084","MIA","Caleb Martin, Duncan Robinson, Jimmy Butler, Kyle Lowry, P.J. Tucker",12,"2",56,46,59,46,1257,1310,3,0,3,53
"22100084","MEM","De'Anthony Melton, Ja Morant, Kyle Anderson, Steven Adams, Ziaire Williams",13,"2",42,56,49,63,1193,1360,7,7,0,167
"22100084","MIA","Duncan Robinson, Jimmy Butler, Kyle Lowry, P.J. Tucker, Tyler Herro",13,"2",59,46,67,54,1310,1440,8,8,0,130
"22100084","MEM","De'Anthony Melton, Desmond Bane, Ja Morant, Steven Adams, Ziaire Williams",14,"2",49,63,54,67,1360,1440,5,4,1,80
"22100084","MIA","Dewayne Dedmon, Duncan Robinson, Jimmy Butler, Kyle Lowry, P.J. Tucker",14,"3",67,54,84,66,1440,1810,17,12,5,370
"22100084","MEM","De'Anthony Melton, Desmond Bane, Ja Morant, Jaren Jackson Jr., Steven Adams",15,"3",54,67,66,84,1440,1810,12,17,-5,370
"22100084","MIA","Dewayne Dedmon, Duncan Robinson, Jimmy Butler, P.J. Tucker, Tyler Herro",15,"3",84,66,84,66,1810,1810,0,0,0,0
"22100084","MEM","Desmond Bane, Ja Morant, Jaren Jackson Jr., Kyle Anderson, Steven Adams",16,"3",66,84,66,84,1810,1810,0,0,0,0
"22100084","MIA","Duncan Robinson, Jimmy Butler, Markieff Morris, P.J. Tucker, Tyler Herro",16,"3",84,66,98,74,1810,2018,14,8,6,208
"22100084","MEM","Desmond Bane, Ja Morant, Jaren Jackson Jr., Kyle Anderson, Ziaire Williams",17,"3",66,84,74,95,1810,1976,8,11,-3,166
"22100084","MIA","Caleb Martin, Duncan Robinson, Jimmy Butler, Markieff Morris, Tyler Herro",17,"3",98,74,100,74,2018,2097,2,0,2,79
"22100084","MEM","Ja Morant, Jaren Jackson Jr., Kyle Anderson, Xavier Tillman Sr., Ziaire Williams",18,"3",74,95,74,95,1976,1976,0,0,0,0
"22100084","MIA","Caleb Martin, Duncan Robinson, Kyle Lowry, Markieff Morris, Tyler Herro",18,"3",100,74,102,79,2097,2160,2,5,-3,63
"22100084","MEM","Ja Morant, Kyle Anderson, Sam Merrill, Xavier Tillman Sr., Ziaire Williams",19,"3",74,95,74,100,1976,2057,0,5,-5,81
"22100084","MIA","Caleb Martin, Kyle Lowry, Markieff Morris, Max Strus, Tyler Herro",19,"4",102,79,105,89,2160,2314,3,10,-7,154
"22100084","MEM","Kyle Anderson, Sam Merrill, Tyus Jones, Xavier Tillman Sr., Ziaire Williams",20,"3",74,100,79,102,2057,2160,5,2,3,103
"22100084","MIA","Caleb Martin, Dewayne Dedmon, Kyle Lowry, Max Strus, Tyler Herro",20,"4",105,89,121,94,2314,2581,16,5,11,267
"22100084","MEM","De'Anthony Melton, Kyle Anderson, Sam Merrill, Tyus Jones, Xavier Tillman Sr.",21,"4",79,102,89,105,2160,2314,10,3,7,154
"22100084","MIA","Caleb Martin, Dewayne Dedmon, Gabe Vincent, Max Strus, Tyler Herro",21,"4",121,94,121,94,2581,2581,0,0,0,0
"22100084","MEM","De'Anthony Melton, Ja Morant, Kyle Anderson, Tyus Jones, Xavier Tillman Sr.",22,"4",89,105,91,108,2314,2388,2,3,-1,74
"22100084","MIA","Caleb Martin, Dewayne Dedmon, Gabe Vincent, KZ Okpala, Tyler Herro",22,"4",121,94,123,96,2581,2671,2,2,0,90
"22100084","MEM","De'Anthony Melton, Desmond Bane, Ja Morant, Tyus Jones, Xavier Tillman Sr.",23,"4",91,108,91,112,2388,2399,0,4,-4,11
"22100084","MIA","Caleb Martin, Gabe Vincent, KZ Okpala, Omer Yurtseven, Tyler Herro",23,"4",123,96,123,96,2671,2711,0,0,0,40
"22100084","MEM","De'Anthony Melton, Desmond Bane, Ja Morant, Jaren Jackson Jr., Tyus Jones",24,"4",91,112,94,119,2399,2528,3,7,-4,129
"22100084","MIA","Caleb Martin, Gabe Vincent, KZ Okpala, Omer Yurtseven, Udonis Haslem",24,"4",123,96,129,103,2711,2880,6,7,-1,169
"22100084","MEM","Desmond Bane, Ja Morant, Jaren Jackson Jr., Killian Tillie, Tyus Jones",25,"4",94,119,94,119,2528,2528,0,0,0,0
"22100084","MEM","Brandon Clarke, Desmond Bane, Ja Morant, Jaren Jackson Jr., Killian Tillie",26,"4",94,119,94,119,2528,2528,0,0,0,0
"22100084","MEM","Brandon Clarke, Desmond Bane, Jaren Jackson Jr., Killian Tillie, Sam Merrill",27,"4",94,119,94,119,2528,2528,0,0,0,0
"22100084","MEM","Brandon Clarke, Jaren Jackson Jr., Killian Tillie, Sam Merrill, Santi Aldama",28,"4",94,119,94,119,2528,2528,0,0,0,0
"22100084","MEM","Brandon Clarke, John Konchar, Killian Tillie, Sam Merrill, Santi Aldama",29,"4",94,119,103,129,2528,2880,9,10,-1,352
"22100085","MIL","George Hill, Giannis Antetokounmpo, Grayson Allen, Khris Middleton, Thanasis Antetokounmpo",0,"1",0,0,4,3,0,108,4,3,1,108
"22100085","SAS","Dejounte Murray, Derrick White, Jakob Poeltl, Keldon Johnson, Lonnie Walker IV",0,"1",0,0,13,11,0,323,13,11,2,323
"22100085","MIL","George Hill, Giannis Antetokounmpo, Grayson Allen, Khris Middleton, Pat Connaughton",1,"1",4,3,9,11,108,287,5,8,-3,179
"22100085","SAS","Dejounte Murray, Derrick White, Drew Eubanks, Keldon Johnson, Lonnie Walker IV",1,"1",13,11,16,13,323,380,3,2,1,57
"22100085","MIL","George Hill, Grayson Allen, Khris Middleton, Pat Connaughton, Thanasis Antetokounmpo",2,"1",9,11,13,16,287,380,4,5,-1,93
"22100085","SAS","Dejounte Murray, Derrick White, Devin Vassell, Drew Eubanks, Keldon Johnson",2,"1",16,13,22,17,380,470,6,4,2,90
"22100085","MIL","Grayson Allen, Justin Robinson, Khris Middleton, Pat Connaughton, Thanasis Antetokounmpo",3,"1",13,16,13,16,380,380,0,0,0,0
"22100085","SAS","Bryn Forbes, Derrick White, Devin Vassell, Drew Eubanks, Keldon Johnson",3,"1",22,17,22,19,470,521,0,2,-2,51
"22100085","MIL","Jordan Nwora, Justin Robinson, Khris Middleton, Pat Connaughton, Thanasis Antetokounmpo",4,"1",13,16,17,22,380,470,4,6,-2,90
"22100085","SAS","Bryn Forbes, Derrick White, Devin Vassell, Drew Eubanks, Keita Bates-Diop",4,"1",22,19,22,19,521,521,0,0,0,0
"22100085","MIL","Jordan Nwora, Justin Robinson, Pat Connaughton, Rodney Hood, Thanasis Antetokounmpo",5,"1",17,22,19,22,470,521,2,0,2,51
"22100085","SAS","Bryn Forbes, Derrick White, Devin Vassell, Jakob Poeltl, Keita Bates-Diop",5,"1",22,19,23,21,521,619,1,2,-1,98
"22100085","MIL","Giannis Antetokounmpo, Jordan Nwora, Justin Robinson, Pat Connaughton, Rodney Hood",6,"1",19,22,21,23,521,619,2,1,1,98
"22100085","SAS","Bryn Forbes, Dejounte Murray, Devin Vassell, Jakob Poeltl, Keita Bates-Diop",6,"1",23,21,23,21,619,619,0,0,0,0
"22100085","MIL","Giannis Antetokounmpo, Jordan Nwora, Justin Robinson, Rodney Hood, Semi Ojeleye",7,"1",21,23,24,27,619,720,3,4,-1,101
"22100085","SAS","Bryn Forbes, Dejounte Murray, Devin Vassell, Drew Eubanks, Keita Bates-Diop",7,"1",23,21,27,24,619,720,4,3,1,101
"22100085","SAS","Bryn Forbes, Dejounte Murray, Devin Vassell, Drew Eubanks, Keita Bates-Diop",7,"2",27,24,31,27,720,870,4,3,1,150
"22100085","MIL","George Hill, Giannis Antetokounmpo, Grayson Allen, Rodney Hood, Semi Ojeleye",8,"2",24,27,27,31,720,870,3,4,-1,150
"22100085","SAS","Bryn Forbes, Dejounte Murray, Drew Eubanks, Keita Bates-Diop, Lonnie Walker IV",8,"2",31,27,34,29,870,969,3,2,1,99
"22100085","MIL","George Hill, Giannis Antetokounmpo, Grayson Allen, Semi Ojeleye, Thanasis Antetokounmpo",9,"2",27,31,27,31,870,870,0,0,0,0
"22100085","SAS","Dejounte Murray, Drew Eubanks, Keita Bates-Diop, Lonnie Walker IV, Thaddeus Young",9,"2",34,29,34,29,969,969,0,0,0,0
"22100085","MIL","George Hill, Grayson Allen, Khris Middleton, Semi Ojeleye, Thanasis Antetokounmpo",10,"2",27,31,29,34,870,969,2,3,-1,99
"22100085","SAS","Dejounte Murray, Keita Bates-Diop, Keldon Johnson, Lonnie Walker IV, Thaddeus Young",10,"2",34,29,34,29,969,969,0,0,0,0
"22100085","MIL","George Hill, Grayson Allen, Khris Middleton, Pat Connaughton, Thanasis Antetokounmpo",11,"2",29,34,38,38,969,1121,9,4,5,152
"22100085","SAS","Dejounte Murray, Derrick White, Keldon Johnson, Lonnie Walker IV, Thaddeus Young",11,"2",34,29,34,34,969,1019,0,5,-5,50
"22100085","MIL","George Hill, Giannis Antetokounmpo, Khris Middleton, Pat Connaughton, Thanasis Antetokounmpo",12,"2",38,38,38,38,1121,1121,0,0,0,0
"22100085","SAS","Derrick White, Keldon Johnson, Lonnie Walker IV, Thaddeus Young, Tre Jones",12,"2",34,34,38,38,1019,1166,4,4,0,147
"22100085","MIL","George Hill, Giannis Antetokounmpo, Jordan Nwora, Khris Middleton, Thanasis Antetokounmpo",13,"2",38,38,38,38,1121,1121,0,0,0,0
"22100085","SAS","Derrick White, Devin Vassell, Keldon Johnson, Lonnie Walker IV, Thaddeus Young",13,"2",38,38,38,38,1166,1166,0,0,0,0
"22100085","MIL","George Hill, Giannis Antetokounmpo, Jordan Nwora, Khris Middleton, Semi Ojeleye",14,"2",38,38,38,38,1121,1166,0,0,0,45
"22100085","SAS","Dejounte Murray, Derrick White, Devin Vassell, Lonnie Walker IV, Thaddeus Young",14,"2",38,38,41,38,1166,1186,3,0,3,20
"22100085","MIL","Giannis Antetokounmpo, Jordan Nwora, Justin Robinson, Khris Middleton, Semi Ojeleye",15,"2",38,38,38,41,1166,1186,0,3,-3,20
"22100085","SAS","Dejounte Murray, Derrick White, Devin Vassell, Keldon Johnson, Thaddeus Young",15,"2",41,38,41,41,1186,1221,0,3,-3,35
"22100085","MIL","Giannis Antetokounmpo, Jordan Nwora, Justin Robinson, Rodney Hood, Semi Ojeleye",16,"2",38,41,43,43,1186,1321,5,2,3,135
"22100085","SAS","Bryn Forbes, Dejounte Murray, Devin Vassell, Keldon Johnson, Thaddeus Young",16,"2",41,41,41,41,1221,1221,0,0,0,0
"22100085","MIL","Giannis Antetokounmpo, Jordan Nwora, Justin Robinson, Khris Middleton, Rodney Hood",17,"2",43,43,45,45,1321,1369,2,2,0,48
"22100085","SAS","Bryn Forbes, Dejounte Murray, Devin Vassell, Jakob Poeltl, Keldon Johnson",17,"2",41,41,43,43,1221,1299,2,2,0,78
"22100085","MIL","Giannis Antetokounmpo, Jordan Nwora, Khris Middleton, Pat Connaughton, Rodney Hood",18,"2",45,45,47,45,1369,1440,2,0,2,71
"22100085","SAS","Bryn Forbes, Dejounte Murray, Derrick White, Jakob Poeltl, Keldon Johnson",18,"2",43,43,43,43,1299,1299,0,0,0,0
"22100085","MIL","George Hill, Giannis Antetokounmpo, Grayson Allen, Khris Middleton, Thanasis Antetokounmpo",19,"3",47,45,54,53,1440,1670,7,8,-1,230
"22100085","SAS","Bryn Forbes, Dejounte Murray, Derrick White, Keldon Johnson, Thaddeus Young",19,"2",43,43,45,47,1299,1440,2,4,-2,141
"22100085","MIL","George Hill, Giannis Antetokounmpo, Grayson Allen, Khris Middleton, Pat Connaughton",20,"3",54,53,59,53,1670,1802,5,0,5,132
"22100085","SAS","Dejounte Murray, Derrick White, Jakob Poeltl, Keldon Johnson, Lonnie Walker IV",20,"3",45,47,53,54,1440,1670,8,7,1,230
"22100085","MIL","George Hill, Grayson Allen, Khris Middleton, Pat Connaughton, Thanasis Antetokounmpo",21,"3",59,53,59,53,1802,1824,0,0,0,22
"22100085","SAS","Bryn Forbes, Dejounte Murray, Derrick White, Jakob Poeltl, Keldon Johnson",21,"3",53,54,53,59,1670,1802,0,5,-5,132
"22100085","MIL","George Hill, Jordan Nwora, Khris Middleton, Pat Connaughton, Thanasis Antetokounmpo",22,"3",59,53,61,57,1824,1915,2,4,-2,91
"22100085","SAS","Bryn Forbes, Dejounte Murray, Derrick White, Jakob Poeltl, Keita Bates-Diop",22,"3",53,59,53,59,1802,1802,0,0,0,0
"22100085","MIL","Jordan Nwora, Khris Middleton, Pat Connaughton, Rodney Hood, Thanasis Antetokounmpo",23,"3",61,57,61,57,1915,1915,0,0,0,0
"22100085","SAS","Bryn Forbes, Derrick White, Devin Vassell, Jakob Poeltl, Keita Bates-Diop",23,"3",53,59,53,59,1802,1824,0,0,0,22
"22100085","MIL","Jordan Nwora, Justin Robinson, Pat Connaughton, Rodney Hood, Thanasis Antetokounmpo",24,"3",61,57,64,61,1915,1985,3,4,-1,70
"22100085","SAS","Bryn Forbes, Derrick White, Devin Vassell, Keita Bates-Diop, Thaddeus Young",24,"3",53,59,57,61,1824,1915,4,2,2,91
"22100085","MIL","Giannis Antetokounmpo, Jordan Nwora, Justin Robinson, Pat Connaughton, Rodney Hood",25,"3",64,61,64,63,1985,2030,0,2,-2,45
"22100085","SAS","Bryn Forbes, Devin Vassell, Keita Bates-Diop, Thaddeus Young, Tre Jones",25,"3",57,61,65,67,1915,2083,8,6,2,168
"22100085","MIL","Giannis Antetokounmpo, Justin Robinson, Pat Connaughton, Rodney Hood, Semi Ojeleye",26,"3",64,63,67,69,2030,2160,3,6,-3,130
"22100085","SAS","Bryn Forbes, Dejounte Murray, Devin Vassell, Keita Bates-Diop, Thaddeus Young",26,"3",65,67,69,67,2083,2160,4,0,4,77
"22100085","SAS","Bryn Forbes, Dejounte Murray, Devin Vassell, Keita Bates-Diop, Thaddeus Young",26,"4",69,67,71,67,2160,2199,2,0,2,39
"22100085","MIL","George Hill, Grayson Allen, Khris Middleton, Rodney Hood, Semi Ojeleye",27,"4",67,69,67,73,2160,2264,0,4,-4,104
"22100085","SAS","Bryn Forbes, Dejounte Murray, Keita Bates-Diop, Lonnie Walker IV, Thaddeus Young",27,"4",71,67,73,69,2199,2343,2,2,0,144
"22100085","MIL","George Hill, Giannis Antetokounmpo, Grayson Allen, Khris Middleton, Rodney Hood",28,"4",67,73,69,73,2264,2343,2,0,2,79
"22100085","SAS","Dejounte Murray, Jakob Poeltl, Keita Bates-Diop, Lonnie Walker IV, Thaddeus Young",28,"4",73,69,73,69,2343,2343,0,0,0,0
"22100085","MIL","George Hill, Giannis Antetokounmpo, Grayson Allen, Khris Middleton, Pat Connaughton",29,"4",69,73,73,79,2343,2460,4,6,-2,117
"22100085","SAS","Dejounte Murray, Jakob Poeltl, Keita Bates-Diop, Keldon Johnson, Lonnie Walker IV",29,"4",73,69,73,69,2343,2343,0,0,0,0
"22100085","MIL","George Hill, Grayson Allen, Khris Middleton, Pat Connaughton, Thanasis Antetokounmpo",30,"4",73,79,73,79,2460,2475,0,0,0,15
"22100085","SAS","Dejounte Murray, Derrick White, Jakob Poeltl, Keldon Johnson, Lonnie Walker IV",30,"4",73,69,79,73,2343,2460,6,4,2,117
"22100085","MIL","George Hill, Giannis Antetokounmpo, Grayson Allen, Khris Middleton, Pat Connaughton",31,"4",73,79,76,81,2475,2495,3,2,1,20
"22100085","SAS","Bryn Forbes, Dejounte Murray, Derrick White, Jakob Poeltl, Keldon Johnson",31,"4",79,73,79,73,2460,2460,0,0,0,0
"22100085","MIL","Giannis Antetokounmpo, Grayson Allen, Justin Robinson, Khris Middleton, Pat Connaughton",32,"4",76,81,76,83,2495,2546,0,2,-2,51
"22100085","SAS","Bryn Forbes, Derrick White, Devin Vassell, Jakob Poeltl, Keldon Johnson",32,"4",79,73,83,76,2460,2546,4,3,1,86
"22100085","MIL","Giannis Antetokounmpo, Grayson Allen, Jordan Nwora, Justin Robinson, Pat Connaughton",33,"4",76,83,76,83,2546,2546,0,0,0,0
"22100085","SAS","Dejounte Murray, Derrick White, Devin Vassell, Jakob Poeltl, Keldon Johnson",33,"4",83,76,97,90,2546,2818,14,14,0,272
"22100085","MIL","George Hill, Giannis Antetokounmpo, Grayson Allen, Jordan Nwora, Pat Connaughton",34,"4",76,83,80,85,2546,2609,4,2,2,63
"22100085","SAS","Dejounte Murray, Derrick White, Devin Vassell, Keldon Johnson, Thaddeus Young",34,"4",97,90,99,90,2818,2819,2,0,2,1
"22100085","MIL","George Hill, Giannis Antetokounmpo, Jordan Nwora, Khris Middleton, Pat Connaughton",35,"4",80,85,82,87,2609,2685,2,2,0,76
"22100085","SAS","Dejounte Murray, Derrick White, Devin Vassell, Jakob Poeltl, Keldon Johnson",35,"4",99,90,99,93,2819,2823,0,3,-3,4
"22100085","MIL","George Hill, Giannis Antetokounmpo, Grayson Allen, Khris Middleton, Pat Connaughton",36,"4",82,87,90,97,2685,2818,8,10,-2,133
"22100085","SAS","Dejounte Murray, Derrick White, Devin Vassell, Keldon Johnson, Thaddeus Young",36,"4",99,93,100,93,2823,2824,1,0,1,1
"22100085","MIL","George Hill, Grayson Allen, Khris Middleton, Pat Connaughton, Thanasis Antetokounmpo",37,"4",90,97,90,99,2818,2819,0,2,-2,1
"22100085","SAS","Dejounte Murray, Derrick White, Devin Vassell, Jakob Poeltl, Keldon Johnson",37,"4",100,93,102,93,2824,2863,2,0,2,39
"22100085","MIL","George Hill, Giannis Antetokounmpo, Grayson Allen, Khris Middleton, Pat Connaughton",38,"4",90,99,93,99,2819,2823,3,0,3,4
"22100085","SAS","Dejounte Murray, Devin Vassell, Jakob Poeltl, Keita Bates-Diop, Keldon Johnson",38,"4",102,93,102,93,2863,2863,0,0,0,0
"22100085","MIL","George Hill, Giannis Antetokounmpo, Khris Middleton, Pat Connaughton, Thanasis Antetokounmpo",39,"4",93,99,93,100,2823,2824,0,1,-1,1
"22100085","SAS","Devin Vassell, Jakob Poeltl, Jock Landale, Keita Bates-Diop, Keldon Johnson",39,"4",102,93,102,93,2863,2863,0,0,0,0
"22100085","MIL","George Hill, Giannis Antetokounmpo, Grayson Allen, Khris Middleton, Pat Connaughton",40,"4",93,100,93,102,2824,2833,0,2,-2,9
"22100085","SAS","Devin Vassell, Jock Landale, Keita Bates-Diop, Keldon Johnson, Tre Jones",40,"4",102,93,102,93,2863,2880,0,0,0,17
"22100085","MIL","Giannis Antetokounmpo, Grayson Allen, Justin Robinson, Khris Middleton, Pat Connaughton",41,"4",93,102,93,102,2833,2833,0,0,0,0
"22100085","MIL","Giannis Antetokounmpo, Grayson Allen, Justin Robinson, Pat Connaughton, Thanasis Antetokounmpo",42,"4",93,102,93,102,2833,2833,0,0,0,0
"22100085","MIL","Giannis Antetokounmpo, Grayson Allen, Jordan Nwora, Justin Robinson, Thanasis Antetokounmpo",43,"4",93,102,93,102,2833,2833,0,0,0,0
"22100085","MIL","Georgios Kalaitzakis, Grayson Allen, Jordan Nwora, Justin Robinson, Thanasis Antetokounmpo",44,"4",93,102,93,102,2833,2833,0,0,0,0
"22100085","MIL","Georgios Kalaitzakis, Jordan Nwora, Justin Robinson, Sandro Mamukelashvili, Thanasis Antetokounmpo",45,"4",93,102,93,102,2833,2880,0,0,0,47
"22100086","GSW","Andrew Wiggins, Draymond Green, Jordan Poole, Kevon Looney, Stephen Curry",0,"1",0,0,20,14,0,442,20,14,6,442
"22100086","OKC","Darius Bazley, Jeremiah Robinson-Earl, Josh Giddey, Luguentz Dort, Shai Gilgeous-Alexander",0,"1",0,0,14,20,0,442,14,20,-6,442
"22100086","GSW","Andrew Wiggins, Chris Chiozza, Draymond Green, Jordan Poole, Kevon Looney",1,"1",20,14,20,14,442,442,0,0,0,0
"22100086","OKC","Darius Bazley, Jeremiah Robinson-Earl, Josh Giddey, Mike Muscala, Shai Gilgeous-Alexander",1,"1",14,20,14,20,442,442,0,0,0,0
"22100086","GSW","Andrew Wiggins, Chris Chiozza, Draymond Green, Jordan Poole, Nemanja Bjelica",2,"1",20,14,22,14,442,488,2,0,2,46
"22100086","OKC","Darius Bazley, Josh Giddey, Kenrich Williams, Mike Muscala, Shai Gilgeous-Alexander",2,"1",14,20,14,22,442,488,0,2,-2,46
"22100086","GSW","Andre Iguodala, Chris Chiozza, Draymond Green, Jordan Poole, Nemanja Bjelica",3,"1",22,14,22,14,488,582,0,0,0,94
"22100086","OKC","Aleksej Pokusevski, Darius Bazley, Kenrich Williams, Mike Muscala, Shai Gilgeous-Alexander",3,"1",14,22,14,22,488,582,0,0,0,94
"22100086","GSW","Andre Iguodala, Chris Chiozza, Draymond Green, Nemanja Bjelica, Otto Porter Jr.",4,"1",22,14,22,14,582,582,0,0,0,0
"22100086","OKC","Aleksej Pokusevski, Kenrich Williams, Luguentz Dort, Mike Muscala, Shai Gilgeous-Alexander",4,"1",14,22,16,28,582,662,2,6,-4,80
"22100086","GSW","Andre Iguodala, Chris Chiozza, Nemanja Bjelica, Otto Porter Jr., Stephen Curry",5,"1",22,14,28,20,582,720,6,6,0,138
"22100086","OKC","Aleksej Pokusevski, Kenrich Williams, Luguentz Dort, Mike Muscala, Ty Jerome",5,"1",16,28,20,28,662,720,4,0,4,58
"22100086","OKC","Aleksej Pokusevski, Kenrich Williams, Luguentz Dort, Mike Muscala, Ty Jerome",5,"2",20,28,20,35,720,870,0,7,-7,150
"22100086","GSW","Andre Iguodala, Jordan Poole, Moses Moody, Nemanja Bjelica, Otto Porter Jr.",6,"2",28,20,35,22,720,959,7,2,5,239
"22100086","OKC","Aleksej Pokusevski, Josh Giddey, Kenrich Williams, Mike Muscala, Ty Jerome",6,"2",20,35,20,35,870,925,0,0,0,55
"22100086","GSW","Andre Iguodala, Jordan Poole, Kevon Looney, Moses Moody, Otto Porter Jr.",7,"2",35,22,35,22,959,959,0,0,0,0
"22100086","OKC","Darius Bazley, Josh Giddey, Kenrich Williams, Mike Muscala, Ty Jerome",7,"2",20,35,22,35,925,959,2,0,2,34
"22100086","GSW","Andre Iguodala, Andrew Wiggins, Jordan Poole, Kevon Looney, Moses Moody",8,"2",35,22,40,27,959,1101,5,5,0,142
"22100086","OKC","Darius Bazley, Derrick Favors, Josh Giddey, Kenrich Williams, Ty Jerome",8,"2",22,35,27,40,959,1101,5,5,0,142
"22100086","GSW","Andre Iguodala, Andrew Wiggins, Kevon Looney, Moses Moody, Stephen Curry",9,"2",40,27,40,27,1101,1101,0,0,0,0
"22100086","OKC","Darius Bazley, Derrick Favors, Kenrich Williams, Luguentz Dort, Ty Jerome",9,"2",27,40,27,40,1101,1101,0,0,0,0
"22100086","GSW","Andrew Wiggins, Draymond Green, Kevon Looney, Moses Moody, Stephen Curry",10,"2",40,27,48,30,1101,1246,8,3,5,145
"22100086","OKC","Darius Bazley, Derrick Favors, Kenrich Williams, Luguentz Dort, Shai Gilgeous-Alexander",10,"2",27,40,30,48,1101,1246,3,8,-5,145
"22100086","GSW","Andrew Wiggins, Draymond Green, Jordan Poole, Kevon Looney, Stephen Curry",11,"2",48,30,48,30,1246,1246,0,0,0,0
"22100086","OKC","Darius Bazley, Derrick Favors, Josh Giddey, Luguentz Dort, Shai Gilgeous-Alexander",11,"2",30,48,39,53,1246,1372,9,5,4,126
"22100086","GSW","Andrew Wiggins, Draymond Green, Jordan Poole, Otto Porter Jr., Stephen Curry",12,"2",48,30,55,44,1246,1440,7,14,-7,194
"22100086","OKC","Darius Bazley, Jeremiah Robinson-Earl, Josh Giddey, Luguentz Dort, Shai Gilgeous-Alexander",12,"2",39,53,41,53,1372,1432,2,0,2,60
"22100086","GSW","Andrew Wiggins, Draymond Green, Jordan Poole, Kevon Looney, Stephen Curry",13,"3",55,44,73,55,1440,1808,18,11,7,368
"22100086","OKC","Darius Bazley, Jeremiah Robinson-Earl, Kenrich Williams, Luguentz Dort, Shai Gilgeous-Alexander",13,"2",41,53,44,55,1432,1440,3,2,1,8
"22100086","GSW","Andrew Wiggins, Chris Chiozza, Draymond Green, Kevon Looney, Stephen Curry",14,"3",73,55,73,55,1808,1808,0,0,0,0
"22100086","OKC","Darius Bazley, Jeremiah Robinson-Earl, Josh Giddey, Luguentz Dort, Shai Gilgeous-Alexander",14,"3",44,55,55,73,1440,1808,11,18,-7,368
"22100086","GSW","Andrew Wiggins, Chris Chiozza, Draymond Green, Nemanja Bjelica, Stephen Curry",15,"3",73,55,79,57,1808,1953,6,2,4,145
"22100086","OKC","Darius Bazley, Josh Giddey, Luguentz Dort, Mike Muscala, Shai Gilgeous-Alexander",15,"3",55,73,57,79,1808,1953,2,6,-4,145
"22100086","GSW","Andre Iguodala, Chris Chiozza, Draymond Green, Nemanja Bjelica, Stephen Curry",16,"3",79,57,79,58,1953,2041,0,1,-1,88
"22100086","OKC","Darius Bazley, Josh Giddey, Kenrich Williams, Luguentz Dort, Mike Muscala",16,"3",57,79,57,79,1953,1953,0,0,0,0
"22100086","GSW","Andre Iguodala, Chris Chiozza, Nemanja Bjelica, Otto Porter Jr., Stephen Curry",17,"3",79,58,82,58,2041,2152,3,0,3,111
"22100086","OKC","Darius Bazley, Josh Giddey, Luguentz Dort, Mike Muscala, Shai Gilgeous-Alexander",17,"3",57,79,57,79,1953,1986,0,0,0,33
"22100086","GSW","Andre Iguodala, Andrew Wiggins, Chris Chiozza, Otto Porter Jr., Stephen Curry",18,"3",82,58,82,58,2152,2152,0,0,0,0
"22100086","OKC","Darius Bazley, Jeremiah Robinson-Earl, Luguentz Dort, Mike Muscala, Shai Gilgeous-Alexander",18,"3",57,79,57,79,1986,1986,0,0,0,0
"22100086","GSW","Andre Iguodala, Andrew Wiggins, Chris Chiozza, Draymond Green, Otto Porter Jr.",19,"3",82,58,82,58,2152,2152,0,0,0,0
"22100086","OKC","Jeremiah Robinson-Earl, Kenrich Williams, Luguentz Dort, Mike Muscala, Shai Gilgeous-Alexander",19,"3",57,79,58,82,1986,2152,1,3,-2,166
"22100086","GSW","Andre Iguodala, Andrew Wiggins, Chris Chiozza, Draymond Green, Gary Payton II",20,"3",82,58,82,58,2152,2160,0,0,0,8
"22100086","OKC","Kenrich Williams, Luguentz Dort, Mike Muscala, Shai Gilgeous-Alexander, Ty Jerome",20,"3",58,82,58,82,2152,2160,0,0,0,8
"22100086","GSW","Andre Iguodala, Jordan Poole, Moses Moody, Nemanja Bjelica, Otto Porter Jr.",21,"4",82,58,90,63,2160,2375,8,5,3,215
"22100086","OKC","Aleksej Pokusevski, Derrick Favors, Josh Giddey, Kenrich Williams, Ty Jerome",21,"4",58,82,63,90,2160,2375,5,8,-3,215
"22100086","GSW","Jordan Poole, Juan Toscano-Anderson, Moses Moody, Nemanja Bjelica, Otto Porter Jr.",22,"4",90,63,96,66,2375,2516,6,3,3,141
"22100086","OKC","Aleksej Pokusevski, Derrick Favors, Josh Giddey, Theo Maledon, Ty Jerome",22,"4",63,90,63,90,2375,2375,0,0,0,0
"22100086","GSW","Jonathan Kuminga, Juan Toscano-Anderson, Moses Moody, Nemanja Bjelica, Otto Porter Jr.",23,"4",96,66,96,66,2516,2516,0,0,0,0
"22100086","OKC","Aleksej Pokusevski, Jeremiah Robinson-Earl, Josh Giddey, Theo Maledon, Ty Jerome",23,"4",63,90,63,90,2375,2375,0,0,0,0
"22100086","GSW","Chris Chiozza, Jonathan Kuminga, Juan Toscano-Anderson, Moses Moody, Otto Porter Jr.",24,"4",96,66,96,66,2516,2516,0,0,0,0
"22100086","OKC","Aleksej Pokusevski, Isaiah Roby, Jeremiah Robinson-Earl, Theo Maledon, Ty Jerome",24,"4",63,90,66,90,2375,2461,3,0,3,86
"22100086","GSW","Chris Chiozza, Gary Payton II, Jonathan Kuminga, Juan Toscano-Anderson, Moses Moody",25,"4",96,66,103,82,2516,2880,7,16,-9,364
"22100086","OKC","Aleksej Pokusevski, Gabriel Deck, Isaiah Roby, Theo Maledon, Ty Jerome",25,"4",66,90,82,103,2461,2880,16,13,3,419
"22100087","DEN","Aaron Gordon, Michael Porter Jr., Monte Morris, Nikola Jokic, Will Barton",0,"1",0,0,13,14,0,359,13,14,-1,359
"22100087","MIN","Anthony Edwards, D'Angelo Russell, Jaden McDaniels, Jarred Vanderbilt, Karl-Anthony Towns",0,"1",0,0,14,13,0,359,14,13,1,359
"22100087","DEN","Aaron Gordon, Michael Porter Jr., Monte Morris, Nikola Jokic, P.J. Dozier",1,"1",13,14,19,18,359,466,6,4,2,107
"22100087","MIN","Anthony Edwards, Jaden McDaniels, Jarred Vanderbilt, Karl-Anthony Towns, Patrick Beverley",1,"1",14,13,14,13,359,359,0,0,0,0
"22100087","DEN","Aaron Gordon, Facundo Campazzo, Michael Porter Jr., Nikola Jokic, P.J. Dozier",2,"1",19,18,19,18,466,466,0,0,0,0
"22100087","MIN","Anthony Edwards, Jarred Vanderbilt, Karl-Anthony Towns, Malik Beasley, Patrick Beverley",2,"1",14,13,18,19,359,466,4,6,-2,107
"22100087","DEN","Facundo Campazzo, Jeff Green, Michael Porter Jr., Nikola Jokic, P.J. Dozier",3,"1",19,18,19,23,466,535,0,5,-5,69
"22100087","MIN","Anthony Edwards, Josh Okogie, Karl-Anthony Towns, Malik Beasley, Patrick Beverley",3,"1",18,19,23,21,466,595,5,2,3,129
"22100087","DEN","Facundo Campazzo, JaMychal Green, Jeff Green, Nikola Jokic, P.J. Dozier",4,"1",19,23,19,23,535,535,0,0,0,0
"22100087","MIN","Josh Okogie, Karl-Anthony Towns, Malik Beasley, Naz Reid, Patrick Beverley",4,"1",23,21,23,21,595,595,0,0,0,0
"22100087","DEN","Facundo Campazzo, JaMychal Green, Jeff Green, P.J. Dozier, Will Barton",5,"1",19,23,23,32,535,720,4,9,-5,185
"22100087","DEN","Facundo Campazzo, JaMychal Green, Jeff Green, P.J. Dozier, Will Barton",5,"2",23,32,23,37,720,803,0,5,-5,83
"22100087","MIN","D'Angelo Russell, Josh Okogie, Malik Beasley, Naz Reid, Patrick Beverley",5,"1",23,21,32,23,595,720,9,2,7,125
"22100087","MIN","D'Angelo Russell, Josh Okogie, Malik Beasley, Naz Reid, Patrick Beverley",5,"2",32,23,37,25,720,836,5,2,3,116
"22100087","DEN","Austin Rivers, Facundo Campazzo, JaMychal Green, P.J. Dozier, Will Barton",6,"2",23,37,25,37,803,876,2,0,2,73
"22100087","MIN","D'Angelo Russell, Josh Okogie, Naz Reid, Patrick Beverley, Taurean Prince",6,"2",37,25,37,25,836,893,0,0,0,57
"22100087","DEN","Austin Rivers, Facundo Campazzo, JaMychal Green, Michael Porter Jr., Will Barton",7,"2",25,37,25,39,876,907,0,2,-2,31
"22100087","MIN","Anthony Edwards, D'Angelo Russell, Josh Okogie, Naz Reid, Taurean Prince",7,"2",37,25,39,25,893,907,2,0,2,14
"22100087","DEN","Austin Rivers, Facundo Campazzo, Michael Porter Jr., Monte Morris, Will Barton",8,"2",25,39,25,39,907,907,0,0,0,0
"22100087","MIN","Anthony Edwards, D'Angelo Russell, Jaden McDaniels, Naz Reid, Taurean Prince",8,"2",39,25,41,27,907,1038,2,2,0,131
"22100087","DEN","Austin Rivers, Facundo Campazzo, Michael Porter Jr., Monte Morris, Nikola Jokic",9,"2",25,39,27,41,907,1038,2,2,0,131
"22100087","MIN","Anthony Edwards, D'Angelo Russell, Jaden McDaniels, Karl-Anthony Towns, Taurean Prince",9,"2",41,27,41,27,1038,1049,0,0,0,11
"22100087","DEN","Austin Rivers, Bones Hyland, Michael Porter Jr., Monte Morris, Nikola Jokic",10,"2",27,41,27,41,1038,1049,0,0,0,11
"22100087","MIN","Anthony Edwards, Jaden McDaniels, Jordan McLaughlin, Karl-Anthony Towns, Taurean Prince",10,"2",41,27,43,31,1049,1162,2,4,-2,113
"22100087","DEN","Aaron Gordon, Bones Hyland, Michael Porter Jr., Monte Morris, Nikola Jokic",11,"2",27,41,39,47,1049,1352,12,6,6,303
"22100087","MIN","Anthony Edwards, Jaden McDaniels, Jordan McLaughlin, Karl-Anthony Towns, Malik Beasley",11,"2",43,31,43,32,1162,1215,0,1,-1,53
"22100087","DEN","Aaron Gordon, Bones Hyland, Michael Porter Jr., Nikola Jokic, Will Barton",12,"2",39,47,43,47,1352,1440,4,0,4,88
"22100087","MIN","Anthony Edwards, Jarred Vanderbilt, Jordan McLaughlin, Karl-Anthony Towns, Malik Beasley",12,"2",43,32,45,36,1215,1291,2,4,-2,76
"22100087","DEN","Aaron Gordon, Michael Porter Jr., Monte Morris, Nikola Jokic, Will Barton",13,"3",43,47,58,58,1440,1828,15,11,4,388
"22100087","MIN","Anthony Edwards, D'Angelo Russell, Jarred Vanderbilt, Karl-Anthony Towns, Malik Beasley",13,"2",45,36,47,43,1291,1426,2,7,-5,135
"22100087","DEN","Aaron Gordon, Monte Morris, Nikola Jokic, P.J. Dozier, Will Barton",14,"3",58,58,59,61,1828,1904,1,3,-2,76
"22100087","MIN","Anthony Edwards, Jarred Vanderbilt, Josh Okogie, Karl-Anthony Towns, Malik Beasley",14,"2",47,43,47,43,1426,1426,0,0,0,0
"22100087","DEN","Aaron Gordon, Bones Hyland, Nikola Jokic, P.J. Dozier, Will Barton",15,"3",59,61,67,64,1904,2002,8,3,5,98
"22100087","MIN","Anthony Edwards, Jarred Vanderbilt, Josh Okogie, Karl-Anthony Towns, Patrick Beverley",15,"2",47,43,47,43,1426,1440,0,0,0,14
"22100087","DEN","Aaron Gordon, Bones Hyland, Facundo Campazzo, Nikola Jokic, P.J. Dozier",16,"3",67,64,67,64,2002,2002,0,0,0,0
"22100087","MIN","Anthony Edwards, D'Angelo Russell, Jaden McDaniels, Jarred Vanderbilt, Karl-Anthony Towns",16,"3",47,43,55,52,1440,1719,8,9,-1,279
"22100087","DEN","Austin Rivers, Bones Hyland, Facundo Campazzo, Nikola Jokic, P.J. Dozier",17,"3",67,64,69,70,2002,2120,2,6,-4,118
"22100087","MIN","Anthony Edwards, D'Angelo Russell, Jaden McDaniels, Josh Okogie, Karl-Anthony Towns",17,"3",55,52,55,52,1719,1745,0,0,0,26
"22100087","DEN","Austin Rivers, Bones Hyland, Facundo Campazzo, JaMychal Green, P.J. Dozier",18,"3",69,70,69,73,2120,2160,0,3,-3,40
"22100087","MIN","Anthony Edwards, Jaden McDaniels, Josh Okogie, Karl-Anthony Towns, Patrick Beverley",18,"3",55,52,58,56,1745,1779,3,4,-1,34
"22100087","DEN","Austin Rivers, Bones Hyland, Facundo Campazzo, JaMychal Green, Michael Porter Jr.",19,"4",69,73,79,85,2160,2427,10,12,-2,267
"22100087","MIN","Jaden McDaniels, Josh Okogie, Karl-Anthony Towns, Malik Beasley, Patrick Beverley",19,"3",58,56,58,58,1779,1828,0,2,-2,49
"22100087","DEN","Austin Rivers, Bones Hyland, Facundo Campazzo, Michael Porter Jr., Monte Morris",20,"4",79,85,79,85,2427,2427,0,0,0,0
"22100087","MIN","Josh Okogie, Karl-Anthony Towns, Malik Beasley, Patrick Beverley, Taurean Prince",20,"3",58,58,64,67,1828,2002,6,9,-3,174
"22100087","DEN","Austin Rivers, Bones Hyland, Facundo Campazzo, Monte Morris, Nikola Jokic",21,"4",79,85,79,85,2427,2427,0,0,0,0
"22100087","MIN","D'Angelo Russell, Josh Okogie, Karl-Anthony Towns, Malik Beasley, Patrick Beverley",21,"3",64,67,64,67,2002,2002,0,0,0,0
"22100087","DEN","Austin Rivers, Bones Hyland, Monte Morris, Nikola Jokic, Will Barton",22,"4",79,85,79,85,2427,2427,0,0,0,0
"22100087","MIN","D'Angelo Russell, Josh Okogie, Malik Beasley, Naz Reid, Patrick Beverley",22,"3",64,67,73,69,2002,2160,9,2,7,158
"22100087","MIN","D'Angelo Russell, Josh Okogie, Malik Beasley, Naz Reid, Patrick Beverley",22,"4",73,69,80,76,2160,2313,7,7,0,153
"22100087","DEN","Aaron Gordon, Bones Hyland, Monte Morris, Nikola Jokic, Will Barton",23,"4",79,85,85,87,2427,2559,6,2,4,132
"22100087","MIN","Anthony Edwards, Josh Okogie, Malik Beasley, Naz Reid, Patrick Beverley",23,"4",80,76,85,79,2313,2427,5,3,2,114
"22100087","DEN","Aaron Gordon, Michael Porter Jr., Monte Morris, Nikola Jokic, Will Barton",24,"4",85,87,93,91,2559,2880,8,4,4,321
"22100087","MIN","Anthony Edwards, Karl-Anthony Towns, Malik Beasley, Naz Reid, Patrick Beverley",24,"4",85,79,85,82,2427,2465,0,3,-3,38
"22100087","MIN","Anthony Edwards, Jaden McDaniels, Karl-Anthony Towns, Naz Reid, Patrick Beverley",25,"4",85,82,87,85,2465,2559,2,3,-1,94
"22100087","MIN","Anthony Edwards, D'Angelo Russell, Jaden McDaniels, Karl-Anthony Towns, Naz Reid",26,"4",87,85,89,89,2559,2669,2,4,-2,110
"22100087","MIN","Anthony Edwards, D'Angelo Russell, Jaden McDaniels, Karl-Anthony Towns, Malik Beasley",27,"4",89,89,91,93,2669,2880,2,4,-2,211
"22100088","CLE","Collin Sexton, Darius Garland, Evan Mobley, Jarrett Allen, Lauri Markkanen",0,"1",0,0,14,6,0,275,14,6,8,275
"22100088","PHX","Chris Paul, Deandre Ayton, Devin Booker, Jae Crowder, Mikal Bridges",0,"1",0,0,10,17,0,392,10,17,-7,392
"22100088","CLE","Collin Sexton, Evan Mobley, Jarrett Allen, Lauri Markkanen, Ricky Rubio",1,"1",14,6,14,6,275,320,0,0,0,45
"22100088","PHX","Deandre Ayton, Devin Booker, Elfrid Payton, Jae Crowder, Mikal Bridges",1,"1",10,17,10,17,392,392,0,0,0,0
"22100088","CLE","Collin Sexton, Jarrett Allen, Kevin Love, Lauri Markkanen, Ricky Rubio",2,"1",14,6,17,12,320,411,3,6,-3,91
"22100088","PHX","Cameron Johnson, Deandre Ayton, Devin Booker, Elfrid Payton, Mikal Bridges",2,"1",10,17,16,21,392,530,6,4,2,138
"22100088","CLE","Darius Garland, Jarrett Allen, Kevin Love, Lauri Markkanen, Ricky Rubio",3,"1",17,12,17,12,411,411,0,0,0,0
"22100088","PHX","Cameron Johnson, Devin Booker, Elfrid Payton, Landry Shamet, Mikal Bridges",3,"1",16,21,16,21,530,530,0,0,0,0
"22100088","CLE","Cedi Osman, Darius Garland, Jarrett Allen, Kevin Love, Ricky Rubio",4,"1",17,12,21,16,411,530,4,4,0,119
"22100088","PHX","Cameron Johnson, Devin Booker, Elfrid Payton, JaVale McGee, Landry Shamet",4,"1",16,21,24,31,530,720,8,10,-2,190
"22100088","CLE","Cedi Osman, Darius Garland, Evan Mobley, Kevin Love, Ricky Rubio",5,"1",21,16,31,24,530,720,10,8,2,190
"22100088","PHX","Cameron Johnson, Chris Paul, Jalen Smith, JaVale McGee, Landry Shamet",5,"2",24,31,31,42,720,984,7,11,-4,264
"22100088","CLE","Cedi Osman, Darius Garland, Evan Mobley, Lauri Markkanen, Ricky Rubio",6,"2",31,24,37,28,720,857,6,4,2,137
"22100088","PHX","Cameron Johnson, Chris Paul, Jalen Smith, Landry Shamet, Mikal Bridges",6,"2",31,42,31,42,984,984,0,0,0,0
"22100088","CLE","Cedi Osman, Collin Sexton, Darius Garland, Evan Mobley, Lauri Markkanen",7,"2",37,28,40,28,857,887,3,0,3,30
"22100088","PHX","Cameron Johnson, Chris Paul, Deandre Ayton, Landry Shamet, Mikal Bridges",7,"2",31,42,31,42,984,984,0,0,0,0
"22100088","CLE","Cedi Osman, Collin Sexton, Darius Garland, Jarrett Allen, Lauri Markkanen",8,"2",40,28,44,37,887,1083,4,9,-5,196
"22100088","PHX","Cameron Johnson, Chris Paul, Deandre Ayton, Jae Crowder, Mikal Bridges",8,"2",31,42,37,44,984,1083,6,2,4,99
"22100088","CLE","Collin Sexton, Darius Garland, Evan Mobley, Jarrett Allen, Lauri Markkanen",9,"2",44,37,44,37,1083,1083,0,0,0,0
"22100088","PHX","Chris Paul, Deandre Ayton, Devin Booker, Jae Crowder, Mikal Bridges",9,"2",37,44,39,44,1083,1114,2,0,2,31
"22100088","CLE","Collin Sexton, Darius Garland, Evan Mobley, Jarrett Allen, Ricky Rubio",10,"2",44,37,44,37,1083,1083,0,0,0,0
"22100088","PHX","Deandre Ayton, Devin Booker, Elfrid Payton, Jae Crowder, Mikal Bridges",10,"2",39,44,43,46,1114,1262,4,2,2,148
"22100088","CLE","Cedi Osman, Darius Garland, Evan Mobley, Jarrett Allen, Ricky Rubio",11,"2",44,37,44,39,1083,1114,0,2,-2,31
"22100088","PHX","Chris Paul, Deandre Ayton, Devin Booker, Jae Crowder, Mikal Bridges",11,"2",43,46,50,46,1262,1440,7,0,7,178
"22100088","PHX","Chris Paul, Deandre Ayton, Devin Booker, Jae Crowder, Mikal Bridges",11,"3",50,46,71,54,1440,1858,21,8,13,418
"22100088","CLE","Cedi Osman, Darius Garland, Evan Mobley, Kevin Love, Ricky Rubio",12,"2",44,39,44,39,1114,1114,0,0,0,0
"22100088","PHX","Cameron Johnson, Chris Paul, Deandre Ayton, Devin Booker, Mikal Bridges",12,"3",71,54,78,54,1858,1908,7,0,7,50
"22100088","CLE","Darius Garland, Evan Mobley, Kevin Love, Lauri Markkanen, Ricky Rubio",13,"2",44,39,46,43,1114,1262,2,4,-2,148
"22100088","PHX","Cameron Johnson, Chris Paul, Devin Booker, JaVale McGee, Mikal Bridges",13,"3",78,54,78,54,1908,1960,0,0,0,52
"22100088","CLE","Collin Sexton, Darius Garland, Kevin Love, Lauri Markkanen, Ricky Rubio",14,"2",46,43,46,43,1262,1262,0,0,0,0
"22100088","PHX","Cameron Johnson, Devin Booker, JaVale McGee, Landry Shamet, Mikal Bridges",14,"3",78,54,78,54,1960,1960,0,0,0,0
"22100088","CLE","Collin Sexton, Darius Garland, Jarrett Allen, Kevin Love, Ricky Rubio",15,"2",46,43,46,46,1262,1372,0,3,-3,110
"22100088","PHX","Cameron Johnson, Devin Booker, Elfrid Payton, JaVale McGee, Landry Shamet",15,"3",78,54,78,65,1960,2160,0,11,-11,200
"22100088","CLE","Collin Sexton, Darius Garland, Evan Mobley, Jarrett Allen, Ricky Rubio",16,"2",46,46,46,50,1372,1436,0,4,-4,64
"22100088","PHX","Cameron Johnson, Chris Paul, Jae Crowder, JaVale McGee, Landry Shamet",16,"4",78,65,83,68,2160,2307,5,3,2,147
"22100088","CLE","Collin Sexton, Darius Garland, Evan Mobley, Kevin Love, Ricky Rubio",17,"2",46,50,46,50,1436,1440,0,0,0,4
"22100088","PHX","Cameron Johnson, Chris Paul, Jae Crowder, Jalen Smith, Landry Shamet",17,"4",83,68,90,76,2307,2558,7,8,-1,251
"22100088","CLE","Collin Sexton, Darius Garland, Evan Mobley, Jarrett Allen, Lauri Markkanen",18,"3",46,50,52,65,1440,1702,6,15,-9,262
"22100088","PHX","Cameron Johnson, Chris Paul, Devin Booker, Jae Crowder, Jalen Smith",18,"4",90,76,90,76,2558,2558,0,0,0,0
"22100088","CLE","Collin Sexton, Darius Garland, Evan Mobley, Jarrett Allen, Lamar Stevens",19,"3",52,65,52,65,1702,1702,0,0,0,0
"22100088","PHX","Cameron Johnson, Chris Paul, Devin Booker, Jae Crowder, Mikal Bridges",19,"4",90,76,91,78,2558,2632,1,2,-1,74
"22100088","CLE","Cedi Osman, Collin Sexton, Evan Mobley, Jarrett Allen, Lamar Stevens",20,"3",52,65,52,67,1702,1746,0,2,-2,44
"22100088","PHX","Chris Paul, Devin Booker, Jae Crowder, JaVale McGee, Mikal Bridges",20,"4",91,78,99,92,2632,2870,8,14,-6,238
"22100088","CLE","Cedi Osman, Evan Mobley, Jarrett Allen, Lamar Stevens, Ricky Rubio",21,"3",52,67,52,67,1746,1746,0,0,0,0
"22100088","PHX","Cameron Johnson, Chris Paul, Devin Booker, Jae Crowder, Mikal Bridges",21,"4",99,92,101,92,2870,2880,2,0,2,10
"22100088","CLE","Cedi Osman, Dean Wade, Evan Mobley, Jarrett Allen, Ricky Rubio",22,"3",52,67,52,69,1746,1796,0,2,-2,50
"22100088","CLE","Cedi Osman, Dean Wade, Jarrett Allen, Kevin Love, Ricky Rubio",23,"3",52,69,54,71,1796,1858,2,2,0,62
"22100088","CLE","Cedi Osman, Dean Wade, Dylan Windler, Kevin Love, Ricky Rubio",24,"3",54,71,65,78,1858,2160,11,7,4,302
"22100088","CLE","Cedi Osman, Dean Wade, Dylan Windler, Kevin Love, Ricky Rubio",24,"4",65,78,68,83,2160,2307,3,5,-2,147
"22100088","CLE","Cedi Osman, Darius Garland, Dean Wade, Dylan Windler, Ricky Rubio",25,"4",68,83,68,83,2307,2307,0,0,0,0
"22100088","CLE","Cedi Osman, Darius Garland, Dean Wade, Dylan Windler, Lauri Markkanen",26,"4",68,83,76,90,2307,2558,8,7,1,251
"22100088","CLE","Darius Garland, Dean Wade, Denzel Valentine, Dylan Windler, Lauri Markkanen",27,"4",76,90,76,90,2558,2558,0,0,0,0
"22100088","CLE","Darius Garland, Dean Wade, Denzel Valentine, Lamar Stevens, Lauri Markkanen",28,"4",76,90,78,91,2558,2632,2,1,1,74
"22100088","CLE","Cedi Osman, Dean Wade, Denzel Valentine, Lamar Stevens, Lauri Markkanen",29,"4",78,91,78,91,2632,2632,0,0,0,0
"22100088","CLE","Cedi Osman, Dean Wade, Denzel Valentine, Dylan Windler, Lamar Stevens",30,"4",78,91,92,101,2632,2880,14,10,4,248
"22100089","DAL","Dorian Finney-Smith, Dwight Powell, Luka Doncic, Maxi Kleber, Tim Hardaway Jr.",0,"1",0,0,22,9,0,372,22,9,13,372
"22100089","SAC","De'Aaron Fox, Harrison Barnes, Maurice Harkless, Richaun Holmes, Tyrese Haliburton",0,"1",0,0,9,22,0,372,9,22,-13,372
"22100089","DAL","Dwight Powell, Jalen Brunson, Luka Doncic, Maxi Kleber, Tim Hardaway Jr.",1,"1",22,9,22,9,372,372,0,0,0,0
"22100089","SAC","Harrison Barnes, Maurice Harkless, Richaun Holmes, Tristan Thompson, Tyrese Haliburton",1,"1",9,22,9,22,372,372,0,0,0,0
"22100089","DAL","Jalen Brunson, Luka Doncic, Maxi Kleber, Tim Hardaway Jr., Willie Cauley-Stein",2,"1",22,9,24,13,372,424,2,4,-2,52
"22100089","SAC","Buddy Hield, Harrison Barnes, Maurice Harkless, Tristan Thompson, Tyrese Haliburton",2,"1",9,22,9,22,372,372,0,0,0,0
"22100089","DAL","Dorian Finney-Smith, Jalen Brunson, Luka Doncic, Tim Hardaway Jr., Willie Cauley-Stein",3,"1",24,13,24,13,424,424,0,0,0,0
"22100089","SAC","Buddy Hield, Davion Mitchell, Harrison Barnes, Tristan Thompson, Tyrese Haliburton",3,"1",9,22,9,22,372,372,0,0,0,0
"22100089","DAL","Dorian Finney-Smith, Jalen Brunson, Reggie Bullock, Tim Hardaway Jr., Willie Cauley-Stein",4,"1",24,13,24,15,424,497,0,2,-2,73
"22100089","SAC","Buddy Hield, Davion Mitchell, Harrison Barnes, Terence Davis, Tristan Thompson",4,"1",9,22,15,24,372,497,6,2,4,125
"22100089","DAL","Dorian Finney-Smith, Frank Ntilikina, Jalen Brunson, Reggie Bullock, Willie Cauley-Stein",5,"1",24,15,28,22,497,655,4,7,-3,158
"22100089","SAC","Buddy Hield, Davion Mitchell, De'Aaron Fox, Terence Davis, Tristan Thompson",5,"1",15,24,22,31,497,720,7,7,0,223
"22100089","DAL","Frank Ntilikina, Jalen Brunson, Reggie Bullock, Sterling Brown, Willie Cauley-Stein",6,"1",28,22,31,22,655,720,3,0,3,65
"22100089","SAC","Buddy Hield, Davion Mitchell, Harrison Barnes, Richaun Holmes, Tyrese Haliburton",6,"2",22,31,29,33,720,879,7,2,5,159
"22100089","DAL","Dwight Powell, Frank Ntilikina, Jalen Brunson, Reggie Bullock, Sterling Brown",7,"2",31,22,33,29,720,857,2,7,-5,137
"22100089","SAC","Davion Mitchell, Harrison Barnes, Maurice Harkless, Richaun Holmes, Tyrese Haliburton",7,"2",29,33,31,33,879,919,2,0,2,40
"22100089","DAL","Dwight Powell, Jalen Brunson, Luka Doncic, Reggie Bullock, Sterling Brown",8,"2",33,29,33,31,857,919,0,2,-2,62
"22100089","SAC","Harrison Barnes, Maurice Harkless, Richaun Holmes, Tristan Thompson, Tyrese Haliburton",8,"2",31,33,31,33,919,919,0,0,0,0
"22100089","DAL","Dorian Finney-Smith, Dwight Powell, Jalen Brunson, Luka Doncic, Reggie Bullock",9,"2",33,31,33,32,919,941,0,1,-1,22
"22100089","SAC","De'Aaron Fox, Harrison Barnes, Maurice Harkless, Tristan Thompson, Tyrese Haliburton",9,"2",31,33,32,37,919,975,1,4,-3,56
"22100089","DAL","Dorian Finney-Smith, Dwight Powell, Jalen Brunson, Luka Doncic, Tim Hardaway Jr.",10,"2",33,32,36,32,941,954,3,0,3,13
"22100089","SAC","Buddy Hield, De'Aaron Fox, Maurice Harkless, Tristan Thompson, Tyrese Haliburton",10,"2",32,37,33,37,975,1031,1,0,1,56
"22100089","DAL","Dorian Finney-Smith, Dwight Powell, Frank Ntilikina, Luka Doncic, Tim Hardaway Jr.",11,"2",36,32,44,37,954,1174,8,5,3,220
"22100089","SAC","Buddy Hield, Davion Mitchell, De'Aaron Fox, Maurice Harkless, Tristan Thompson",11,"2",33,37,37,44,1031,1174,4,7,-3,143
"22100089","DAL","Dorian Finney-Smith, Frank Ntilikina, Luka Doncic, Tim Hardaway Jr., Willie Cauley-Stein",12,"2",44,37,47,43,1174,1282,3,6,-3,108
"22100089","SAC","Buddy Hield, Davion Mitchell, De'Aaron Fox, Harrison Barnes, Tristan Thompson",12,"2",37,44,37,44,1174,1174,0,0,0,0
"22100089","DAL","Dorian Finney-Smith, Jalen Brunson, Luka Doncic, Tim Hardaway Jr., Willie Cauley-Stein",13,"2",47,43,47,43,1282,1282,0,0,0,0
"22100089","SAC","Buddy Hield, Davion Mitchell, De'Aaron Fox, Harrison Barnes, Richaun Holmes",13,"2",37,44,37,44,1174,1174,0,0,0,0
"22100089","DAL","Dorian Finney-Smith, Dwight Powell, Jalen Brunson, Luka Doncic, Tim Hardaway Jr.",14,"2",47,43,53,47,1282,1440,6,4,2,158
"22100089","SAC","Davion Mitchell, De'Aaron Fox, Harrison Barnes, Richaun Holmes, Tyrese Haliburton",14,"2",37,44,47,53,1174,1440,10,9,1,266
"22100089","DAL","Dorian Finney-Smith, Dwight Powell, Luka Doncic, Reggie Bullock, Tim Hardaway Jr.",15,"3",53,47,61,60,1440,1772,8,13,-5,332
"22100089","SAC","De'Aaron Fox, Harrison Barnes, Maurice Harkless, Richaun Holmes, Tyrese Haliburton",15,"3",47,53,60,61,1440,1772,13,8,5,332
"22100089","DAL","Dorian Finney-Smith, Dwight Powell, Jalen Brunson, Luka Doncic, Tim Hardaway Jr.",16,"3",61,60,68,64,1772,1914,7,4,3,142
"22100089","SAC","Buddy Hield, De'Aaron Fox, Harrison Barnes, Maurice Harkless, Richaun Holmes",16,"3",60,61,60,61,1772,1772,0,0,0,0
"22100089","DAL","Dorian Finney-Smith, Jalen Brunson, Luka Doncic, Moses Brown, Tim Hardaway Jr.",17,"3",68,64,68,64,1914,1914,0,0,0,0
"22100089","SAC","Buddy Hield, Davion Mitchell, De'Aaron Fox, Harrison Barnes, Maurice Harkless",17,"3",60,61,60,61,1772,1772,0,0,0,0
"22100089","DAL","Jalen Brunson, Luka Doncic, Moses Brown, Sterling Brown, Tim Hardaway Jr.",18,"3",68,64,68,66,1914,1927,0,2,-2,13
"22100089","SAC","Buddy Hield, Davion Mitchell, De'Aaron Fox, Harrison Barnes, Tristan Thompson",18,"3",60,61,68,70,1772,1988,8,9,-1,216
"22100089","DAL","Frank Ntilikina, Jalen Brunson, Moses Brown, Sterling Brown, Tim Hardaway Jr.",19,"3",68,66,70,68,1927,1988,2,2,0,61
"22100089","SAC","Buddy Hield, Davion Mitchell, De'Aaron Fox, Terence Davis, Tristan Thompson",19,"3",68,70,72,82,1988,2160,4,12,-8,172
"22100089","DAL","Frank Ntilikina, Jalen Brunson, Reggie Bullock, Sterling Brown, Tim Hardaway Jr.",20,"3",70,68,70,68,1988,1988,0,0,0,0
"22100089","SAC","Buddy Hield, Davion Mitchell, Harrison Barnes, Richaun Holmes, Tyrese Haliburton",20,"4",72,82,77,89,2160,2356,5,7,-2,196
"22100089","DAL","Frank Ntilikina, Jalen Brunson, Reggie Bullock, Sterling Brown, Willie Cauley-Stein",21,"3",70,68,82,72,1988,2160,12,4,8,172
"22100089","DAL","Frank Ntilikina, Jalen Brunson, Reggie Bullock, Sterling Brown, Willie Cauley-Stein",21,"4",82,72,84,74,2160,2262,2,2,0,102
"22100089","SAC","Buddy Hield, Harrison Barnes, Richaun Holmes, Tristan Thompson, Tyrese Haliburton",21,"4",77,89,77,89,2356,2356,0,0,0,0
"22100089","DAL","Frank Ntilikina, Luka Doncic, Reggie Bullock, Sterling Brown, Willie Cauley-Stein",22,"4",84,74,89,77,2262,2356,5,3,2,94
"22100089","SAC","Buddy Hield, De'Aaron Fox, Harrison Barnes, Tristan Thompson, Tyrese Haliburton",22,"4",77,89,89,97,2356,2650,12,8,4,294
"22100089","DAL","Dwight Powell, Frank Ntilikina, Luka Doncic, Reggie Bullock, Willie Cauley-Stein",23,"4",89,77,89,77,2356,2356,0,0,0,0
"22100089","SAC","Buddy Hield, De'Aaron Fox, Harrison Barnes, Richaun Holmes, Tyrese Haliburton",23,"4",89,97,99,105,2650,2880,10,8,2,230
"22100089","DAL","Dorian Finney-Smith, Dwight Powell, Frank Ntilikina, Luka Doncic, Reggie Bullock",24,"4",89,77,91,80,2356,2455,2,3,-1,99
"22100089","DAL","Dorian Finney-Smith, Dwight Powell, Frank Ntilikina, Luka Doncic, Tim Hardaway Jr.",25,"4",91,80,91,83,2455,2482,0,3,-3,27
"22100089","DAL","Dorian Finney-Smith, Dwight Powell, Jalen Brunson, Luka Doncic, Tim Hardaway Jr.",26,"4",91,83,105,99,2482,2880,14,16,-2,398
"22100090","CHA","Gordon Hayward, LaMelo Ball, Mason Plumlee, Miles Bridges, Terry Rozier",0,"1",0,0,17,12,0,301,17,12,5,301
"22100090","POR","CJ McCollum, Damian Lillard, Jusuf Nurkic, Norman Powell, Robert Covington",0,"1",0,0,12,17,0,301,12,17,-5,301
"22100090","CHA","Kelly Oubre Jr., LaMelo Ball, Mason Plumlee, Miles Bridges, Terry Rozier",1,"1",17,12,17,12,301,385,0,0,0,84
"22100090","POR","CJ McCollum, Damian Lillard, Jusuf Nurkic, Nassir Little, Robert Covington",1,"1",12,17,12,17,301,385,0,0,0,84
"22100090","CHA","Ish Smith, Kelly Oubre Jr., Mason Plumlee, Miles Bridges, Terry Rozier",2,"1",17,12,17,12,385,385,0,0,0,0
"22100090","POR","CJ McCollum, Cody Zeller, Damian Lillard, Nassir Little, Robert Covington",2,"1",12,17,12,17,385,385,0,0,0,0
"22100090","CHA","Ish Smith, Kelly Oubre Jr., Miles Bridges, P.J. Washington, Terry Rozier",3,"1",17,12,20,17,385,488,3,5,-2,103
"22100090","POR","Anfernee Simons, Cody Zeller, Damian Lillard, Nassir Little, Robert Covington",3,"1",12,17,15,20,385,438,3,3,0,53
"22100090","CHA","Cody Martin, Ish Smith, Kelly Oubre Jr., P.J. Washington, Terry Rozier",4,"1",20,17,20,21,488,543,0,4,-4,55
"22100090","POR","Anfernee Simons, Cody Zeller, Damian Lillard, Larry Nance Jr., Nassir Little",4,"1",15,20,24,22,438,618,9,2,7,180
"22100090","CHA","Cody Martin, Gordon Hayward, Ish Smith, Kelly Oubre Jr., P.J. Washington",5,"1",20,21,27,29,543,720,7,8,-1,177
"22100090","POR","Anfernee Simons, CJ McCollum, Cody Zeller, Larry Nance Jr., Nassir Little",5,"1",24,22,29,27,618,720,5,5,0,102
"22100090","CHA","Gordon Hayward, Kelly Oubre Jr., LaMelo Ball, Miles Bridges, P.J. Washington",6,"2",27,29,39,39,720,895,12,10,2,175
"22100090","POR","Anfernee Simons, CJ McCollum, Cody Zeller, Larry Nance Jr., Norman Powell",6,"2",29,27,39,39,720,895,10,12,-2,175
"22100090","CHA","Cody Martin, Gordon Hayward, LaMelo Ball, Miles Bridges, P.J. Washington",7,"2",39,39,39,39,895,895,0,0,0,0
"22100090","POR","Anfernee Simons, CJ McCollum, Cody Zeller, Jusuf Nurkic, Norman Powell",7,"2",39,39,39,39,895,895,0,0,0,0
"22100090","CHA","Cody Martin, Gordon Hayward, LaMelo Ball, Mason Plumlee, Miles Bridges",8,"2",39,39,41,41,895,978,2,2,0,83
"22100090","POR","Anfernee Simons, CJ McCollum, Jusuf Nurkic, Norman Powell, Robert Covington",8,"2",39,39,39,41,895,951,0,2,-2,56
"22100090","CHA","Cody Martin, LaMelo Ball, Mason Plumlee, Miles Bridges, Terry Rozier",9,"2",41,41,43,43,978,1076,2,2,0,98
"22100090","POR","CJ McCollum, Damian Lillard, Jusuf Nurkic, Norman Powell, Robert Covington",9,"2",39,41,41,41,951,1008,2,0,2,57
"22100090","CHA","Cody Martin, Kelly Oubre Jr., LaMelo Ball, Mason Plumlee, Terry Rozier",10,"2",43,43,45,46,1076,1145,2,3,-1,69
"22100090","POR","Damian Lillard, Jusuf Nurkic, Nassir Little, Norman Powell, Robert Covington",10,"2",41,41,46,45,1008,1145,5,4,1,137
"22100090","CHA","Cody Martin, Ish Smith, Kelly Oubre Jr., Mason Plumlee, Terry Rozier",11,"2",45,46,46,46,1145,1195,1,0,1,50
"22100090","POR","CJ McCollum, Damian Lillard, Jusuf Nurkic, Norman Powell, Robert Covington",11,"2",46,45,50,46,1145,1245,4,1,3,100
"22100090","CHA","Gordon Hayward, Ish Smith, Kelly Oubre Jr., Mason Plumlee, Terry Rozier",12,"2",46,46,46,50,1195,1279,0,4,-4,84
"22100090","POR","Anfernee Simons, CJ McCollum, Damian Lillard, Jusuf Nurkic, Robert Covington",12,"2",50,46,60,53,1245,1396,10,7,3,151
"22100090","CHA","Gordon Hayward, Kelly Oubre Jr., Mason Plumlee, Miles Bridges, Terry Rozier",13,"2",46,50,46,50,1279,1279,0,0,0,0
"22100090","POR","Anfernee Simons, Damian Lillard, Jusuf Nurkic, Larry Nance Jr., Robert Covington",13,"2",60,53,60,53,1396,1396,0,0,0,0
"22100090","CHA","Gordon Hayward, LaMelo Ball, Mason Plumlee, Miles Bridges, Terry Rozier",14,"2",46,50,53,60,1279,1396,7,10,-3,117
"22100090","POR","Anfernee Simons, Damian Lillard, Larry Nance Jr., Nassir Little, Robert Covington",14,"2",60,53,60,53,1396,1440,0,0,0,44
"22100090","CHA","Gordon Hayward, LaMelo Ball, Miles Bridges, P.J. Washington, Terry Rozier",15,"2",53,60,53,60,1396,1440,0,0,0,44
"22100090","POR","CJ McCollum, Damian Lillard, Jusuf Nurkic, Norman Powell, Robert Covington",15,"3",60,53,72,72,1440,1721,12,19,-7,281
"22100090","CHA","Gordon Hayward, LaMelo Ball, Mason Plumlee, Miles Bridges, Terry Rozier",16,"3",53,60,74,72,1440,1777,21,12,9,337
"22100090","POR","CJ McCollum, Cody Zeller, Damian Lillard, Jusuf Nurkic, Norman Powell",16,"3",72,72,72,72,1721,1721,0,0,0,0
"22100090","CHA","Gordon Hayward, Kelly Oubre Jr., LaMelo Ball, Mason Plumlee, Terry Rozier",17,"3",74,72,74,72,1777,1798,0,0,0,21
"22100090","POR","CJ McCollum, Cody Zeller, Damian Lillard, Larry Nance Jr., Norman Powell",17,"3",72,72,72,74,1721,1777,0,2,-2,56
"22100090","CHA","Gordon Hayward, Kelly Oubre Jr., LaMelo Ball, P.J. Washington, Terry Rozier",18,"3",74,72,74,74,1798,1817,0,2,-2,19
"22100090","POR","CJ McCollum, Cody Zeller, Damian Lillard, Larry Nance Jr., Nassir Little",18,"3",72,74,80,81,1777,1952,8,7,1,175
"22100090","CHA","Cody Martin, Kelly Oubre Jr., LaMelo Ball, P.J. Washington, Terry Rozier",19,"3",74,74,81,80,1817,1952,7,6,1,135
"22100090","POR","Anfernee Simons, Cody Zeller, Damian Lillard, Larry Nance Jr., Nassir Little",19,"3",80,81,80,83,1952,1989,0,2,-2,37
"22100090","CHA","Cody Martin, Ish Smith, Kelly Oubre Jr., P.J. Washington, Terry Rozier",20,"3",81,80,81,80,1952,1952,0,0,0,0
"22100090","POR","Anfernee Simons, Cody Zeller, Damian Lillard, Larry Nance Jr., Norman Powell",20,"3",80,83,86,89,1989,2100,6,6,0,111
"22100090","CHA","Cody Martin, Gordon Hayward, Ish Smith, Kelly Oubre Jr., P.J. Washington",21,"3",81,80,89,88,1952,2160,8,8,0,208
"22100090","POR","Anfernee Simons, Cody Zeller, Jusuf Nurkic, Larry Nance Jr., Norman Powell",21,"3",86,89,86,89,2100,2100,0,0,0,0
"22100090","CHA","Gordon Hayward, Ish Smith, Kelly Oubre Jr., Mason Plumlee, Miles Bridges",22,"4",89,88,103,95,2160,2373,14,7,7,213
"22100090","POR","Anfernee Simons, CJ McCollum, Cody Zeller, Jusuf Nurkic, Norman Powell",22,"3",86,89,86,89,2100,2100,0,0,0,0
"22100090","CHA","Gordon Hayward, Kelly Oubre Jr., LaMelo Ball, Mason Plumlee, Miles Bridges",23,"4",103,95,103,95,2373,2373,0,0,0,0
"22100090","POR","Anfernee Simons, CJ McCollum, Jusuf Nurkic, Norman Powell, Robert Covington",23,"3",86,89,88,89,2100,2160,2,0,2,60
"22100090","POR","Anfernee Simons, CJ McCollum, Jusuf Nurkic, Norman Powell, Robert Covington",23,"4",88,89,95,100,2160,2325,7,11,-4,165
"22100090","CHA","Kelly Oubre Jr., LaMelo Ball, Mason Plumlee, Miles Bridges, Terry Rozier",24,"4",103,95,107,99,2373,2514,4,4,0,141
"22100090","POR","CJ McCollum, Damian Lillard, Jusuf Nurkic, Norman Powell, Robert Covington",24,"4",95,100,97,107,2325,2476,2,7,-5,151
"22100090","CHA","Kelly Oubre Jr., LaMelo Ball, Miles Bridges, P.J. Washington, Terry Rozier",25,"4",107,99,125,113,2514,2826,18,14,4,312
"22100090","POR","CJ McCollum, Cody Zeller, Damian Lillard, Norman Powell, Robert Covington",25,"4",97,107,102,112,2476,2585,5,5,0,109
"22100090","CHA","Cody Martin, Kelly Oubre Jr., LaMelo Ball, Miles Bridges, P.J. Washington",26,"4",125,113,125,113,2826,2880,0,0,0,54
"22100090","POR","CJ McCollum, Cody Zeller, Damian Lillard, Nassir Little, Norman Powell",26,"4",102,112,105,114,2585,2628,3,2,1,43
"22100090","POR","CJ McCollum, Damian Lillard, Larry Nance Jr., Nassir Little, Norman Powell",27,"4",105,114,113,125,2628,2826,8,11,-3,198
"22100090","POR","CJ McCollum, Dennis Smith Jr., Larry Nance Jr., Nassir Little, Norman Powell",28,"4",113,125,113,125,2826,2826,0,0,0,0
"22100090","POR","Cody Zeller, Dennis Smith Jr., Larry Nance Jr., Nassir Little, Norman Powell",29,"4",113,125,113,125,2826,2826,0,0,0,0
"22100090","POR","Cody Zeller, Dennis Smith Jr., Greg Brown III, Larry Nance Jr., Nassir Little",30,"4",113,125,113,125,2826,2826,0,0,0,0
"22100090","POR","CJ Elleby, Cody Zeller, Dennis Smith Jr., Greg Brown III, Nassir Little",31,"4",113,125,113,125,2826,2880,0,0,0,54
"22100091","MIL","George Hill, Giannis Antetokounmpo, Grayson Allen, Pat Connaughton, Thanasis Antetokounmpo",0,"1",0,0,14,18,0,288,14,18,-4,288
"22100091","UTA","Bojan Bogdanovic, Donovan Mitchell, Mike Conley, Royce O'Neale, Rudy Gobert",0,"1",0,0,23,21,0,445,23,21,2,445
"22100091","MIL","Bobby Portis, George Hill, Giannis Antetokounmpo, Grayson Allen, Pat Connaughton",1,"1",14,18,21,23,288,445,7,5,2,157
"22100091","UTA","Bojan Bogdanovic, Donovan Mitchell, Joe Ingles, Royce O'Neale, Rudy Gobert",1,"1",23,21,23,21,445,445,0,0,0,0
"22100091","MIL","Bobby Portis, Giannis Antetokounmpo, Grayson Allen, Pat Connaughton, Rodney Hood",2,"1",21,23,21,23,445,445,0,0,0,0
"22100091","UTA","Bojan Bogdanovic, Donovan Mitchell, Hassan Whiteside, Joe Ingles, Royce O'Neale",2,"1",23,21,25,21,445,488,2,0,2,43
"22100091","MIL","Bobby Portis, Giannis Antetokounmpo, Jordan Nwora, Pat Connaughton, Rodney Hood",3,"1",21,23,21,23,445,445,0,0,0,0
"22100091","UTA","Donovan Mitchell, Hassan Whiteside, Joe Ingles, Jordan Clarkson, Royce O'Neale",3,"1",25,21,26,21,488,519,1,0,1,31
"22100091","MIL","Bobby Portis, Giannis Antetokounmpo, Jordan Nwora, Rodney Hood, Thanasis Antetokounmpo",4,"1",21,23,21,23,445,445,0,0,0,0
"22100091","UTA","Donovan Mitchell, Eric Paschall, Hassan Whiteside, Joe Ingles, Jordan Clarkson",4,"1",26,21,28,21,519,596,2,0,2,77
"22100091","MIL","Bobby Portis, Jordan Nwora, Justin Robinson, Rodney Hood, Thanasis Antetokounmpo",5,"1",21,23,21,26,445,544,0,3,-3,99
"22100091","UTA","Eric Paschall, Hassan Whiteside, Joe Ingles, Jordan Clarkson, Mike Conley",5,"1",28,21,30,23,596,720,2,2,0,124
"22100091","MIL","Jordan Nwora, Justin Robinson, Rodney Hood, Sandro Mamukelashvili, Thanasis Antetokounmpo",6,"1",21,26,21,28,544,662,0,2,-2,118
"22100091","UTA","Eric Paschall, Joe Ingles, Jordan Clarkson, Mike Conley, Rudy Gobert",6,"2",30,23,37,29,720,884,7,6,1,164
"22100091","MIL","Giannis Antetokounmpo, Jordan Nwora, Justin Robinson, Rodney Hood, Thanasis Antetokounmpo",7,"1",21,28,23,30,662,720,2,2,0,58
"22100091","UTA","Eric Paschall, Jared Butler, Joe Ingles, Jordan Clarkson, Rudy Gobert",7,"2",37,29,43,31,884,984,6,2,4,100
"22100091","MIL","Giannis Antetokounmpo, Justin Robinson, Pat Connaughton, Rodney Hood, Thanasis Antetokounmpo",8,"2",23,30,29,37,720,884,6,7,-1,164
"22100091","UTA","Eric Paschall, Hassan Whiteside, Jared Butler, Joe Ingles, Jordan Clarkson",8,"2",43,31,43,31,984,984,0,0,0,0
"22100091","MIL","Giannis Antetokounmpo, Jordan Nwora, Justin Robinson, Pat Connaughton, Thanasis Antetokounmpo",9,"2",29,37,29,37,884,884,0,0,0,0
"22100091","UTA","Bojan Bogdanovic, Hassan Whiteside, Jared Butler, Joe Ingles, Jordan Clarkson",9,"2",43,31,46,35,984,1067,3,4,-1,83
"22100091","MIL","George Hill, Giannis Antetokounmpo, Jordan Nwora, Justin Robinson, Pat Connaughton",10,"2",29,37,29,37,884,884,0,0,0,0
"22100091","UTA","Bojan Bogdanovic, Donovan Mitchell, Hassan Whiteside, Jared Butler, Jordan Clarkson",10,"2",46,35,46,35,1067,1067,0,0,0,0
"22100091","MIL","Bobby Portis, George Hill, Giannis Antetokounmpo, Jordan Nwora, Pat Connaughton",11,"2",29,37,35,46,884,1067,6,9,-3,183
"22100091","UTA","Bojan Bogdanovic, Donovan Mitchell, Hassan Whiteside, Jordan Clarkson, Royce O'Neale",11,"2",46,35,48,39,1067,1218,2,4,-2,151
"22100091","MIL","Bobby Portis, George Hill, Grayson Allen, Jordan Nwora, Pat Connaughton",12,"2",35,46,37,46,1067,1142,2,0,2,75
"22100091","UTA","Bojan Bogdanovic, Donovan Mitchell, Jordan Clarkson, Royce O'Neale, Rudy Gobert",12,"2",48,39,50,41,1218,1290,2,2,0,72
"22100091","MIL","Bobby Portis, George Hill, Grayson Allen, Jordan Nwora, Thanasis Antetokounmpo",13,"2",37,46,37,46,1142,1184,0,0,0,42
"22100091","UTA","Bojan Bogdanovic, Donovan Mitchell, Mike Conley, Royce O'Neale, Rudy Gobert",13,"2",50,41,57,48,1290,1440,7,7,0,150
"22100091","UTA","Bojan Bogdanovic, Donovan Mitchell, Mike Conley, Royce O'Neale, Rudy Gobert",13,"3",57,48,64,58,1440,1719,7,10,-3,279
"22100091","MIL","George Hill, Grayson Allen, Jordan Nwora, Rodney Hood, Thanasis Antetokounmpo",14,"2",37,46,41,50,1184,1290,4,4,0,106
"22100091","UTA","Bojan Bogdanovic, Donovan Mitchell, Hassan Whiteside, Royce O'Neale, Rudy Gobert",14,"3",64,58,64,58,1719,1719,0,0,0,0
"22100091","MIL","Grayson Allen, Jordan Nwora, Justin Robinson, Rodney Hood, Thanasis Antetokounmpo",15,"2",41,50,41,50,1290,1290,0,0,0,0
"22100091","UTA","Bojan Bogdanovic, Donovan Mitchell, Hassan Whiteside, Joe Ingles, Royce O'Neale",15,"3",64,58,75,65,1719,1944,11,7,4,225
"22100091","MIL","Giannis Antetokounmpo, Grayson Allen, Justin Robinson, Rodney Hood, Thanasis Antetokounmpo",16,"2",41,50,41,52,1290,1310,0,2,-2,20
"22100091","UTA","Donovan Mitchell, Hassan Whiteside, Joe Ingles, Jordan Clarkson, Royce O'Neale",16,"3",75,65,77,65,1944,1997,2,0,2,53
"22100091","MIL","Bobby Portis, Giannis Antetokounmpo, Grayson Allen, Justin Robinson, Rodney Hood",17,"2",41,52,46,57,1310,1404,5,5,0,94
"22100091","UTA","Donovan Mitchell, Joe Ingles, Jordan Clarkson, Mike Conley, Royce O'Neale",17,"3",77,65,77,65,1997,1997,0,0,0,0
"22100091","MIL","Bobby Portis, Giannis Antetokounmpo, Grayson Allen, Jordan Nwora, Justin Robinson",18,"2",46,57,48,57,1404,1440,2,0,2,36
"22100091","UTA","Donovan Mitchell, Joe Ingles, Jordan Clarkson, Mike Conley, Rudy Gobert",18,"3",77,65,77,65,1997,1997,0,0,0,0
"22100091","MIL","George Hill, Giannis Antetokounmpo, Grayson Allen, Pat Connaughton, Thanasis Antetokounmpo",19,"3",48,57,55,64,1440,1704,7,7,0,264
"22100091","UTA","Eric Paschall, Joe Ingles, Jordan Clarkson, Mike Conley, Rudy Gobert",19,"3",77,65,84,69,1997,2160,7,4,3,163
"22100091","UTA","Eric Paschall, Joe Ingles, Jordan Clarkson, Mike Conley, Rudy Gobert",19,"4",84,69,88,79,2160,2449,4,10,-6,289
"22100091","MIL","Bobby Portis, George Hill, Giannis Antetokounmpo, Grayson Allen, Pat Connaughton",20,"3",55,64,58,64,1704,1719,3,0,3,15
"22100091","UTA","Hassan Whiteside, Joe Ingles, Jordan Clarkson, Mike Conley, Rudy Gobert",20,"4",88,79,88,79,2449,2449,0,0,0,0
"22100091","MIL","Bobby Portis, George Hill, Giannis Antetokounmpo, Grayson Allen, Jordan Nwora",21,"3",58,64,60,68,1719,1796,2,4,-2,77
"22100091","UTA","Bojan Bogdanovic, Hassan Whiteside, Jordan Clarkson, Mike Conley, Rudy Gobert",21,"4",88,79,88,79,2449,2449,0,0,0,0
"22100091","MIL","Bobby Portis, Giannis Antetokounmpo, Grayson Allen, Jordan Nwora, Justin Robinson",22,"3",60,68,65,75,1796,1944,5,7,-2,148
"22100091","UTA","Bojan Bogdanovic, Hassan Whiteside, Jordan Clarkson, Royce O'Neale, Rudy Gobert",22,"4",88,79,88,79,2449,2449,0,0,0,0
"22100091","MIL","Bobby Portis, Giannis Antetokounmpo, Jordan Nwora, Justin Robinson, Pat Connaughton",23,"3",65,75,65,75,1944,1944,0,0,0,0
"22100091","UTA","Bojan Bogdanovic, Donovan Mitchell, Hassan Whiteside, Jordan Clarkson, Royce O'Neale",23,"4",88,79,99,87,2449,2686,11,8,3,237
"22100091","MIL","Bobby Portis, Jordan Nwora, Justin Robinson, Pat Connaughton, Thanasis Antetokounmpo",24,"3",65,75,65,77,1944,1997,0,2,-2,53
"22100091","UTA","Bojan Bogdanovic, Donovan Mitchell, Hassan Whiteside, Royce O'Neale, Rudy Gobert",24,"4",99,87,99,87,2686,2686,0,0,0,0
"22100091","MIL","Jordan Nwora, Justin Robinson, Pat Connaughton, Sandro Mamukelashvili, Thanasis Antetokounmpo",25,"3",65,77,65,80,1997,2051,0,3,-3,54
"22100091","UTA","Bojan Bogdanovic, Donovan Mitchell, Mike Conley, Royce O'Neale, Rudy Gobert",25,"4",99,87,107,95,2686,2880,8,8,0,194
"22100091","MIL","George Hill, Justin Robinson, Pat Connaughton, Sandro Mamukelashvili, Thanasis Antetokounmpo",26,"3",65,80,69,84,2051,2160,4,4,0,109
"22100091","MIL","George Hill, Giannis Antetokounmpo, Jordan Nwora, Justin Robinson, Thanasis Antetokounmpo",27,"4",69,84,73,84,2160,2257,4,0,4,97
"22100091","MIL","George Hill, Giannis Antetokounmpo, Grayson Allen, Jordan Nwora, Thanasis Antetokounmpo",28,"4",73,84,79,86,2257,2408,6,2,4,151
"22100091","MIL","Bobby Portis, Giannis Antetokounmpo, Grayson Allen, Jordan Nwora, Thanasis Antetokounmpo",29,"4",79,86,79,86,2408,2408,0,0,0,0
"22100091","MIL","Bobby Portis, Giannis Antetokounmpo, Grayson Allen, Jordan Nwora, Justin Robinson",30,"4",79,86,84,90,2408,2522,5,4,1,114
"22100091","MIL","Bobby Portis, Giannis Antetokounmpo, Grayson Allen, Justin Robinson, Pat Connaughton",31,"4",84,90,84,95,2522,2579,0,5,-5,57
"22100091","MIL","Giannis Antetokounmpo, Grayson Allen, Justin Robinson, Pat Connaughton, Thanasis Antetokounmpo",32,"4",84,95,84,97,2579,2617,0,2,-2,38
"22100091","MIL","George Hill, Giannis Antetokounmpo, Justin Robinson, Pat Connaughton, Thanasis Antetokounmpo",33,"4",84,97,87,99,2617,2686,3,2,1,69
"22100091","MIL","George Hill, Grayson Allen, Justin Robinson, Pat Connaughton, Thanasis Antetokounmpo",34,"4",87,99,95,101,2686,2815,8,2,6,129
"22100091","MIL","George Hill, Giannis Antetokounmpo, Grayson Allen, Pat Connaughton, Thanasis Antetokounmpo",35,"4",95,101,95,107,2815,2880,0,6,-6,65
"22100092","BKN","Blake Griffin, Bruce Brown, James Harden, Joe Harris, Kevin Durant",0,"1",0,0,11,6,0,261,11,6,5,261
"22100092","DET","Hamidou Diallo, Isaiah Stewart, Jerami Grant, Killian Hayes, Saddiq Bey",0,"1",0,0,10,16,0,400,10,16,-6,400
"22100092","BKN","Blake Griffin, James Harden, Joe Harris, Kevin Durant, Patty Mills",1,"1",11,6,18,13,261,470,7,7,0,209
"22100092","DET","Isaiah Stewart, Jerami Grant, Josh Jackson, Killian Hayes, Saddiq Bey",1,"1",10,16,10,16,400,400,0,0,0,0
"22100092","BKN","James Harden, Joe Harris, Kevin Durant, LaMarcus Aldridge, Patty Mills",2,"1",18,13,23,15,470,537,5,2,3,67
"22100092","DET","Isaiah Stewart, Jerami Grant, Josh Jackson, Kelly Olynyk, Saddiq Bey",2,"1",10,16,10,16,400,400,0,0,0,0
"22100092","BKN","DeAndre' Bembry, James Harden, Kevin Durant, LaMarcus Aldridge, Patty Mills",3,"1",23,15,23,18,537,553,0,3,-3,16
"22100092","DET","Cory Joseph, Jerami Grant, Josh Jackson, Kelly Olynyk, Saddiq Bey",3,"1",10,16,15,23,400,537,5,7,-2,137
"22100092","BKN","Bruce Brown, DeAndre' Bembry, Kevin Durant, LaMarcus Aldridge, Patty Mills",4,"1",23,18,28,25,553,720,5,7,-2,167
"22100092","DET","Cory Joseph, Jerami Grant, Josh Jackson, Kelly Olynyk, Trey Lyles",4,"1",15,23,20,26,537,652,5,3,2,115
"22100092","BKN","Bruce Brown, DeAndre' Bembry, Jevon Carter, LaMarcus Aldridge, Patty Mills",5,"2",28,25,40,32,720,864,12,7,5,144
"22100092","DET","Cory Joseph, Frank Jackson, Josh Jackson, Kelly Olynyk, Trey Lyles",5,"1",20,26,25,28,652,720,5,2,3,68
"22100092","BKN","Bruce Brown, DeAndre' Bembry, James Johnson, Jevon Carter, LaMarcus Aldridge",6,"2",40,32,42,34,864,951,2,2,0,87
"22100092","DET","Cory Joseph, Frank Jackson, Isaiah Stewart, Josh Jackson, Trey Lyles",6,"2",25,28,34,42,720,951,9,14,-5,231
"22100092","BKN","DeAndre' Bembry, James Harden, James Johnson, Jevon Carter, LaMarcus Aldridge",7,"2",42,34,47,39,951,1037,5,5,0,86
"22100092","DET","Frank Jackson, Isaiah Stewart, Josh Jackson, Killian Hayes, Trey Lyles",7,"2",34,42,34,42,951,951,0,0,0,0
"22100092","BKN","DeAndre' Bembry, James Harden, James Johnson, Joe Harris, LaMarcus Aldridge",8,"2",47,39,47,39,1037,1037,0,0,0,0
"22100092","DET","Frank Jackson, Isaiah Stewart, Killian Hayes, Saddiq Bey, Trey Lyles",8,"2",34,42,39,47,951,1037,5,5,0,86
"22100092","BKN","James Harden, James Johnson, Joe Harris, Kevin Durant, LaMarcus Aldridge",9,"2",47,39,51,43,1037,1150,4,4,0,113
"22100092","DET","Frank Jackson, Isaiah Stewart, Jerami Grant, Killian Hayes, Saddiq Bey",9,"2",39,47,43,51,1037,1150,4,4,0,113
"22100092","BKN","Blake Griffin, James Harden, James Johnson, Joe Harris, Kevin Durant",10,"2",51,43,55,45,1150,1244,4,2,2,94
"22100092","DET","Frank Jackson, Jerami Grant, Kelly Olynyk, Killian Hayes, Saddiq Bey",10,"2",43,51,43,51,1150,1162,0,0,0,12
"22100092","BKN","Blake Griffin, Bruce Brown, James Harden, Joe Harris, Kevin Durant",11,"2",55,45,64,49,1244,1440,9,4,5,196
"22100092","BKN","Blake Griffin, Bruce Brown, James Harden, Joe Harris, Kevin Durant",11,"3",64,49,77,58,1440,1790,13,9,4,350
"22100092","DET","Jerami Grant, Josh Jackson, Kelly Olynyk, Killian Hayes, Saddiq Bey",11,"2",43,51,49,64,1162,1440,6,13,-7,278
"22100092","BKN","Blake Griffin, James Harden, Joe Harris, Kevin Durant, Patty Mills",12,"3",77,58,83,66,1790,1899,6,8,-2,109
"22100092","DET","Hamidou Diallo, Isaiah Stewart, Jerami Grant, Killian Hayes, Saddiq Bey",12,"3",49,64,55,72,1440,1669,6,8,-2,229
"22100092","BKN","James Harden, Joe Harris, Kevin Durant, LaMarcus Aldridge, Patty Mills",13,"3",83,66,85,70,1899,1957,2,4,-2,58
"22100092","DET","Hamidou Diallo, Isaiah Stewart, Killian Hayes, Saddiq Bey, Trey Lyles",13,"3",55,72,55,72,1669,1697,0,0,0,28
"22100092","BKN","DeAndre' Bembry, James Harden, Joe Harris, LaMarcus Aldridge, Patty Mills",14,"3",85,70,87,72,1957,2036,2,2,0,79
"22100092","DET","Isaiah Stewart, Kelly Olynyk, Killian Hayes, Saddiq Bey, Trey Lyles",14,"3",55,72,55,72,1697,1697,0,0,0,0
"22100092","BKN","DeAndre' Bembry, James Harden, James Johnson, LaMarcus Aldridge, Patty Mills",15,"3",87,72,94,72,2036,2140,7,0,7,104
"22100092","DET","Isaiah Stewart, Josh Jackson, Kelly Olynyk, Saddiq Bey, Trey Lyles",15,"3",55,72,55,72,1697,1697,0,0,0,0
"22100092","BKN","DeAndre' Bembry, James Harden, Joe Harris, LaMarcus Aldridge, Patty Mills",16,"3",94,72,96,74,2140,2158,2,2,0,18
"22100092","DET","Cory Joseph, Josh Jackson, Kelly Olynyk, Saddiq Bey, Trey Lyles",16,"3",55,72,72,87,1697,2036,17,15,2,339
"22100092","BKN","DeAndre' Bembry, James Harden, James Johnson, LaMarcus Aldridge, Patty Mills",17,"3",96,74,96,74,2158,2160,0,0,0,2
"22100092","DET","Cory Joseph, Frank Jackson, Josh Jackson, Kelly Olynyk, Trey Lyles",17,"3",72,87,72,94,2036,2140,0,7,-7,104
"22100092","BKN","DeAndre' Bembry, James Johnson, Jevon Carter, LaMarcus Aldridge, Patty Mills",18,"4",96,74,102,80,2160,2379,6,6,0,219
"22100092","DET","Cory Joseph, Frank Jackson, Hamidou Diallo, Josh Jackson, Trey Lyles",18,"3",72,94,74,96,2140,2160,2,2,0,20
"22100092","BKN","Bruce Brown, DeAndre' Bembry, James Johnson, Jevon Carter, LaMarcus Aldridge",19,"4",102,80,107,80,2379,2481,5,0,5,102
"22100092","DET","Cory Joseph, Frank Jackson, Jerami Grant, Josh Jackson, Kelly Olynyk",19,"4",74,96,80,102,2160,2362,6,6,0,202
"22100092","BKN","Bruce Brown, Day'Ron Sharpe, DeAndre' Bembry, James Johnson, Jevon Carter",20,"4",107,80,108,80,2481,2531,1,0,1,50
"22100092","DET","Cory Joseph, Frank Jackson, Jerami Grant, Josh Jackson, Luka Garza",20,"4",80,102,80,102,2362,2379,0,0,0,17
"22100092","BKN","Cam Thomas, Day'Ron Sharpe, DeAndre' Bembry, James Johnson, Jevon Carter",21,"4",108,80,117,91,2531,2880,9,11,-2,349
"22100092","DET","Frank Jackson, Jerami Grant, Josh Jackson, Killian Hayes, Luka Garza",21,"4",80,102,80,102,2379,2379,0,0,0,0
"22100092","DET","Frank Jackson, Hamidou Diallo, Jerami Grant, Killian Hayes, Luka Garza",22,"4",80,102,80,108,2379,2511,0,6,-6,132
"22100092","DET","Frank Jackson, Hamidou Diallo, Killian Hayes, Luka Garza, Rodney McGruder",23,"4",80,108,80,108,2511,2561,0,0,0,50
"22100092","DET","Frank Jackson, Hamidou Diallo, Luka Garza, Rodney McGruder, Saben Lee",24,"4",80,108,85,112,2561,2642,5,4,1,81
"22100092","DET","Hamidou Diallo, Jamorko Pickett, Luka Garza, Rodney McGruder, Saben Lee",25,"4",85,112,91,117,2642,2880,6,5,1,238
"22100093","HOU","Christian Wood, Daniel Theis, Jae'Sean Tate, Jalen Green, Kevin Porter Jr.",0,"1",0,0,5,13,0,296,5,13,-8,296
"22100093","LAL","Anthony Davis, Avery Bradley, Kent Bazemore, LeBron James, Russell Westbrook",0,"1",0,0,13,5,0,361,13,5,8,361
"22100093","HOU","Christian Wood, Daniel Theis, Eric Gordon, Jae'Sean Tate, Kevin Porter Jr.",1,"1",5,13,5,13,296,301,0,0,0,5
"22100093","LAL","Anthony Davis, Avery Bradley, Kent Bazemore, LeBron James, Malik Monk",1,"1",13,5,16,8,361,486,3,3,0,125
"22100093","HOU","Christian Wood, Daniel Theis, David Nwaba, Eric Gordon, Kevin Porter Jr.",2,"1",5,13,5,13,301,422,0,0,0,121
"22100093","LAL","Anthony Davis, Austin Reaves, Avery Bradley, Kent Bazemore, Malik Monk",2,"1",16,8,16,8,486,486,0,0,0,0
"22100093","HOU","Christian Wood, D.J. Augustin, Daniel Theis, David Nwaba, Eric Gordon",3,"1",5,13,8,16,422,486,3,3,0,64
"22100093","LAL","Anthony Davis, Austin Reaves, Avery Bradley, Kent Bazemore, Russell Westbrook",3,"1",16,8,16,8,486,486,0,0,0,0
"22100093","HOU","Alperen Sengun, Christian Wood, D.J. Augustin, David Nwaba, Eric Gordon",4,"1",8,16,11,24,486,628,3,8,-5,142
"22100093","LAL","Anthony Davis, Austin Reaves, Carmelo Anthony, Kent Bazemore, Russell Westbrook",4,"1",16,8,16,10,486,511,0,2,-2,25
"22100093","HOU","Alperen Sengun, Christian Wood, David Nwaba, Eric Gordon, Kevin Porter Jr.",5,"1",11,24,15,27,628,720,4,3,1,92
"22100093","LAL","Anthony Davis, Austin Reaves, Carmelo Anthony, Malik Monk, Russell Westbrook",5,"1",16,10,24,11,511,628,8,1,7,117
"22100093","HOU","Alperen Sengun, David Nwaba, Eric Gordon, Kenyon Martin Jr., Kevin Porter Jr.",6,"2",15,27,21,36,720,882,6,9,-3,162
"22100093","LAL","Austin Reaves, Carmelo Anthony, DeAndre Jordan, Malik Monk, Russell Westbrook",6,"1",24,11,24,13,628,664,0,2,-2,36
"22100093","HOU","Alperen Sengun, Eric Gordon, Jalen Green, Kenyon Martin Jr., Kevin Porter Jr.",7,"2",21,36,26,43,882,1050,5,7,-2,168
"22100093","LAL","Austin Reaves, Carmelo Anthony, DeAndre Jordan, LeBron James, Malik Monk",7,"1",24,13,27,15,664,697,3,2,1,33
"22100093","HOU","Alperen Sengun, Daniel Theis, Eric Gordon, Jalen Green, Kevin Porter Jr.",8,"2",26,43,26,43,1050,1050,0,0,0,0
"22100093","LAL","Austin Reaves, Avery Bradley, Carmelo Anthony, LeBron James, Malik Monk",8,"1",27,15,27,15,697,720,0,0,0,23
"22100093","HOU","Christian Wood, Daniel Theis, Eric Gordon, Jalen Green, Kevin Porter Jr.",9,"2",26,43,27,45,1050,1088,1,2,-1,38
"22100093","LAL","Austin Reaves, Carmelo Anthony, DeAndre Jordan, LeBron James, Russell Westbrook",9,"2",27,15,36,21,720,882,9,6,3,162
"22100093","HOU","Christian Wood, Daniel Theis, Jae'Sean Tate, Jalen Green, Kevin Porter Jr.",10,"2",27,45,31,54,1088,1349,4,9,-5,261
"22100093","LAL","Austin Reaves, Carmelo Anthony, DeAndre Jordan, Kent Bazemore, LeBron James",10,"2",36,21,45,27,882,1088,9,6,3,206
"22100093","HOU","Christian Wood, Daniel Theis, Eric Gordon, Jae'Sean Tate, Kevin Porter Jr.",11,"2",31,54,35,54,1349,1440,4,0,4,91
"22100093","LAL","Anthony Davis, Austin Reaves, Carmelo Anthony, DeAndre Jordan, Kent Bazemore",11,"2",45,27,45,27,1088,1088,0,0,0,0
"22100093","HOU","Christian Wood, Daniel Theis, Jae'Sean Tate, Jalen Green, Kevin Porter Jr.",12,"3",35,54,44,65,1440,1849,9,11,-2,409
"22100093","LAL","Anthony Davis, Austin Reaves, Avery Bradley, DeAndre Jordan, Kent Bazemore",12,"2",45,27,45,27,1088,1088,0,0,0,0
"22100093","HOU","Christian Wood, Daniel Theis, David Nwaba, Jalen Green, Kevin Porter Jr.",13,"3",44,65,44,65,1849,1849,0,0,0,0
"22100093","LAL","Anthony Davis, Avery Bradley, DeAndre Jordan, Kent Bazemore, Russell Westbrook",13,"2",45,27,45,28,1088,1212,0,1,-1,124
"22100093","HOU","Alperen Sengun, Christian Wood, David Nwaba, Jalen Green, Kevin Porter Jr.",14,"3",44,65,44,65,1849,1849,0,0,0,0
"22100093","LAL","Anthony Davis, Avery Bradley, Carmelo Anthony, DeAndre Jordan, Russell Westbrook",14,"2",45,28,45,28,1212,1212,0,0,0,0
"22100093","HOU","Alperen Sengun, Christian Wood, David Nwaba, Eric Gordon, Kevin Porter Jr.",15,"3",44,65,49,67,1849,1956,5,2,3,107
"22100093","LAL","Anthony Davis, Avery Bradley, Carmelo Anthony, Malik Monk, Russell Westbrook",15,"2",45,28,52,31,1212,1326,7,3,4,114
"22100093","HOU","Alperen Sengun, Christian Wood, D.J. Augustin, David Nwaba, Eric Gordon",16,"3",49,67,54,75,1956,2160,5,8,-3,204
"22100093","LAL","Anthony Davis, Avery Bradley, Carmelo Anthony, LeBron James, Russell Westbrook",16,"2",52,31,54,33,1326,1403,2,2,0,77
"22100093","HOU","Alperen Sengun, D.J. Augustin, David Nwaba, Eric Gordon, Jalen Green",17,"4",54,75,56,79,2160,2237,2,4,-2,77
"22100093","LAL","Anthony Davis, Avery Bradley, Carmelo Anthony, LeBron James, Malik Monk",17,"2",54,33,54,33,1403,1403,0,0,0,0
"22100093","HOU","Alperen Sengun, D.J. Augustin, Eric Gordon, Jalen Green, Kenyon Martin Jr.",18,"4",56,79,62,84,2237,2382,6,5,1,145
"22100093","LAL","Anthony Davis, Austin Reaves, Carmelo Anthony, LeBron James, Malik Monk",18,"2",54,33,54,35,1403,1440,0,2,-2,37
"22100093","HOU","Alperen Sengun, Eric Gordon, Jalen Green, Kenyon Martin Jr., Kevin Porter Jr.",19,"4",62,84,69,84,2382,2500,7,0,7,118
"22100093","LAL","Anthony Davis, Avery Bradley, Kent Bazemore, LeBron James, Russell Westbrook",19,"3",54,35,65,44,1440,1849,11,9,2,409
"22100093","HOU","Christian Wood, Eric Gordon, Jalen Green, Kenyon Martin Jr., Kevin Porter Jr.",20,"4",69,84,81,95,2500,2795,12,11,1,295
"22100093","LAL","Anthony Davis, Avery Bradley, Kent Bazemore, LeBron James, Malik Monk",20,"3",65,44,67,49,1849,1956,2,5,-3,107
"22100093","HOU","Christian Wood, Eric Gordon, Jalen Green, Josh Christopher, Kenyon Martin Jr.",21,"4",81,95,81,95,2795,2795,0,0,0,0
"22100093","LAL","Anthony Davis, Austin Reaves, Avery Bradley, LeBron James, Malik Monk",21,"3",67,49,67,49,1956,1956,0,0,0,0
"22100093","HOU","Armoni Brooks, Christian Wood, Jalen Green, Josh Christopher, Kenyon Martin Jr.",22,"4",81,95,81,95,2795,2795,0,0,0,0
"22100093","LAL","Anthony Davis, Austin Reaves, Carmelo Anthony, LeBron James, Malik Monk",22,"3",67,49,67,49,1956,1967,0,0,0,11
"22100093","HOU","Armoni Brooks, Jalen Green, Josh Christopher, Kenyon Martin Jr., Usman Garuba",23,"4",81,95,85,95,2795,2880,4,0,4,85
"22100093","LAL","Anthony Davis, Austin Reaves, Carmelo Anthony, Malik Monk, Russell Westbrook",23,"3",67,49,71,49,1967,2053,4,0,4,86
"22100093","LAL","Austin Reaves, Carmelo Anthony, DeAndre Jordan, Malik Monk, Russell Westbrook",24,"3",71,49,75,54,2053,2160,4,5,-1,107
"22100093","LAL","Austin Reaves, Carmelo Anthony, DeAndre Jordan, LeBron James, Russell Westbrook",25,"4",75,54,84,59,2160,2340,9,5,4,180
"22100093","LAL","Anthony Davis, Austin Reaves, Carmelo Anthony, DeAndre Jordan, LeBron James",26,"4",84,59,84,59,2340,2340,0,0,0,0
"22100093","LAL","Anthony Davis, Austin Reaves, Avery Bradley, Carmelo Anthony, LeBron James",27,"4",84,59,84,65,2340,2443,0,6,-6,103
"22100093","LAL","Anthony Davis, Avery Bradley, Carmelo Anthony, LeBron James, Malik Monk",28,"4",84,65,84,69,2443,2500,0,4,-4,57
"22100093","LAL","Anthony Davis, Avery Bradley, Carmelo Anthony, Malik Monk, Russell Westbrook",29,"4",84,69,84,71,2500,2536,0,2,-2,36
"22100093","LAL","Avery Bradley, Carmelo Anthony, DeAndre Jordan, Malik Monk, Russell Westbrook",30,"4",84,71,88,75,2536,2614,4,4,0,78
"22100093","LAL","Avery Bradley, DeAndre Jordan, LeBron James, Malik Monk, Russell Westbrook",31,"4",88,75,88,75,2614,2614,0,0,0,0
"22100093","LAL","DeAndre Jordan, Kent Bazemore, LeBron James, Malik Monk, Russell Westbrook",32,"4",88,75,88,77,2614,2642,0,2,-2,28
"22100093","LAL","Anthony Davis, Kent Bazemore, LeBron James, Malik Monk, Russell Westbrook",33,"4",88,77,90,77,2642,2675,2,0,2,33
"22100093","LAL","Anthony Davis, Avery Bradley, Kent Bazemore, LeBron James, Russell Westbrook",34,"4",90,77,95,81,2675,2795,5,4,1,120
"22100093","LAL","Anthony Davis, Avery Bradley, Kent Bazemore, LeBron James, Malik Monk",35,"4",95,81,95,81,2795,2795,0,0,0,0
"22100093","LAL","Anthony Davis, Austin Reaves, Avery Bradley, Kent Bazemore, Malik Monk",36,"4",95,81,95,83,2795,2808,0,2,-2,13
"22100093","LAL","Austin Reaves, Avery Bradley, DeAndre Jordan, Kent Bazemore, Malik Monk",37,"4",95,83,95,85,2808,2880,0,2,-2,72
"22100094","CHA","Gordon Hayward, LaMelo Ball, Mason Plumlee, Miles Bridges, Terry Rozier",0,"1",0,0,7,12,0,310,7,12,-5,310
"22100094","CLE","Collin Sexton, Darius Garland, Evan Mobley, Jarrett Allen, Lauri Markkanen",0,"1",0,0,12,7,0,310,12,7,5,310
"22100094","CHA","Gordon Hayward, Kelly Oubre Jr., Mason Plumlee, Miles Bridges, Terry Rozier",1,"1",7,12,7,12,310,310,0,0,0,0
"22100094","CLE","Darius Garland, Evan Mobley, Jarrett Allen, Lauri Markkanen, Ricky Rubio",1,"1",12,7,17,9,310,393,5,2,3,83
"22100094","CHA","Kelly Oubre Jr., Mason Plumlee, Miles Bridges, P.J. Washington, Terry Rozier",2,"1",7,12,7,12,310,310,0,0,0,0
"22100094","CLE","Cedi Osman, Darius Garland, Evan Mobley, Jarrett Allen, Ricky Rubio",2,"1",17,9,25,12,393,500,8,3,5,107
"22100094","CHA","Ish Smith, Kelly Oubre Jr., Miles Bridges, P.J. Washington, Terry Rozier",3,"1",7,12,9,23,310,439,2,11,-9,129
"22100094","CLE","Cedi Osman, Darius Garland, Jarrett Allen, Lauri Markkanen, Ricky Rubio",3,"1",25,12,25,12,500,500,0,0,0,0
"22100094","CHA","Gordon Hayward, Ish Smith, Kelly Oubre Jr., P.J. Washington, Terry Rozier",4,"1",9,23,9,23,439,439,0,0,0,0
"22100094","CLE","Cedi Osman, Collin Sexton, Jarrett Allen, Lauri Markkanen, Ricky Rubio",4,"1",25,12,40,21,500,720,15,9,6,220
"22100094","CHA","Cody Martin, Gordon Hayward, Ish Smith, Kelly Oubre Jr., P.J. Washington",5,"1",9,23,18,34,439,616,9,11,-2,177
"22100094","CLE","Cedi Osman, Collin Sexton, Dean Wade, Evan Mobley, Ricky Rubio",5,"2",40,21,43,25,720,819,3,4,-1,99
"22100094","CHA","Cody Martin, Gordon Hayward, Ish Smith, Kelly Oubre Jr., Nick Richards",6,"1",18,34,21,40,616,720,3,6,-3,104
"22100094","CLE","Cedi Osman, Collin Sexton, Darius Garland, Dean Wade, Evan Mobley",6,"2",43,25,46,31,819,902,3,6,-3,83
"22100094","CHA","Cody Martin, Gordon Hayward, LaMelo Ball, Miles Bridges, Nick Richards",7,"2",21,40,31,45,720,871,10,5,5,151
"22100094","CLE","Collin Sexton, Darius Garland, Dean Wade, Evan Mobley, Lauri Markkanen",7,"2",46,31,50,37,902,1010,4,6,-2,108
"22100094","CHA","Cody Martin, Gordon Hayward, LaMelo Ball, Mason Plumlee, Miles Bridges",8,"2",31,45,31,46,871,902,0,1,-1,31
"22100094","CLE","Darius Garland, Dean Wade, Evan Mobley, Lauri Markkanen, Ricky Rubio",8,"2",50,37,50,40,1010,1042,0,3,-3,32
"22100094","CHA","Cody Martin, Kelly Oubre Jr., LaMelo Ball, Mason Plumlee, Miles Bridges",9,"2",31,46,31,46,902,902,0,0,0,0
"22100094","CLE","Darius Garland, Evan Mobley, Jarrett Allen, Lauri Markkanen, Ricky Rubio",9,"2",50,40,56,42,1042,1125,6,2,4,83
"22100094","CHA","Kelly Oubre Jr., LaMelo Ball, Mason Plumlee, Miles Bridges, Terry Rozier",10,"2",31,46,42,56,902,1125,11,10,1,223
"22100094","CLE","Cedi Osman, Darius Garland, Evan Mobley, Jarrett Allen, Lauri Markkanen",10,"2",56,42,56,45,1125,1140,0,3,-3,15
"22100094","CHA","Gordon Hayward, Kelly Oubre Jr., LaMelo Ball, Mason Plumlee, Terry Rozier",11,"2",42,56,45,60,1125,1294,3,4,-1,169
"22100094","CLE","Collin Sexton, Darius Garland, Evan Mobley, Jarrett Allen, Lauri Markkanen",11,"2",56,45,60,45,1140,1294,4,0,4,154
"22100094","CHA","Gordon Hayward, Kelly Oubre Jr., Mason Plumlee, Miles Bridges, Terry Rozier",12,"2",45,60,45,60,1294,1294,0,0,0,0
"22100094","CLE","Collin Sexton, Evan Mobley, Jarrett Allen, Lauri Markkanen, Ricky Rubio",12,"2",60,45,65,49,1294,1440,5,4,1,146
"22100094","CHA","Gordon Hayward, Mason Plumlee, Miles Bridges, P.J. Washington, Terry Rozier",13,"2",45,60,45,60,1294,1294,0,0,0,0
"22100094","CLE","Collin Sexton, Darius Garland, Evan Mobley, Jarrett Allen, Lauri Markkanen",13,"3",65,49,70,65,1440,1746,5,16,-11,306
"22100094","CHA","Cody Martin, Gordon Hayward, Miles Bridges, P.J. Washington, Terry Rozier",14,"2",45,60,49,65,1294,1440,4,5,-1,146
"22100094","CLE","Collin Sexton, Evan Mobley, Jarrett Allen, Lauri Markkanen, Ricky Rubio",14,"3",70,65,77,67,1746,1887,7,2,5,141
"22100094","CHA","Gordon Hayward, LaMelo Ball, Mason Plumlee, Miles Bridges, Terry Rozier",15,"3",49,65,61,69,1440,1706,12,4,8,266
"22100094","CLE","Collin Sexton, Dean Wade, Evan Mobley, Jarrett Allen, Ricky Rubio",15,"3",77,67,77,67,1887,1887,0,0,0,0
"22100094","CHA","Cody Martin, LaMelo Ball, Mason Plumlee, Miles Bridges, Terry Rozier",16,"3",61,69,67,77,1706,1887,6,8,-2,181
"22100094","CLE","Cedi Osman, Collin Sexton, Dean Wade, Evan Mobley, Ricky Rubio",16,"3",77,67,84,73,1887,2054,7,6,1,167
"22100094","CHA","Cody Martin, Ish Smith, LaMelo Ball, Mason Plumlee, Terry Rozier",17,"3",67,77,67,77,1887,1887,0,0,0,0
"22100094","CLE","Cedi Osman, Dean Wade, Evan Mobley, Jarrett Allen, Ricky Rubio",17,"3",84,73,84,73,2054,2054,0,0,0,0
"22100094","CHA","Cody Martin, Ish Smith, Kelly Oubre Jr., Mason Plumlee, Terry Rozier",18,"3",67,77,67,77,1887,1887,0,0,0,0
"22100094","CLE","Cedi Osman, Darius Garland, Dean Wade, Jarrett Allen, Ricky Rubio",18,"3",84,73,88,76,2054,2160,4,3,1,106
"22100094","CLE","Cedi Osman, Darius Garland, Dean Wade, Jarrett Allen, Ricky Rubio",18,"4",88,76,91,79,2160,2282,3,3,0,122
"22100094","CHA","Cody Martin, Ish Smith, Kelly Oubre Jr., P.J. Washington, Terry Rozier",19,"3",67,77,73,84,1887,2054,6,7,-1,167
"22100094","CLE","Cedi Osman, Collin Sexton, Darius Garland, Dean Wade, Jarrett Allen",19,"4",91,79,91,81,2282,2311,0,2,-2,29
"22100094","CHA","Cody Martin, Gordon Hayward, Ish Smith, Kelly Oubre Jr., P.J. Washington",20,"3",73,84,76,88,2054,2160,3,4,-1,106
"22100094","CLE","Cedi Osman, Collin Sexton, Darius Garland, Dean Wade, Evan Mobley",20,"4",91,81,95,84,2311,2375,4,3,1,64
"22100094","CHA","Gordon Hayward, Kelly Oubre Jr., LaMelo Ball, Miles Bridges, P.J. Washington",21,"4",76,88,81,92,2160,2318,5,4,1,158
"22100094","CLE","Cedi Osman, Collin Sexton, Darius Garland, Evan Mobley, Lauri Markkanen",21,"4",95,84,101,94,2375,2601,6,10,-4,226
"22100094","CHA","Cody Martin, Gordon Hayward, LaMelo Ball, Miles Bridges, P.J. Washington",22,"4",81,92,84,99,2318,2432,3,7,-4,114
"22100094","CLE","Cedi Osman, Darius Garland, Evan Mobley, Jarrett Allen, Lauri Markkanen",22,"4",101,94,101,94,2601,2601,0,0,0,0
"22100094","CHA","Cody Martin, LaMelo Ball, Miles Bridges, P.J. Washington, Terry Rozier",23,"4",84,99,84,101,2432,2459,0,2,-2,27
"22100094","CLE","Darius Garland, Evan Mobley, Jarrett Allen, Lauri Markkanen, Ricky Rubio",23,"4",101,94,109,103,2601,2778,8,9,-1,177
"22100094","CHA","Cody Martin, LaMelo Ball, Mason Plumlee, Miles Bridges, Terry Rozier",24,"4",84,101,108,112,2459,2866,24,11,13,407
"22100094","CLE","Collin Sexton, Darius Garland, Evan Mobley, Jarrett Allen, Lauri Markkanen",24,"4",109,103,110,106,2778,2853,1,3,-2,75
"22100094","CHA","Cody Martin, Mason Plumlee, Miles Bridges, P.J. Washington, Terry Rozier",25,"4",108,112,108,112,2866,2866,0,0,0,0
"22100094","CLE","Cedi Osman, Darius Garland, Evan Mobley, Jarrett Allen, Lauri Markkanen",25,"4",110,106,110,108,2853,2860,0,2,-2,7
"22100094","CHA","Cody Martin, Kelly Oubre Jr., Miles Bridges, P.J. Washington, Terry Rozier",26,"4",108,112,108,112,2866,2866,0,0,0,0
"22100094","CLE","Cedi Osman, Collin Sexton, Darius Garland, Evan Mobley, Lauri Markkanen",26,"4",110,108,110,108,2860,2860,0,0,0,0
"22100094","CHA","Cody Martin, Kelly Oubre Jr., LaMelo Ball, Miles Bridges, Terry Rozier",27,"4",108,112,110,113,2866,2879,2,1,1,13
"22100094","CLE","Collin Sexton, Darius Garland, Evan Mobley, Lauri Markkanen, Ricky Rubio",27,"4",110,108,112,108,2860,2866,2,0,2,6
"22100094","CHA","Cody Martin, Kelly Oubre Jr., Miles Bridges, P.J. Washington, Terry Rozier",28,"4",110,113,110,113,2879,2880,0,0,0,1
"22100094","CLE","Darius Garland, Evan Mobley, Jarrett Allen, Lauri Markkanen, Ricky Rubio",28,"4",112,108,112,108,2866,2866,0,0,0,0
"22100094","CLE","Cedi Osman, Darius Garland, Evan Mobley, Jarrett Allen, Lauri Markkanen",29,"4",112,108,113,110,2866,2880,1,2,-1,14
"22100095","IND","Caris LeVert, Chris Duarte, Domantas Sabonis, Myles Turner, T.J. McConnell",0,"1",0,0,17,13,0,322,17,13,4,322
"22100095","SAS","Dejounte Murray, Derrick White, Jakob Poeltl, Keldon Johnson, Lonnie Walker IV",0,"1",0,0,13,19,0,358,13,19,-6,358
"22100095","IND","Caris LeVert, Chris Duarte, Domantas Sabonis, Justin Holiday, Myles Turner",1,"1",17,13,17,13,322,322,0,0,0,0
"22100095","SAS","Dejounte Murray, Derrick White, Devin Vassell, Jakob Poeltl, Keldon Johnson",1,"1",13,19,13,19,358,358,0,0,0,0
"22100095","IND","Chris Duarte, Domantas Sabonis, Justin Holiday, Myles Turner, Torrey Craig",2,"1",17,13,17,13,322,322,0,0,0,0
"22100095","SAS","Bryn Forbes, Dejounte Murray, Devin Vassell, Jakob Poeltl, Keldon Johnson",2,"1",13,19,13,25,358,400,0,6,-6,42
"22100095","IND","Brad Wanamaker, Chris Duarte, Justin Holiday, Myles Turner, Torrey Craig",3,"1",17,13,33,24,322,546,16,11,5,224
"22100095","SAS","Bryn Forbes, Dejounte Murray, Devin Vassell, Drew Eubanks, Keldon Johnson",3,"1",13,25,19,27,400,481,6,2,4,81
"22100095","IND","Brad Wanamaker, Justin Holiday, Kelan Martin, Myles Turner, Torrey Craig",4,"1",33,24,33,24,546,546,0,0,0,0
"22100095","SAS","Bryn Forbes, Dejounte Murray, Devin Vassell, Drew Eubanks, Keita Bates-Diop",4,"1",19,27,28,38,481,615,9,11,-2,134
"22100095","IND","Justin Holiday, Kelan Martin, Myles Turner, T.J. McConnell, Torrey Craig",5,"1",33,24,33,24,546,546,0,0,0,0
"22100095","SAS","Bryn Forbes, Derrick White, Devin Vassell, Drew Eubanks, Keita Bates-Diop",5,"1",28,38,33,43,615,720,5,5,0,105
"22100095","IND","Domantas Sabonis, Justin Holiday, Kelan Martin, T.J. McConnell, Torrey Craig",6,"1",33,24,38,28,546,615,5,4,1,69
"22100095","SAS","Bryn Forbes, Derrick White, Jakob Poeltl, Keita Bates-Diop, Tre Jones",6,"2",33,43,35,45,720,831,2,2,0,111
"22100095","IND","Brad Wanamaker, Domantas Sabonis, Justin Holiday, Kelan Martin, Torrey Craig",7,"1",38,28,43,33,615,720,5,5,0,105
"22100095","SAS","Derrick White, Jakob Poeltl, Keita Bates-Diop, Lonnie Walker IV, Tre Jones",7,"2",35,45,42,51,831,960,7,6,1,129
"22100095","IND","Brad Wanamaker, Caris LeVert, Domantas Sabonis, Kelan Martin, Torrey Craig",8,"2",43,33,45,37,720,840,2,4,-2,120
"22100095","SAS","Derrick White, Jakob Poeltl, Keita Bates-Diop, Keldon Johnson, Tre Jones",8,"2",42,51,42,51,960,960,0,0,0,0
"22100095","IND","Brad Wanamaker, Caris LeVert, Domantas Sabonis, Justin Holiday, Kelan Martin",9,"2",45,37,45,37,840,840,0,0,0,0
"22100095","SAS","Dejounte Murray, Derrick White, Jakob Poeltl, Keldon Johnson, Tre Jones",9,"2",42,51,42,51,960,960,0,0,0,0
"22100095","IND","Brad Wanamaker, Caris LeVert, Domantas Sabonis, Goga Bitadze, Justin Holiday",10,"2",45,37,48,41,840,914,3,4,-1,74
"22100095","SAS","Bryn Forbes, Dejounte Murray, Derrick White, Jakob Poeltl, Keldon Johnson",10,"2",42,51,42,53,960,1002,0,2,-2,42
"22100095","IND","Caris LeVert, Domantas Sabonis, Goga Bitadze, Justin Holiday, T.J. McConnell",11,"2",48,41,53,42,914,1002,5,1,4,88
"22100095","SAS","Bryn Forbes, Dejounte Murray, Devin Vassell, Jakob Poeltl, Keldon Johnson",11,"2",42,53,51,64,1002,1172,9,11,-2,170
"22100095","IND","Chris Duarte, Domantas Sabonis, Goga Bitadze, Justin Holiday, T.J. McConnell",12,"2",53,42,64,51,1002,1172,11,9,2,170
"22100095","SAS","Bryn Forbes, Derrick White, Devin Vassell, Jakob Poeltl, Keldon Johnson",12,"2",51,64,51,64,1172,1172,0,0,0,0
"22100095","IND","Chris Duarte, Goga Bitadze, Justin Holiday, T.J. McConnell, Torrey Craig",13,"2",64,51,64,51,1172,1172,0,0,0,0
"22100095","SAS","Derrick White, Devin Vassell, Jakob Poeltl, Keldon Johnson, Thaddeus Young",13,"2",51,64,51,64,1172,1172,0,0,0,0
"22100095","IND","Chris Duarte, Justin Holiday, Myles Turner, T.J. McConnell, Torrey Craig",14,"2",64,51,67,51,1172,1208,3,0,3,36
"22100095","SAS","Derrick White, Devin Vassell, Keldon Johnson, Thaddeus Young, Tre Jones",14,"2",51,64,54,71,1172,1301,3,7,-4,129
"22100095","IND","Brad Wanamaker, Chris Duarte, Justin Holiday, Myles Turner, Torrey Craig",15,"2",67,51,71,54,1208,1301,4,3,1,93
"22100095","SAS","Dejounte Murray, Derrick White, Devin Vassell, Keldon Johnson, Thaddeus Young",15,"2",54,71,56,75,1301,1431,2,4,-2,130
"22100095","IND","Brad Wanamaker, Caris LeVert, Justin Holiday, Myles Turner, Torrey Craig",16,"2",71,54,71,54,1301,1301,0,0,0,0
"22100095","SAS","Bryn Forbes, Dejounte Murray, Derrick White, Devin Vassell, Thaddeus Young",16,"2",56,75,56,75,1431,1435,0,0,0,4
"22100095","IND","Brad Wanamaker, Caris LeVert, Domantas Sabonis, Justin Holiday, Myles Turner",17,"2",71,54,71,54,1301,1342,0,0,0,41
"22100095","SAS","Dejounte Murray, Derrick White, Devin Vassell, Keldon Johnson, Thaddeus Young",17,"2",56,75,56,75,1435,1435,0,0,0,0
"22100095","IND","Brad Wanamaker, Caris LeVert, Domantas Sabonis, Myles Turner, Torrey Craig",18,"2",71,54,75,56,1342,1431,4,2,2,89
"22100095","SAS","Dejounte Murray, Derrick White, Devin Vassell, Jakob Poeltl, Keldon Johnson",18,"2",56,75,56,78,1435,1440,0,3,-3,5
"22100095","IND","Brad Wanamaker, Caris LeVert, Kelan Martin, Myles Turner, Torrey Craig",19,"2",75,56,75,56,1431,1431,0,0,0,0
"22100095","SAS","Dejounte Murray, Derrick White, Jakob Poeltl, Keldon Johnson, Lonnie Walker IV",19,"3",56,78,75,100,1440,1869,19,22,-3,429
"22100095","IND","Brad Wanamaker, Duane Washington Jr., Kelan Martin, Myles Turner, Torrey Craig",20,"2",75,56,75,56,1431,1435,0,0,0,4
"22100095","SAS","Dejounte Murray, Derrick White, Devin Vassell, Jakob Poeltl, Keldon Johnson",20,"3",75,100,75,100,1869,1869,0,0,0,0
"22100095","IND","Duane Washington Jr., Justin Holiday, Kelan Martin, Myles Turner, Torrey Craig",21,"2",75,56,75,56,1435,1435,0,0,0,0
"22100095","SAS","Dejounte Murray, Derrick White, Devin Vassell, Jakob Poeltl, Keita Bates-Diop",21,"3",75,100,75,100,1869,1869,0,0,0,0
"22100095","IND","Caris LeVert, Justin Holiday, Kelan Martin, Myles Turner, Torrey Craig",22,"2",75,56,75,56,1435,1435,0,0,0,0
"22100095","SAS","Bryn Forbes, Dejounte Murray, Devin Vassell, Jakob Poeltl, Keita Bates-Diop",22,"3",75,100,75,100,1869,1904,0,0,0,35
"22100095","IND","Caris LeVert, Domantas Sabonis, Justin Holiday, Kelan Martin, Myles Turner",23,"2",75,56,75,56,1435,1435,0,0,0,0
"22100095","SAS","Bryn Forbes, Dejounte Murray, Devin Vassell, Keita Bates-Diop, Thaddeus Young",23,"3",75,100,80,102,1904,2050,5,2,3,146
"22100095","IND","Caris LeVert, Chris Duarte, Domantas Sabonis, Justin Holiday, Myles Turner",24,"2",75,56,78,56,1435,1440,3,0,3,5
"22100095","SAS","Bryn Forbes, Derrick White, Devin Vassell, Keita Bates-Diop, Thaddeus Young",24,"3",80,102,83,109,2050,2160,3,7,-4,110
"22100095","IND","Caris LeVert, Chris Duarte, Domantas Sabonis, Myles Turner, T.J. McConnell",25,"3",78,56,88,65,1440,1726,10,9,1,286
"22100095","SAS","Derrick White, Devin Vassell, Keita Bates-Diop, Thaddeus Young, Tre Jones",25,"4",83,109,83,109,2160,2200,0,0,0,40
"22100095","IND","Chris Duarte, Domantas Sabonis, Justin Holiday, Myles Turner, T.J. McConnell",26,"3",88,65,100,75,1726,1869,12,10,2,143
"22100095","SAS","Devin Vassell, Keita Bates-Diop, Lonnie Walker IV, Thaddeus Young, Tre Jones",26,"4",83,109,88,113,2200,2383,5,4,1,183
"22100095","IND","Chris Duarte, Justin Holiday, Myles Turner, T.J. McConnell, Torrey Craig",27,"3",100,75,100,80,1869,1991,0,5,-5,122
"22100095","SAS","Bryn Forbes, Keita Bates-Diop, Lonnie Walker IV, Thaddeus Young, Tre Jones",27,"4",88,113,99,119,2383,2560,11,6,5,177
"22100095","IND","Caris LeVert, Justin Holiday, Myles Turner, T.J. McConnell, Torrey Craig",28,"3",100,80,102,80,1991,2050,2,0,2,59
"22100095","SAS","Bryn Forbes, Devin Vassell, Keita Bates-Diop, Lonnie Walker IV, Tre Jones",28,"4",99,119,99,119,2560,2560,0,0,0,0
"22100095","IND","Brad Wanamaker, Caris LeVert, Myles Turner, T.J. McConnell, Torrey Craig",29,"3",102,80,102,80,2050,2050,0,0,0,0
"22100095","SAS","Devin Vassell, Jock Landale, Keita Bates-Diop, Lonnie Walker IV, Tre Jones",29,"4",99,119,118,131,2560,2880,19,12,7,320
"22100095","IND","Brad Wanamaker, Caris LeVert, Domantas Sabonis, Myles Turner, Torrey Craig",30,"3",102,80,103,81,2050,2083,1,1,0,33
"22100095","IND","Brad Wanamaker, Caris LeVert, Domantas Sabonis, Justin Holiday, Torrey Craig",31,"3",103,81,109,83,2083,2160,6,2,4,77
"22100095","IND","Brad Wanamaker, Caris LeVert, Domantas Sabonis, Justin Holiday, Torrey Craig",31,"4",109,83,113,88,2160,2383,4,5,-1,223
"22100095","IND","Brad Wanamaker, Caris LeVert, Chris Duarte, Domantas Sabonis, Torrey Craig",32,"4",113,88,113,88,2383,2383,0,0,0,0
"22100095","IND","Caris LeVert, Chris Duarte, Domantas Sabonis, T.J. McConnell, Torrey Craig",33,"4",113,88,113,88,2383,2383,0,0,0,0
"22100095","IND","Chris Duarte, Domantas Sabonis, Kelan Martin, T.J. McConnell, Torrey Craig",34,"4",113,88,124,103,2383,2675,11,15,-4,292
"22100095","IND","Domantas Sabonis, Goga Bitadze, Kelan Martin, T.J. McConnell, Torrey Craig",35,"4",124,103,124,103,2675,2675,0,0,0,0
"22100095","IND","Brad Wanamaker, Domantas Sabonis, Goga Bitadze, Kelan Martin, Torrey Craig",36,"4",124,103,124,103,2675,2675,0,0,0,0
"22100095","IND","Brad Wanamaker, Duane Washington Jr., Goga Bitadze, Kelan Martin, Torrey Craig",37,"4",124,103,124,103,2675,2675,0,0,0,0
"22100095","IND","Brad Wanamaker, Duane Washington Jr., Goga Bitadze, Kelan Martin, Oshae Brissett",38,"4",124,103,131,118,2675,2880,7,15,-8,205
"22100096","PHI","Andre Drummond, Danny Green, Furkan Korkmaz, Seth Curry, Tyrese Maxey",0,"1",0,0,19,13,0,459,19,13,6,459
"22100096","POR","CJ McCollum, Damian Lillard, Jusuf Nurkic, Norman Powell, Robert Covington",0,"1",0,0,11,17,0,361,11,17,-6,361
"22100096","PHI","Andre Drummond, Furkan Korkmaz, Georges Niang, Seth Curry, Tyrese Maxey",1,"1",19,13,19,16,459,506,0,3,-3,47
"22100096","POR","CJ McCollum, Damian Lillard, Jusuf Nurkic, Nassir Little, Robert Covington",1,"1",11,17,11,17,361,361,0,0,0,0
"22100096","PHI","Andre Drummond, Furkan Korkmaz, Georges Niang, Seth Curry, Shake Milton",2,"1",19,16,21,18,506,590,2,2,0,84
"22100096","POR","CJ McCollum, Cody Zeller, Damian Lillard, Nassir Little, Robert Covington",2,"1",11,17,11,17,361,361,0,0,0,0
"22100096","PHI","Andre Drummond, Georges Niang, Matisse Thybulle, Seth Curry, Shake Milton",3,"1",21,18,25,21,590,692,4,3,1,102
"22100096","POR","Anfernee Simons, Cody Zeller, Damian Lillard, Nassir Little, Robert Covington",3,"1",11,17,13,19,361,459,2,2,0,98
"22100096","PHI","Georges Niang, Isaiah Joe, Matisse Thybulle, Seth Curry, Shake Milton",4,"1",25,21,25,21,692,692,0,0,0,0
"22100096","POR","Anfernee Simons, Cody Zeller, Damian Lillard, Larry Nance Jr., Nassir Little",4,"1",13,19,18,21,459,590,5,2,3,131
"22100096","PHI","Georges Niang, Isaiah Joe, Matisse Thybulle, Paul Reed, Shake Milton",5,"1",25,21,27,21,692,720,2,0,2,28
"22100096","PHI","Georges Niang, Isaiah Joe, Matisse Thybulle, Paul Reed, Shake Milton",5,"2",27,21,41,36,720,1061,14,15,-1,341
"22100096","POR","Anfernee Simons, CJ McCollum, Cody Zeller, Larry Nance Jr., Nassir Little",5,"1",18,21,21,27,590,720,3,6,-3,130
"22100096","PHI","Georges Niang, Matisse Thybulle, Paul Reed, Shake Milton, Tyrese Maxey",6,"2",41,36,41,36,1061,1061,0,0,0,0
"22100096","POR","Anfernee Simons, CJ McCollum, Larry Nance Jr., Nassir Little, Tony Snell",6,"2",21,27,27,34,720,932,6,7,-1,212
"22100096","PHI","Andre Drummond, Matisse Thybulle, Paul Reed, Shake Milton, Tyrese Maxey",7,"2",41,36,41,36,1061,1061,0,0,0,0
"22100096","POR","Anfernee Simons, CJ McCollum, Larry Nance Jr., Norman Powell, Tony Snell",7,"2",27,34,27,34,932,946,0,0,0,14
"22100096","PHI","Andre Drummond, Matisse Thybulle, Seth Curry, Shake Milton, Tyrese Maxey",8,"2",41,36,43,39,1061,1111,2,3,-1,50
"22100096","POR","Anfernee Simons, CJ McCollum, Jusuf Nurkic, Norman Powell, Tony Snell",8,"2",27,34,30,34,946,965,3,0,3,19
"22100096","PHI","Andre Drummond, Danny Green, Matisse Thybulle, Seth Curry, Tyrese Maxey",9,"2",43,39,43,39,1111,1111,0,0,0,0
"22100096","POR","CJ McCollum, Damian Lillard, Jusuf Nurkic, Norman Powell, Tony Snell",9,"2",30,34,34,39,965,1015,4,5,-1,50
"22100096","PHI","Andre Drummond, Danny Green, Furkan Korkmaz, Seth Curry, Tyrese Maxey",10,"2",43,39,52,50,1111,1353,9,11,-2,242
"22100096","POR","CJ McCollum, Damian Lillard, Jusuf Nurkic, Norman Powell, Robert Covington",10,"2",34,39,46,50,1015,1270,12,11,1,255
"22100096","PHI","Andre Drummond, Danny Green, Furkan Korkmaz, Georges Niang, Seth Curry",11,"2",52,50,52,50,1353,1353,0,0,0,0
"22100096","POR","Anfernee Simons, Damian Lillard, Jusuf Nurkic, Norman Powell, Robert Covington",11,"2",46,50,53,54,1270,1440,7,4,3,170
"22100096","PHI","Andre Drummond, Danny Green, Georges Niang, Seth Curry, Shake Milton",12,"2",52,50,54,53,1353,1440,2,3,-1,87
"22100096","POR","CJ McCollum, Damian Lillard, Jusuf Nurkic, Norman Powell, Robert Covington",12,"3",53,54,62,67,1440,1698,9,13,-4,258
"22100096","PHI","Andre Drummond, Danny Green, Furkan Korkmaz, Seth Curry, Tyrese Maxey",13,"3",54,53,67,62,1440,1698,13,9,4,258
"22100096","POR","CJ McCollum, Damian Lillard, Jusuf Nurkic, Nassir Little, Norman Powell",13,"3",62,67,70,75,1698,1864,8,8,0,166
"22100096","PHI","Andre Drummond, Danny Green, Georges Niang, Seth Curry, Tyrese Maxey",14,"3",67,62,72,69,1698,1793,5,7,-2,95
"22100096","POR","CJ McCollum, Cody Zeller, Damian Lillard, Nassir Little, Norman Powell",14,"3",70,75,70,78,1864,1894,0,3,-3,30
"22100096","PHI","Andre Drummond, Georges Niang, Matisse Thybulle, Seth Curry, Tyrese Maxey",15,"3",72,69,80,72,1793,1962,8,3,5,169
"22100096","POR","Anfernee Simons, Cody Zeller, Damian Lillard, Nassir Little, Norman Powell",15,"3",70,78,70,80,1894,1905,0,2,-2,11
"22100096","PHI","Andre Drummond, Georges Niang, Matisse Thybulle, Seth Curry, Shake Milton",16,"3",80,72,82,74,1962,2000,2,2,0,38
"22100096","POR","Anfernee Simons, Cody Zeller, Damian Lillard, Larry Nance Jr., Nassir Little",16,"3",70,80,74,82,1905,2000,4,2,2,95
"22100096","PHI","Andre Drummond, Georges Niang, Isaiah Joe, Matisse Thybulle, Shake Milton",17,"3",82,74,86,74,2000,2061,4,0,4,61
"22100096","POR","Anfernee Simons, CJ McCollum, Cody Zeller, Larry Nance Jr., Nassir Little",17,"3",74,82,81,86,2000,2160,7,4,3,160
"22100096","PHI","Georges Niang, Isaiah Joe, Matisse Thybulle, Paul Reed, Shake Milton",18,"3",86,74,86,81,2061,2160,0,7,-7,99
"22100096","POR","Anfernee Simons, CJ McCollum, Larry Nance Jr., Nassir Little, Tony Snell",18,"4",81,86,88,91,2160,2350,7,5,2,190
"22100096","PHI","Furkan Korkmaz, Georges Niang, Matisse Thybulle, Paul Reed, Shake Milton",19,"4",86,81,89,86,2160,2256,3,5,-2,96
"22100096","POR","Anfernee Simons, CJ McCollum, Damian Lillard, Larry Nance Jr., Tony Snell",19,"4",88,91,90,97,2350,2453,2,6,-4,103
"22100096","PHI","Furkan Korkmaz, Georges Niang, Isaiah Joe, Matisse Thybulle, Shake Milton",20,"4",89,86,94,88,2256,2382,5,2,3,126
"22100096","POR","Anfernee Simons, CJ McCollum, Damian Lillard, Larry Nance Jr., Norman Powell",20,"4",90,97,90,100,2453,2476,0,3,-3,23
"22100096","PHI","Furkan Korkmaz, Georges Niang, Matisse Thybulle, Shake Milton, Tyrese Maxey",21,"4",94,88,97,90,2382,2453,3,2,1,71
"22100096","POR","Anfernee Simons, CJ McCollum, Damian Lillard, Jusuf Nurkic, Norman Powell",21,"4",90,100,103,113,2476,2880,13,13,0,404
"22100096","PHI","Furkan Korkmaz, Georges Niang, Matisse Thybulle, Seth Curry, Tyrese Maxey",22,"4",97,90,102,96,2453,2558,5,6,-1,105
"22100096","PHI","Andre Drummond, Georges Niang, Matisse Thybulle, Seth Curry, Tyrese Maxey",23,"4",102,96,113,103,2558,2880,11,7,4,322
"22100097","ATL","Bogdan Bogdanovic, Clint Capela, De'Andre Hunter, John Collins, Trae Young",0,"1",0,0,11,16,0,346,11,16,-5,346
"22100097","WAS","Bradley Beal, Daniel Gafford, Kentavious Caldwell-Pope, Kyle Kuzma, Spencer Dinwiddie",0,"1",0,0,11,11,0,302,11,11,0,302
"22100097","ATL","Bogdan Bogdanovic, Cam Reddish, Clint Capela, John Collins, Trae Young",1,"1",11,16,20,21,346,487,9,5,4,141
"22100097","WAS","Bradley Beal, Daniel Gafford, Kentavious Caldwell-Pope, Kyle Kuzma, Raul Neto",1,"1",11,11,11,11,302,302,0,0,0,0
"22100097","ATL","Bogdan Bogdanovic, Cam Reddish, Danilo Gallinari, John Collins, Trae Young",2,"1",20,21,20,21,487,487,0,0,0,0
"22100097","WAS","Bradley Beal, Kentavious Caldwell-Pope, Kyle Kuzma, Montrezl Harrell, Raul Neto",2,"1",11,11,18,20,302,465,7,9,-2,163
"22100097","ATL","Bogdan Bogdanovic, Cam Reddish, Danilo Gallinari, Gorgui Dieng, Trae Young",3,"1",20,21,32,21,487,648,12,0,12,161
"22100097","WAS","Bradley Beal, Deni Avdija, Kyle Kuzma, Montrezl Harrell, Raul Neto",3,"1",18,20,21,20,465,487,3,0,3,22
"22100097","ATL","Cam Reddish, Danilo Gallinari, Gorgui Dieng, Lou Williams, Trae Young",4,"1",32,21,32,21,648,660,0,0,0,12
"22100097","WAS","Bradley Beal, Davis Bertans, Deni Avdija, Montrezl Harrell, Raul Neto",4,"1",21,20,21,32,487,648,0,12,-12,161
"22100097","ATL","Cam Reddish, Danilo Gallinari, Delon Wright, Gorgui Dieng, Lou Williams",5,"1",32,21,34,23,660,720,2,2,0,60
"22100097","ATL","Cam Reddish, Danilo Gallinari, Delon Wright, Gorgui Dieng, Lou Williams",5,"2",34,23,39,33,720,854,5,10,-5,134
"22100097","WAS","Davis Bertans, Deni Avdija, Montrezl Harrell, Raul Neto, Spencer Dinwiddie",5,"1",21,32,21,32,648,648,0,0,0,0
"22100097","ATL","Cam Reddish, Clint Capela, Danilo Gallinari, Delon Wright, Lou Williams",6,"2",39,33,44,38,854,989,5,5,0,135
"22100097","WAS","Aaron Holiday, Davis Bertans, Deni Avdija, Montrezl Harrell, Spencer Dinwiddie",6,"1",21,32,23,34,648,669,2,2,0,21
"22100097","ATL","Cam Reddish, Clint Capela, Danilo Gallinari, John Collins, Lou Williams",7,"2",44,38,44,38,989,989,0,0,0,0
"22100097","WAS","Aaron Holiday, Corey Kispert, Deni Avdija, Montrezl Harrell, Spencer Dinwiddie",7,"1",23,34,23,34,669,720,0,0,0,51
"22100097","ATL","Cam Reddish, Clint Capela, Danilo Gallinari, De'Andre Hunter, John Collins",8,"2",44,38,44,38,989,989,0,0,0,0
"22100097","WAS","Aaron Holiday, Corey Kispert, Daniel Gafford, Deni Avdija, Spencer Dinwiddie",8,"2",23,34,33,39,720,854,10,5,5,134
"22100097","ATL","Bogdan Bogdanovic, Cam Reddish, Clint Capela, De'Andre Hunter, John Collins",9,"2",44,38,44,38,989,989,0,0,0,0
"22100097","WAS","Aaron Holiday, Corey Kispert, Daniel Gafford, Kentavious Caldwell-Pope, Spencer Dinwiddie",9,"2",33,39,33,41,854,862,0,2,-2,8
"22100097","ATL","Bogdan Bogdanovic, Clint Capela, De'Andre Hunter, John Collins, Trae Young",10,"2",44,38,63,58,989,1405,19,20,-1,416
"22100097","WAS","Aaron Holiday, Corey Kispert, Kentavious Caldwell-Pope, Montrezl Harrell, Spencer Dinwiddie",10,"2",33,41,38,44,862,965,5,3,2,103
"22100097","ATL","Bogdan Bogdanovic, Cam Reddish, Clint Capela, John Collins, Trae Young",11,"2",63,58,63,60,1405,1440,0,2,-2,35
"22100097","WAS","Corey Kispert, Kentavious Caldwell-Pope, Kyle Kuzma, Montrezl Harrell, Spencer Dinwiddie",11,"2",38,44,38,44,965,965,0,0,0,0
"22100097","ATL","Bogdan Bogdanovic, Clint Capela, De'Andre Hunter, John Collins, Trae Young",12,"3",63,60,80,66,1440,1879,17,6,11,439
"22100097","WAS","Kentavious Caldwell-Pope, Kyle Kuzma, Montrezl Harrell, Raul Neto, Spencer Dinwiddie",12,"2",38,44,38,44,965,965,0,0,0,0
"22100097","ATL","Bogdan Bogdanovic, Clint Capela, Danilo Gallinari, De'Andre Hunter, Trae Young",13,"3",80,66,82,68,1879,1936,2,2,0,57
"22100097","WAS","Bradley Beal, Kentavious Caldwell-Pope, Kyle Kuzma, Montrezl Harrell, Raul Neto",13,"2",38,44,42,50,965,1153,4,6,-2,188
"22100097","ATL","Bogdan Bogdanovic, Cam Reddish, Clint Capela, Danilo Gallinari, Trae Young",14,"3",82,68,82,68,1936,1936,0,0,0,0
"22100097","WAS","Bradley Beal, Deni Avdija, Kyle Kuzma, Montrezl Harrell, Raul Neto",14,"2",42,50,51,56,1153,1287,9,6,3,134
"22100097","ATL","Bogdan Bogdanovic, Cam Reddish, Danilo Gallinari, Gorgui Dieng, Trae Young",15,"3",82,68,82,68,1936,1988,0,0,0,52
"22100097","WAS","Bradley Beal, Deni Avdija, Kyle Kuzma, Montrezl Harrell, Spencer Dinwiddie",15,"2",51,56,55,61,1287,1350,4,5,-1,63
"22100097","ATL","Bogdan Bogdanovic, Cam Reddish, Danilo Gallinari, Delon Wright, Gorgui Dieng",16,"3",82,68,82,68,1988,1988,0,0,0,0
"22100097","WAS","Bradley Beal, Kentavious Caldwell-Pope, Kyle Kuzma, Montrezl Harrell, Spencer Dinwiddie",16,"2",55,61,60,63,1350,1440,5,2,3,90
"22100097","ATL","Cam Reddish, Danilo Gallinari, Delon Wright, Gorgui Dieng, Lou Williams",17,"3",82,68,84,77,1988,2160,2,9,-7,172
"22100097","WAS","Bradley Beal, Daniel Gafford, Kentavious Caldwell-Pope, Kyle Kuzma, Spencer Dinwiddie",17,"3",60,63,60,67,1440,1590,0,4,-4,150
"22100097","ATL","Cam Reddish, Clint Capela, Danilo Gallinari, Delon Wright, Lou Williams",18,"4",84,77,96,89,2160,2376,12,12,0,216
"22100097","WAS","Bradley Beal, Kentavious Caldwell-Pope, Kyle Kuzma, Montrezl Harrell, Spencer Dinwiddie",18,"3",60,67,63,75,1590,1775,3,8,-5,185
"22100097","ATL","Cam Reddish, Clint Capela, Danilo Gallinari, Lou Williams, Trae Young",19,"4",96,89,96,89,2376,2376,0,0,0,0
"22100097","WAS","Bradley Beal, Kentavious Caldwell-Pope, Kyle Kuzma, Montrezl Harrell, Raul Neto",19,"3",63,75,63,80,1775,1835,0,5,-5,60
"22100097","ATL","Bogdan Bogdanovic, Cam Reddish, Clint Capela, Danilo Gallinari, Trae Young",20,"4",96,89,96,89,2376,2376,0,0,0,0
"22100097","WAS","Bradley Beal, Deni Avdija, Kyle Kuzma, Montrezl Harrell, Raul Neto",20,"3",63,80,68,82,1835,1936,5,2,3,101
"22100097","ATL","Bogdan Bogdanovic, Cam Reddish, Clint Capela, John Collins, Trae Young",21,"4",96,89,101,94,2376,2510,5,5,0,134
"22100097","WAS","Bradley Beal, Corey Kispert, Deni Avdija, Montrezl Harrell, Raul Neto",21,"3",68,82,68,82,1936,1988,0,0,0,52
"22100097","ATL","Bogdan Bogdanovic, Cam Reddish, De'Andre Hunter, John Collins, Trae Young",22,"4",101,94,110,102,2510,2793,9,8,1,283
"22100097","WAS","Corey Kispert, Deni Avdija, Montrezl Harrell, Raul Neto, Spencer Dinwiddie",22,"3",68,82,68,82,1988,1988,0,0,0,0
"22100097","ATL","Cam Reddish, De'Andre Hunter, John Collins, Lou Williams, Trae Young",23,"4",110,102,112,102,2793,2801,2,0,2,8
"22100097","WAS","Aaron Holiday, Corey Kispert, Deni Avdija, Montrezl Harrell, Spencer Dinwiddie",23,"3",68,82,77,84,1988,2160,9,2,7,172
"22100097","WAS","Aaron Holiday, Corey Kispert, Deni Avdija, Montrezl Harrell, Spencer Dinwiddie",23,"4",77,84,87,94,2160,2321,10,10,0,161
"22100097","ATL","Cam Reddish, Clint Capela, De'Andre Hunter, John Collins, Trae Young",24,"4",112,102,112,105,2801,2807,0,3,-3,6
"22100097","WAS","Aaron Holiday, Deni Avdija, Kentavious Caldwell-Pope, Montrezl Harrell, Spencer Dinwiddie",24,"4",87,94,87,94,2321,2321,0,0,0,0
"22100097","ATL","Cam Reddish, De'Andre Hunter, John Collins, Lou Williams, Trae Young",25,"4",112,105,114,105,2807,2823,2,0,2,16
"22100097","WAS","Aaron Holiday, Kentavious Caldwell-Pope, Kyle Kuzma, Montrezl Harrell, Spencer Dinwiddie",25,"4",87,94,89,96,2321,2376,2,2,0,55
"22100097","ATL","Cam Reddish, Clint Capela, De'Andre Hunter, John Collins, Trae Young",26,"4",114,105,118,111,2823,2880,4,6,-2,57
"22100097","WAS","Aaron Holiday, Kentavious Caldwell-Pope, Kyle Kuzma, Raul Neto, Spencer Dinwiddie",26,"4",89,96,89,96,2376,2376,0,0,0,0
"22100097","WAS","Aaron Holiday, Daniel Gafford, Kentavious Caldwell-Pope, Kyle Kuzma, Raul Neto",27,"4",89,96,94,101,2376,2496,5,5,0,120
"22100097","WAS","Bradley Beal, Daniel Gafford, Kentavious Caldwell-Pope, Kyle Kuzma, Raul Neto",28,"4",94,101,94,108,2496,2653,0,7,-7,157
"22100097","WAS","Bradley Beal, Daniel Gafford, Kentavious Caldwell-Pope, Kyle Kuzma, Spencer Dinwiddie",29,"4",94,108,94,108,2653,2653,0,0,0,0
"22100097","WAS","Bradley Beal, Kentavious Caldwell-Pope, Kyle Kuzma, Montrezl Harrell, Spencer Dinwiddie",30,"4",94,108,111,118,2653,2880,17,10,7,227
"22100098","BOS","Al Horford, Jaylen Brown, Jayson Tatum, Marcus Smart, Robert Williams III",0,"1",0,0,13,20,0,302,13,20,-7,302
"22100098","CHI","DeMar DeRozan, Javonte Green, Lonzo Ball, Nikola Vucevic, Zach LaVine",0,"1",0,0,24,23,0,446,24,23,1,446
"22100098","BOS","Jaylen Brown, Jayson Tatum, Josh Richardson, Marcus Smart, Robert Williams III",1,"1",13,20,17,20,302,328,4,0,4,26
"22100098","CHI","Ayo Dosunmu, DeMar DeRozan, Javonte Green, Nikola Vucevic, Zach LaVine",1,"1",24,23,24,23,446,446,0,0,0,0
"22100098","BOS","Dennis Schroder, Jaylen Brown, Josh Richardson, Marcus Smart, Robert Williams III",2,"1",17,20,23,24,328,446,6,4,2,118
"22100098","CHI","Ayo Dosunmu, Derrick Jones Jr., Javonte Green, Nikola Vucevic, Zach LaVine",2,"1",24,23,24,23,446,446,0,0,0,0
"22100098","BOS","Dennis Schroder, Jayson Tatum, Josh Richardson, Marcus Smart, Robert Williams III",3,"1",23,24,23,26,446,498,0,2,-2,52
"22100098","CHI","Alex Caruso, Ayo Dosunmu, Derrick Jones Jr., Nikola Vucevic, Zach LaVine",3,"1",24,23,29,31,446,605,5,8,-3,159
"22100098","BOS","Al Horford, Dennis Schroder, Jayson Tatum, Josh Richardson, Robert Williams III",4,"1",23,26,23,26,498,498,0,0,0,0
"22100098","CHI","Alex Caruso, Ayo Dosunmu, Derrick Jones Jr., Nikola Vucevic, Tony Bradley",4,"1",29,31,29,31,605,605,0,0,0,0
"22100098","BOS","Al Horford, Dennis Schroder, Jayson Tatum, Josh Richardson, Romeo Langford",5,"1",23,26,35,31,498,691,12,5,7,193
"22100098","CHI","Alex Caruso, Ayo Dosunmu, DeMar DeRozan, Derrick Jones Jr., Tony Bradley",5,"1",29,31,31,35,605,691,2,4,-2,86
"22100098","BOS","Dennis Schroder, Jayson Tatum, Josh Richardson, Marcus Smart, Romeo Langford",6,"1",35,31,35,34,691,702,0,3,-3,11
"22100098","CHI","Alex Caruso, Ayo Dosunmu, DeMar DeRozan, Derrick Jones Jr., Javonte Green",6,"1",31,35,34,35,691,720,3,0,3,29
"22100098","BOS","Al Horford, Dennis Schroder, Jayson Tatum, Josh Richardson, Marcus Smart",7,"1",35,34,35,34,702,720,0,0,0,18
"22100098","CHI","Alex Caruso, Ayo Dosunmu, DeMar DeRozan, Derrick Jones Jr., Tony Bradley",7,"2",34,35,42,35,720,848,8,0,8,128
"22100098","BOS","Al Horford, Dennis Schroder, Grant Williams, Jayson Tatum, Romeo Langford",8,"2",35,34,35,42,720,848,0,8,-8,128
"22100098","CHI","Ayo Dosunmu, DeMar DeRozan, Derrick Jones Jr., Lonzo Ball, Tony Bradley",8,"2",42,35,46,45,848,1031,4,10,-6,183
"22100098","BOS","Dennis Schroder, Grant Williams, Jayson Tatum, Payton Pritchard, Romeo Langford",9,"2",35,42,35,42,848,848,0,0,0,0
"22100098","CHI","Ayo Dosunmu, DeMar DeRozan, Lonzo Ball, Tony Bradley, Zach LaVine",9,"2",46,45,46,45,1031,1031,0,0,0,0
"22100098","BOS","Grant Williams, Jayson Tatum, Payton Pritchard, Robert Williams III, Romeo Langford",10,"2",35,42,35,44,848,902,0,2,-2,54
"22100098","CHI","Ayo Dosunmu, Lonzo Ball, Nikola Vucevic, Tony Bradley, Zach LaVine",10,"2",46,45,46,45,1031,1031,0,0,0,0
"22100098","BOS","Grant Williams, Jaylen Brown, Payton Pritchard, Robert Williams III, Romeo Langford",11,"2",35,44,45,46,902,1031,10,2,8,129
"22100098","CHI","Ayo Dosunmu, Javonte Green, Lonzo Ball, Nikola Vucevic, Zach LaVine",11,"2",46,45,52,53,1031,1224,6,8,-2,193
"22100098","BOS","Grant Williams, Jaylen Brown, Marcus Smart, Payton Pritchard, Robert Williams III",12,"2",45,46,53,52,1031,1224,8,6,2,193
"22100098","CHI","Alex Caruso, Ayo Dosunmu, Javonte Green, Nikola Vucevic, Zach LaVine",12,"2",52,53,52,53,1224,1224,0,0,0,0
"22100098","BOS","Dennis Schroder, Grant Williams, Marcus Smart, Payton Pritchard, Robert Williams III",13,"2",53,52,53,52,1224,1224,0,0,0,0
"22100098","CHI","Alex Caruso, DeMar DeRozan, Javonte Green, Nikola Vucevic, Zach LaVine",13,"2",52,53,54,60,1224,1315,2,7,-5,91
"22100098","BOS","Al Horford, Dennis Schroder, Grant Williams, Marcus Smart, Robert Williams III",14,"2",53,52,53,52,1224,1224,0,0,0,0
"22100098","CHI","Alex Caruso, DeMar DeRozan, Lonzo Ball, Nikola Vucevic, Zach LaVine",14,"2",54,60,59,67,1315,1440,5,7,-2,125
"22100098","BOS","Al Horford, Dennis Schroder, Grant Williams, Jayson Tatum, Marcus Smart",15,"2",53,52,60,54,1224,1315,7,2,5,91
"22100098","CHI","DeMar DeRozan, Javonte Green, Lonzo Ball, Nikola Vucevic, Zach LaVine",15,"3",59,67,69,87,1440,1837,10,20,-10,397
"22100098","BOS","Al Horford, Dennis Schroder, Jaylen Brown, Jayson Tatum, Marcus Smart",16,"2",60,54,67,59,1315,1440,7,5,2,125
"22100098","CHI","Alex Caruso, DeMar DeRozan, Javonte Green, Lonzo Ball, Nikola Vucevic",16,"3",69,87,75,94,1837,1987,6,7,-1,150
"22100098","BOS","Al Horford, Jaylen Brown, Jayson Tatum, Marcus Smart, Robert Williams III",17,"3",67,59,82,67,1440,1760,15,8,7,320
"22100098","CHI","Alex Caruso, DeMar DeRozan, Javonte Green, Nikola Vucevic, Zach LaVine",17,"3",75,94,75,94,1987,1987,0,0,0,0
"22100098","BOS","Al Horford, Jaylen Brown, Jayson Tatum, Josh Richardson, Marcus Smart",18,"3",82,67,87,69,1760,1837,5,2,3,77
"22100098","CHI","Alex Caruso, Ayo Dosunmu, Javonte Green, Nikola Vucevic, Zach LaVine",18,"3",75,94,75,94,1987,1987,0,0,0,0
"22100098","BOS","Al Horford, Dennis Schroder, Jaylen Brown, Josh Richardson, Marcus Smart",19,"3",87,69,94,75,1837,1987,7,6,1,150
"22100098","CHI","Alex Caruso, Ayo Dosunmu, Derrick Jones Jr., Nikola Vucevic, Zach LaVine",19,"3",75,94,77,94,1987,1998,2,0,2,11
"22100098","BOS","Al Horford, Dennis Schroder, Josh Richardson, Marcus Smart, Robert Williams III",20,"3",94,75,94,75,1987,1987,0,0,0,0
"22100098","CHI","Alex Caruso, Ayo Dosunmu, Derrick Jones Jr., Tony Bradley, Zach LaVine",20,"3",77,94,87,103,1998,2137,10,9,1,139
"22100098","BOS","Al Horford, Dennis Schroder, Jayson Tatum, Josh Richardson, Robert Williams III",21,"3",94,75,94,75,1987,1987,0,0,0,0
"22100098","CHI","Alex Caruso, Ayo Dosunmu, Nikola Vucevic, Tony Bradley, Zach LaVine",21,"3",87,103,87,103,2137,2137,0,0,0,0
"22100098","BOS","Dennis Schroder, Jayson Tatum, Josh Richardson, Robert Williams III, Romeo Langford",22,"3",94,75,99,85,1987,2092,5,10,-5,105
"22100098","CHI","Alex Caruso, Ayo Dosunmu, DeMar DeRozan, Nikola Vucevic, Zach LaVine",22,"3",87,103,89,103,2137,2160,2,0,2,23
"22100098","BOS","Dennis Schroder, Jaylen Brown, Jayson Tatum, Josh Richardson, Robert Williams III",23,"3",99,85,99,85,2092,2092,0,0,0,0
"22100098","CHI","Alex Caruso, Ayo Dosunmu, Derrick Jones Jr., Tony Bradley, Zach LaVine",23,"4",89,103,101,105,2160,2401,12,2,10,241
"22100098","BOS","Al Horford, Dennis Schroder, Jaylen Brown, Jayson Tatum, Josh Richardson",24,"3",99,85,103,89,2092,2160,4,4,0,68
"22100098","CHI","Alex Caruso, Ayo Dosunmu, Derrick Jones Jr., Nikola Vucevic, Zach LaVine",24,"4",101,105,101,105,2401,2430,0,0,0,29
"22100098","BOS","Al Horford, Dennis Schroder, Grant Williams, Jayson Tatum, Josh Richardson",25,"4",103,89,103,91,2160,2251,0,2,-2,91
"22100098","CHI","Ayo Dosunmu, Derrick Jones Jr., Lonzo Ball, Nikola Vucevic, Zach LaVine",25,"4",101,105,108,110,2430,2518,7,5,2,88
"22100098","BOS","Dennis Schroder, Grant Williams, Jayson Tatum, Josh Richardson, Robert Williams III",26,"4",103,91,103,96,2251,2311,0,5,-5,60
"22100098","CHI","DeMar DeRozan, Derrick Jones Jr., Lonzo Ball, Nikola Vucevic, Zach LaVine",26,"4",108,110,118,112,2518,2694,10,2,8,176
"22100098","BOS","Dennis Schroder, Grant Williams, Jaylen Brown, Josh Richardson, Robert Williams III",27,"4",103,96,103,96,2311,2311,0,0,0,0
"22100098","CHI","Alex Caruso, DeMar DeRozan, Lonzo Ball, Nikola Vucevic, Zach LaVine",27,"4",118,112,128,114,2694,2880,10,2,8,186
"22100098","BOS","Dennis Schroder, Jaylen Brown, Josh Richardson, Marcus Smart, Robert Williams III",28,"4",103,96,103,99,2311,2364,0,3,-3,53
"22100098","BOS","Jaylen Brown, Jayson Tatum, Josh Richardson, Marcus Smart, Robert Williams III",29,"4",103,99,105,101,2364,2401,2,2,0,37
"22100098","BOS","Al Horford, Jaylen Brown, Jayson Tatum, Josh Richardson, Marcus Smart",30,"4",105,101,112,126,2401,2818,7,25,-18,417
"22100098","BOS","Al Horford, Jaylen Brown, Josh Richardson, Juancho Hernangomez, Marcus Smart",31,"4",112,126,112,126,2818,2818,0,0,0,0
"22100098","BOS","Al Horford, Bruno Fernando, Josh Richardson, Juancho Hernangomez, Marcus Smart",32,"4",112,126,112,126,2818,2818,0,0,0,0
"22100098","BOS","Aaron Nesmith, Al Horford, Bruno Fernando, Juancho Hernangomez, Marcus Smart",33,"4",112,126,112,126,2818,2818,0,0,0,0
"22100098","BOS","Aaron Nesmith, Al Horford, Bruno Fernando, Juancho Hernangomez, Payton Pritchard",34,"4",112,126,112,126,2818,2818,0,0,0,0
"22100098","BOS","Aaron Nesmith, Bruno Fernando, Juancho Hernangomez, Payton Pritchard, Romeo Langford",35,"4",112,126,114,128,2818,2880,2,2,0,62
"22100099","NYK","Evan Fournier, Julius Randle, Kemba Walker, Mitchell Robinson, RJ Barrett",0,"1",0,0,18,14,0,451,18,14,4,451
"22100099","TOR","Fred VanVleet, Gary Trent Jr., OG Anunoby, Precious Achiuwa, Svi Mykhailiuk",0,"1",0,0,14,18,0,451,14,18,-4,451
"22100099","NYK","Derrick Rose, Evan Fournier, Julius Randle, Mitchell Robinson, RJ Barrett",1,"1",18,14,18,14,451,451,0,0,0,0
"22100099","TOR","Fred VanVleet, Gary Trent Jr., Khem Birch, OG Anunoby, Svi Mykhailiuk",1,"1",14,18,14,18,451,451,0,0,0,0
"22100099","NYK","Derrick Rose, Evan Fournier, Julius Randle, RJ Barrett, Taj Gibson",2,"1",18,14,26,16,451,548,8,2,6,97
"22100099","TOR","Dalano Banton, Fred VanVleet, Gary Trent Jr., Khem Birch, OG Anunoby",2,"1",14,18,16,26,451,548,2,8,-6,97
"22100099","NYK","Alec Burks, Derrick Rose, Julius Randle, RJ Barrett, Taj Gibson",3,"1",26,16,31,22,548,636,5,6,-1,88
"22100099","TOR","Chris Boucher, Dalano Banton, Gary Trent Jr., Khem Birch, OG Anunoby",3,"1",16,26,26,34,548,720,10,8,2,172
"22100099","NYK","Alec Burks, Derrick Rose, Immanuel Quickley, Julius Randle, Taj Gibson",4,"1",31,22,34,26,636,720,3,4,-1,84
"22100099","TOR","Chris Boucher, Dalano Banton, Fred VanVleet, Khem Birch, Svi Mykhailiuk",4,"2",26,34,30,41,720,962,4,7,-3,242
"22100099","NYK","Alec Burks, Derrick Rose, Immanuel Quickley, Obi Toppin, Taj Gibson",5,"2",34,26,43,30,720,987,9,4,5,267
"22100099","TOR","Chris Boucher, Dalano Banton, Fred VanVleet, OG Anunoby, Svi Mykhailiuk",5,"2",30,41,30,41,962,962,0,0,0,0
"22100099","NYK","Alec Burks, Immanuel Quickley, Mitchell Robinson, Obi Toppin, Taj Gibson",6,"2",43,30,43,30,987,987,0,0,0,0
"22100099","TOR","Dalano Banton, Fred VanVleet, OG Anunoby, Precious Achiuwa, Svi Mykhailiuk",6,"2",30,41,30,41,962,962,0,0,0,0
"22100099","NYK","Alec Burks, Immanuel Quickley, Kemba Walker, Mitchell Robinson, Obi Toppin",7,"2",43,30,44,33,987,1022,1,3,-2,35
"22100099","TOR","Fred VanVleet, Gary Trent Jr., OG Anunoby, Precious Achiuwa, Svi Mykhailiuk",7,"2",30,41,35,46,962,1106,5,5,0,144
"22100099","NYK","Alec Burks, Kemba Walker, Mitchell Robinson, Obi Toppin, RJ Barrett",8,"2",44,33,44,33,1022,1022,0,0,0,0
"22100099","TOR","Gary Trent Jr., Malachi Flynn, OG Anunoby, Precious Achiuwa, Svi Mykhailiuk",8,"2",35,46,35,50,1106,1197,0,4,-4,91
"22100099","NYK","Evan Fournier, Kemba Walker, Mitchell Robinson, Obi Toppin, RJ Barrett",9,"2",44,33,46,33,1022,1067,2,0,2,45
"22100099","TOR","Gary Trent Jr., Khem Birch, Malachi Flynn, OG Anunoby, Svi Mykhailiuk",9,"2",35,50,38,50,1197,1239,3,0,3,42
"22100099","NYK","Evan Fournier, Julius Randle, Kemba Walker, Mitchell Robinson, RJ Barrett",10,"2",46,33,54,48,1067,1372,8,15,-7,305
"22100099","TOR","Gary Trent Jr., Justin Champagnie, Khem Birch, Malachi Flynn, OG Anunoby",10,"2",38,50,53,57,1239,1440,15,7,8,201
"22100099","NYK","Evan Fournier, Julius Randle, Kemba Walker, RJ Barrett, Taj Gibson",11,"2",54,48,57,53,1372,1440,3,5,-2,68
"22100099","TOR","Fred VanVleet, Gary Trent Jr., Khem Birch, OG Anunoby, Svi Mykhailiuk",11,"3",53,57,91,79,1440,2160,38,22,16,720
"22100099","NYK","Evan Fournier, Julius Randle, Kemba Walker, Mitchell Robinson, RJ Barrett",12,"3",57,53,72,77,1440,1854,15,24,-9,414
"22100099","TOR","Chris Boucher, Fred VanVleet, Gary Trent Jr., Malachi Flynn, Precious Achiuwa",12,"4",91,79,93,81,2160,2275,2,2,0,115
"22100099","NYK","Evan Fournier, Julius Randle, Kemba Walker, Obi Toppin, RJ Barrett",13,"3",72,77,74,85,1854,1943,2,8,-6,89
"22100099","TOR","Chris Boucher, Fred VanVleet, Justin Champagnie, Malachi Flynn, Precious Achiuwa",13,"4",93,81,93,84,2275,2337,0,3,-3,62
"22100099","NYK","Derrick Rose, Evan Fournier, Julius Randle, Obi Toppin, RJ Barrett",14,"3",74,85,75,85,1943,1984,1,0,1,41
"22100099","TOR","Chris Boucher, Justin Champagnie, Malachi Flynn, OG Anunoby, Precious Achiuwa",14,"4",93,84,93,84,2337,2337,0,0,0,0
"22100099","NYK","Alec Burks, Derrick Rose, Julius Randle, Obi Toppin, RJ Barrett",15,"3",75,85,77,91,1984,2106,2,6,-4,122
"22100099","TOR","Gary Trent Jr., Justin Champagnie, Malachi Flynn, OG Anunoby, Precious Achiuwa",15,"4",93,84,100,91,2337,2482,7,7,0,145
"22100099","NYK","Alec Burks, Derrick Rose, Immanuel Quickley, Julius Randle, Obi Toppin",16,"3",77,91,79,91,2106,2146,2,0,2,40
"22100099","TOR","Gary Trent Jr., Justin Champagnie, Khem Birch, OG Anunoby, Precious Achiuwa",16,"4",100,91,100,91,2482,2482,0,0,0,0
"22100099","NYK","Alec Burks, Derrick Rose, Immanuel Quickley, Jericho Sims, Obi Toppin",17,"3",79,91,79,91,2146,2160,0,0,0,14
"22100099","NYK","Alec Burks, Derrick Rose, Immanuel Quickley, Jericho Sims, Obi Toppin",17,"4",79,91,81,93,2160,2275,2,2,0,115
"22100099","TOR","Fred VanVleet, Gary Trent Jr., Justin Champagnie, Khem Birch, OG Anunoby",17,"4",100,91,100,91,2482,2482,0,0,0,0
"22100099","NYK","Alec Burks, Derrick Rose, Immanuel Quickley, Jericho Sims, RJ Barrett",18,"4",81,93,89,100,2275,2471,8,7,1,196
"22100099","TOR","Fred VanVleet, Gary Trent Jr., Khem Birch, OG Anunoby, Svi Mykhailiuk",18,"4",100,91,113,104,2482,2880,13,13,0,398
"22100099","NYK","Derrick Rose, Immanuel Quickley, Jericho Sims, Julius Randle, RJ Barrett",19,"4",89,100,89,100,2471,2471,0,0,0,0
"22100099","NYK","Derrick Rose, Immanuel Quickley, Julius Randle, Mitchell Robinson, RJ Barrett",20,"4",89,100,91,104,2471,2583,2,4,-2,112
"22100099","NYK","Immanuel Quickley, Julius Randle, Kemba Walker, Mitchell Robinson, RJ Barrett",21,"4",91,104,104,113,2583,2880,13,9,4,297
"22100100","DEN","Aaron Gordon, Michael Porter Jr., Monte Morris, Nikola Jokic, Will Barton",0,"1",0,0,14,21,0,440,14,21,-7,440
"22100100","MEM","De'Anthony Melton, Desmond Bane, Ja Morant, Jaren Jackson Jr., Steven Adams",0,"1",0,0,19,14,0,335,19,14,5,335
"22100100","DEN","Aaron Gordon, Jeff Green, Michael Porter Jr., Monte Morris, Nikola Jokic",1,"1",14,21,14,21,440,440,0,0,0,0
"22100100","MEM","De'Anthony Melton, Ja Morant, Jaren Jackson Jr., Steven Adams, Ziaire Williams",1,"1",19,14,21,14,335,440,2,0,2,105
"22100100","DEN","Aaron Gordon, Jeff Green, Michael Porter Jr., Nikola Jokic, P.J. Dozier",2,"1",14,21,14,21,440,440,0,0,0,0
"22100100","MEM","Ja Morant, Jaren Jackson Jr., Kyle Anderson, Steven Adams, Ziaire Williams",2,"1",21,14,21,14,440,440,0,0,0,0
"22100100","DEN","Facundo Campazzo, Jeff Green, Michael Porter Jr., Nikola Jokic, P.J. Dozier",3,"1",14,21,20,23,440,579,6,2,4,139
"22100100","MEM","Ja Morant, Kyle Anderson, Steven Adams, Tyus Jones, Ziaire Williams",3,"1",21,14,23,20,440,579,2,6,-4,139
"22100100","DEN","Facundo Campazzo, JaMychal Green, Jeff Green, Nikola Jokic, P.J. Dozier",4,"1",20,23,20,23,579,579,0,0,0,0
"22100100","MEM","Ja Morant, John Konchar, Kyle Anderson, Tyus Jones, Ziaire Williams",4,"1",23,20,23,20,579,579,0,0,0,0
"22100100","DEN","Facundo Campazzo, JaMychal Green, Jeff Green, P.J. Dozier, Will Barton",5,"1",20,23,26,31,579,720,6,8,-2,141
"22100100","DEN","Facundo Campazzo, JaMychal Green, Jeff Green, P.J. Dozier, Will Barton",5,"2",26,31,34,37,720,892,8,6,2,172
"22100100","MEM","John Konchar, Kyle Anderson, Tyus Jones, Xavier Tillman Sr., Ziaire Williams",5,"1",23,20,29,26,579,713,6,6,0,134
"22100100","DEN","Bones Hyland, Facundo Campazzo, JaMychal Green, Jeff Green, Will Barton",6,"2",34,37,36,43,892,941,2,6,-4,49
"22100100","MEM","Desmond Bane, John Konchar, Kyle Anderson, Tyus Jones, Xavier Tillman Sr.",6,"1",29,26,31,26,713,720,2,0,2,7
"22100100","MEM","Desmond Bane, John Konchar, Kyle Anderson, Tyus Jones, Xavier Tillman Sr.",6,"2",31,26,37,32,720,853,6,6,0,133
"22100100","DEN","Bones Hyland, Facundo Campazzo, JaMychal Green, Jeff Green, Michael Porter Jr.",7,"2",36,43,40,46,941,1059,4,3,1,118
"22100100","MEM","Desmond Bane, Jaren Jackson Jr., John Konchar, Tyus Jones, Xavier Tillman Sr.",7,"2",37,32,46,40,853,1059,9,8,1,206
"22100100","DEN","Bones Hyland, Facundo Campazzo, Jeff Green, Michael Porter Jr., Monte Morris",8,"2",40,46,40,46,1059,1059,0,0,0,0
"22100100","MEM","Desmond Bane, Jaren Jackson Jr., John Konchar, Xavier Tillman Sr., Ziaire Williams",8,"2",46,40,46,40,1059,1059,0,0,0,0
"22100100","DEN","Bones Hyland, Jeff Green, Michael Porter Jr., Monte Morris, Nikola Jokic",9,"2",40,46,40,46,1059,1059,0,0,0,0
"22100100","MEM","Desmond Bane, Ja Morant, Jaren Jackson Jr., Xavier Tillman Sr., Ziaire Williams",9,"2",46,40,52,48,1059,1191,6,8,-2,132
"22100100","DEN","Aaron Gordon, Bones Hyland, Michael Porter Jr., Monte Morris, Nikola Jokic",10,"2",40,46,48,52,1059,1191,8,6,2,132
"22100100","MEM","Desmond Bane, Ja Morant, Jaren Jackson Jr., Steven Adams, Ziaire Williams",10,"2",52,48,52,48,1191,1191,0,0,0,0
"22100100","DEN","Aaron Gordon, Michael Porter Jr., Monte Morris, Nikola Jokic, Will Barton",11,"2",48,52,58,60,1191,1440,10,8,2,249
"22100100","DEN","Aaron Gordon, Michael Porter Jr., Monte Morris, Nikola Jokic, Will Barton",11,"3",58,60,70,69,1440,1782,12,9,3,342
"22100100","MEM","De'Anthony Melton, Ja Morant, Jaren Jackson Jr., Steven Adams, Ziaire Williams",11,"2",52,48,54,51,1191,1296,2,3,-1,105
"22100100","DEN","Aaron Gordon, Michael Porter Jr., Monte Morris, Nikola Jokic, P.J. Dozier",12,"3",70,69,70,69,1782,1782,0,0,0,0
"22100100","MEM","De'Anthony Melton, Ja Morant, Kyle Anderson, Steven Adams, Ziaire Williams",12,"2",54,51,55,51,1296,1320,1,0,1,24
"22100100","DEN","Jeff Green, Michael Porter Jr., Monte Morris, Nikola Jokic, P.J. Dozier",13,"3",70,69,70,71,1782,1873,0,2,-2,91
"22100100","MEM","De'Anthony Melton, Desmond Bane, Ja Morant, Kyle Anderson, Steven Adams",13,"2",55,51,60,58,1320,1440,5,7,-2,120
"22100100","DEN","Facundo Campazzo, Jeff Green, Michael Porter Jr., Nikola Jokic, P.J. Dozier",14,"3",70,71,73,79,1873,1999,3,8,-5,126
"22100100","MEM","De'Anthony Melton, Desmond Bane, Ja Morant, Jaren Jackson Jr., Steven Adams",14,"3",60,58,67,67,1440,1650,7,9,-2,210
"22100100","DEN","Facundo Campazzo, JaMychal Green, Jeff Green, Nikola Jokic, P.J. Dozier",15,"3",73,79,73,79,1999,1999,0,0,0,0
"22100100","MEM","De'Anthony Melton, Desmond Bane, Ja Morant, Kyle Anderson, Steven Adams",15,"3",67,67,69,70,1650,1782,2,3,-1,132
"22100100","DEN","Facundo Campazzo, JaMychal Green, Jeff Green, P.J. Dozier, Will Barton",16,"3",73,79,73,82,1999,2160,0,3,-3,161
"22100100","DEN","Facundo Campazzo, JaMychal Green, Jeff Green, P.J. Dozier, Will Barton",16,"4",73,82,75,87,2160,2224,2,5,-3,64
"22100100","MEM","De'Anthony Melton, Ja Morant, Kyle Anderson, Steven Adams, Ziaire Williams",16,"3",69,70,71,70,1782,1873,2,0,2,91
"22100100","DEN","Bones Hyland, JaMychal Green, Jeff Green, P.J. Dozier, Will Barton",17,"4",75,87,78,92,2224,2348,3,5,-2,124
"22100100","MEM","Ja Morant, Kyle Anderson, Steven Adams, Tyus Jones, Ziaire Williams",17,"3",71,70,79,73,1873,1999,8,3,5,126
"22100100","DEN","Aaron Gordon, Bones Hyland, JaMychal Green, Jeff Green, P.J. Dozier",18,"4",78,92,78,92,2348,2348,0,0,0,0
"22100100","MEM","Ja Morant, Kyle Anderson, Tyus Jones, Xavier Tillman Sr., Ziaire Williams",18,"3",79,73,82,73,1999,2107,3,0,3,108
"22100100","DEN","Aaron Gordon, Bones Hyland, JaMychal Green, Michael Porter Jr., P.J. Dozier",19,"4",78,92,80,92,2348,2416,2,0,2,68
"22100100","MEM","Desmond Bane, Ja Morant, Kyle Anderson, Tyus Jones, Xavier Tillman Sr.",19,"3",82,73,82,73,2107,2160,0,0,0,53
"22100100","DEN","Aaron Gordon, Bones Hyland, Michael Porter Jr., Nikola Jokic, P.J. Dozier",20,"4",80,92,81,94,2416,2458,1,2,-1,42
"22100100","MEM","Desmond Bane, Jaren Jackson Jr., John Konchar, Tyus Jones, Xavier Tillman Sr.",20,"4",82,73,82,73,2160,2175,0,0,0,15
"22100100","DEN","Aaron Gordon, Bones Hyland, Michael Porter Jr., Monte Morris, Nikola Jokic",21,"4",81,94,97,106,2458,2880,16,12,4,422
"22100100","MEM","De'Anthony Melton, Desmond Bane, John Konchar, Tyus Jones, Xavier Tillman Sr.",21,"4",82,73,92,80,2175,2416,10,7,3,241
"22100100","MEM","De'Anthony Melton, Desmond Bane, John Konchar, Kyle Anderson, Tyus Jones",22,"4",92,80,92,80,2416,2416,0,0,0,0
"22100100","MEM","De'Anthony Melton, Desmond Bane, Kyle Anderson, Steven Adams, Tyus Jones",23,"4",92,80,94,81,2416,2458,2,1,1,42
"22100100","MEM","De'Anthony Melton, Ja Morant, Kyle Anderson, Steven Adams, Tyus Jones",24,"4",94,81,98,87,2458,2571,4,6,-2,113
"22100100","MEM","Desmond Bane, Ja Morant, Kyle Anderson, Steven Adams, Tyus Jones",25,"4",98,87,106,97,2571,2880,8,10,-2,309
"22100101","MIN","Anthony Edwards, D'Angelo Russell, Jaden McDaniels, Jarred Vanderbilt, Karl-Anthony Towns",0,"1",0,0,8,6,0,248,8,6,2,248
"22100101","ORL","Cole Anthony, Franz Wagner, Jalen Suggs, Mo Bamba, Wendell Carter Jr.",0,"1",0,0,6,12,0,283,6,12,-6,283
"22100101","MIN","Anthony Edwards, D'Angelo Russell, Jarred Vanderbilt, Karl-Anthony Towns, Malik Beasley",1,"1",8,6,12,10,248,359,4,4,0,111
"22100101","ORL","Chuma Okeke, Cole Anthony, Franz Wagner, Mo Bamba, Wendell Carter Jr.",1,"1",6,12,6,12,283,283,0,0,0,0
"22100101","MIN","Anthony Edwards, Jarred Vanderbilt, Jordan McLaughlin, Karl-Anthony Towns, Malik Beasley",2,"1",12,10,17,12,359,400,5,2,3,41
"22100101","ORL","Chuma Okeke, Cole Anthony, Franz Wagner, Terrence Ross, Wendell Carter Jr.",2,"1",6,12,15,21,283,500,9,9,0,217
"22100101","MIN","Anthony Edwards, Jordan McLaughlin, Karl-Anthony Towns, Malik Beasley, Taurean Prince",3,"1",17,12,21,15,400,500,4,3,1,100
"22100101","ORL","Chuma Okeke, Cole Anthony, R.J. Hampton, Terrence Ross, Wendell Carter Jr.",3,"1",15,21,15,21,500,500,0,0,0,0
"22100101","MIN","Jordan McLaughlin, Josh Okogie, Karl-Anthony Towns, Malik Beasley, Taurean Prince",4,"1",21,15,24,19,500,566,3,4,-1,66
"22100101","ORL","Chuma Okeke, Cole Anthony, Mo Bamba, R.J. Hampton, Terrence Ross",4,"1",15,21,15,21,500,519,0,0,0,19
"22100101","MIN","Josh Okogie, Karl-Anthony Towns, Malik Beasley, Naz Reid, Taurean Prince",5,"1",24,19,24,19,566,566,0,0,0,0
"22100101","ORL","Chuma Okeke, Jalen Suggs, Mo Bamba, R.J. Hampton, Terrence Ross",5,"1",15,21,26,32,519,720,11,11,0,201
"22100101","MIN","D'Angelo Russell, Josh Okogie, Malik Beasley, Naz Reid, Taurean Prince",6,"1",24,19,32,26,566,720,8,7,1,154
"22100101","MIN","D'Angelo Russell, Josh Okogie, Malik Beasley, Naz Reid, Taurean Prince",6,"2",32,26,36,28,720,827,4,2,2,107
"22100101","ORL","Jalen Suggs, Mo Bamba, R.J. Hampton, Terrence Ross, Wendell Carter Jr.",6,"2",26,32,28,38,720,867,2,6,-4,147
"22100101","MIN","Anthony Edwards, D'Angelo Russell, Josh Okogie, Naz Reid, Taurean Prince",7,"2",36,28,38,31,827,914,2,3,-1,87
"22100101","ORL","Cole Anthony, Jalen Suggs, Mo Bamba, R.J. Hampton, Wendell Carter Jr.",7,"2",28,38,31,44,867,993,3,6,-3,126
"22100101","MIN","Anthony Edwards, D'Angelo Russell, Jaden McDaniels, Josh Okogie, Naz Reid",8,"2",38,31,44,31,914,993,6,0,6,79
"22100101","ORL","Cole Anthony, Franz Wagner, Jalen Suggs, Mo Bamba, Wendell Carter Jr.",8,"2",31,44,38,46,993,1121,7,2,5,128
"22100101","MIN","Anthony Edwards, Jaden McDaniels, Jordan McLaughlin, Josh Okogie, Naz Reid",9,"2",44,31,44,31,993,993,0,0,0,0
"22100101","ORL","Cole Anthony, Franz Wagner, Mo Bamba, Terrence Ross, Wendell Carter Jr.",9,"2",38,46,53,58,1121,1425,15,12,3,304
"22100101","MIN","Anthony Edwards, Jaden McDaniels, Jordan McLaughlin, Karl-Anthony Towns, Naz Reid",10,"2",44,31,44,33,993,1027,0,2,-2,34
"22100101","ORL","Chuma Okeke, Cole Anthony, Franz Wagner, Terrence Ross, Wendell Carter Jr.",10,"2",53,58,53,58,1425,1440,0,0,0,15
"22100101","MIN","Anthony Edwards, Jordan McLaughlin, Karl-Anthony Towns, Malik Beasley, Naz Reid",11,"2",44,33,46,38,1027,1138,2,5,-3,111
"22100101","ORL","Cole Anthony, Franz Wagner, Jalen Suggs, Mo Bamba, Wendell Carter Jr.",11,"3",53,58,57,67,1440,1655,4,9,-5,215
"22100101","MIN","Anthony Edwards, Jarred Vanderbilt, Jordan McLaughlin, Karl-Anthony Towns, Malik Beasley",12,"2",46,38,46,46,1138,1211,0,8,-8,73
"22100101","ORL","Chuma Okeke, Franz Wagner, Jalen Suggs, Mo Bamba, Wendell Carter Jr.",12,"3",57,67,57,67,1655,1655,0,0,0,0
"22100101","MIN","Anthony Edwards, D'Angelo Russell, Jarred Vanderbilt, Karl-Anthony Towns, Malik Beasley",13,"2",46,46,58,53,1211,1440,12,7,5,229
"22100101","ORL","Chuma Okeke, Franz Wagner, Jalen Suggs, Terrence Ross, Wendell Carter Jr.",13,"3",57,67,65,72,1655,1889,8,5,3,234
"22100101","MIN","Anthony Edwards, Jaden McDaniels, Jarred Vanderbilt, Jordan McLaughlin, Karl-Anthony Towns",14,"3",58,53,69,58,1440,1696,11,5,6,256
"22100101","ORL","Chuma Okeke, Cole Anthony, Franz Wagner, Terrence Ross, Wendell Carter Jr.",14,"3",65,72,65,72,1889,1889,0,0,0,0
"22100101","MIN","Anthony Edwards, Jarred Vanderbilt, Jordan McLaughlin, Karl-Anthony Towns, Taurean Prince",15,"3",69,58,72,65,1696,1871,3,7,-4,175
"22100101","ORL","Chuma Okeke, Cole Anthony, R.J. Hampton, Terrence Ross, Wendell Carter Jr.",15,"3",65,72,67,76,1889,2021,2,4,-2,132
"22100101","MIN","Anthony Edwards, Jarred Vanderbilt, Karl-Anthony Towns, Malik Beasley, Taurean Prince",16,"3",72,65,72,65,1871,1889,0,0,0,18
"22100101","ORL","Chuma Okeke, Cole Anthony, Moritz Wagner, R.J. Hampton, Terrence Ross",16,"3",67,76,72,78,2021,2160,5,2,3,139
"22100101","ORL","Chuma Okeke, Cole Anthony, Moritz Wagner, R.J. Hampton, Terrence Ross",16,"4",72,78,83,79,2160,2268,11,1,10,108
"22100101","MIN","Anthony Edwards, Josh Okogie, Karl-Anthony Towns, Malik Beasley, Taurean Prince",17,"3",72,65,76,67,1889,2021,4,2,2,132
"22100101","ORL","Chuma Okeke, Cole Anthony, Mo Bamba, Moritz Wagner, Terrence Ross",17,"4",83,79,83,79,2268,2268,0,0,0,0
"22100101","MIN","Anthony Edwards, Josh Okogie, Malik Beasley, Naz Reid, Taurean Prince",18,"3",76,67,78,72,2021,2137,2,5,-3,116
"22100101","ORL","Chuma Okeke, Cole Anthony, Jalen Suggs, Mo Bamba, Terrence Ross",18,"4",83,79,89,85,2268,2440,6,6,0,172
"22100101","MIN","Anthony Edwards, Jordan McLaughlin, Malik Beasley, Naz Reid, Taurean Prince",19,"3",78,72,78,72,2137,2160,0,0,0,23
"22100101","ORL","Cole Anthony, Franz Wagner, Jalen Suggs, Mo Bamba, Terrence Ross",19,"4",89,85,89,85,2440,2440,0,0,0,0
"22100101","MIN","Jordan McLaughlin, Karl-Anthony Towns, Malik Beasley, Naz Reid, Taurean Prince",20,"4",78,72,79,83,2160,2268,1,11,-10,108
"22100101","ORL","Cole Anthony, Franz Wagner, Jalen Suggs, Mo Bamba, Wendell Carter Jr.",20,"4",89,85,110,94,2440,2775,21,9,12,335
"22100101","MIN","Jaden McDaniels, Jordan McLaughlin, Karl-Anthony Towns, Malik Beasley, Taurean Prince",21,"4",79,83,79,83,2268,2268,0,0,0,0
"22100101","ORL","Cole Anthony, Franz Wagner, Jalen Suggs, Mo Bamba, Moritz Wagner",21,"4",110,94,115,97,2775,2880,5,3,2,105
"22100101","MIN","Jaden McDaniels, Jarred Vanderbilt, Jordan McLaughlin, Karl-Anthony Towns, Malik Beasley",22,"4",79,83,85,89,2268,2440,6,6,0,172
"22100101","MIN","Anthony Edwards, Jaden McDaniels, Jarred Vanderbilt, Jordan McLaughlin, Karl-Anthony Towns",23,"4",85,89,85,94,2440,2495,0,5,-5,55
"22100101","MIN","Anthony Edwards, Jaden McDaniels, Jarred Vanderbilt, Karl-Anthony Towns, Malik Beasley",24,"4",85,94,91,107,2495,2690,6,13,-7,195
"22100101","MIN","Anthony Edwards, Jarred Vanderbilt, Karl-Anthony Towns, Malik Beasley, Taurean Prince",25,"4",91,107,94,113,2690,2810,3,6,-3,120
"22100101","MIN","Jarred Vanderbilt, Karl-Anthony Towns, Leandro Bolmaro, Malik Beasley, Taurean Prince",26,"4",94,113,94,113,2810,2810,0,0,0,0
"22100101","MIN","Jarred Vanderbilt, Leandro Bolmaro, Malik Beasley, Nathan Knight, Taurean Prince",27,"4",94,113,97,115,2810,2880,3,2,1,70
"22100102","LAC","Eric Bledsoe, Ivica Zubac, Nicolas Batum, Paul George, Reggie Jackson",0,"1",0,0,6,11,0,314,6,11,-5,314
"22100102","OKC","Darius Bazley, Derrick Favors, Jeremiah Robinson-Earl, Josh Giddey, Shai Gilgeous-Alexander",0,"1",0,0,14,8,0,401,14,8,6,401
"22100102","LAC","Eric Bledsoe, Nicolas Batum, Paul George, Reggie Jackson, Terance Mann",1,"1",6,11,6,11,314,314,0,0,0,0
"22100102","OKC","Darius Bazley, Jeremiah Robinson-Earl, Josh Giddey, Shai Gilgeous-Alexander, Theo Maledon",1,"1",14,8,17,8,401,434,3,0,3,33
"22100102","LAC","Isaiah Hartenstein, Nicolas Batum, Paul George, Reggie Jackson, Terance Mann",2,"1",6,11,8,14,314,401,2,3,-1,87
"22100102","OKC","Darius Bazley, Jeremiah Robinson-Earl, Kenrich Williams, Shai Gilgeous-Alexander, Theo Maledon",2,"1",17,8,21,12,434,587,4,4,0,153
"22100102","LAC","Isaiah Hartenstein, Luke Kennard, Paul George, Reggie Jackson, Terance Mann",3,"1",8,14,8,17,401,434,0,3,-3,33
"22100102","OKC","Jeremiah Robinson-Earl, Kenrich Williams, Mike Muscala, Shai Gilgeous-Alexander, Theo Maledon",3,"1",21,12,21,12,587,587,0,0,0,0
"22100102","LAC","Isaiah Hartenstein, Justise Winslow, Luke Kennard, Reggie Jackson, Terance Mann",4,"1",8,17,12,21,434,587,4,4,0,153
"22100102","OKC","Aleksej Pokusevski, Kenrich Williams, Mike Muscala, Shai Gilgeous-Alexander, Theo Maledon",4,"1",21,12,23,14,587,720,2,2,0,133
"22100102","LAC","Eric Bledsoe, Isaiah Hartenstein, Justise Winslow, Luke Kennard, Terance Mann",5,"1",12,21,14,23,587,649,2,2,0,62
"22100102","OKC","Aleksej Pokusevski, Kenrich Williams, Mike Muscala, Theo Maledon, Ty Jerome",5,"2",23,14,36,23,720,1046,13,9,4,326
"22100102","LAC","Eric Bledsoe, Isaiah Hartenstein, Justise Winslow, Luke Kennard, Paul George",6,"1",14,23,14,23,649,720,0,0,0,71
"22100102","LAC","Eric Bledsoe, Isaiah Hartenstein, Justise Winslow, Luke Kennard, Paul George",6,"2",14,23,16,26,720,823,2,3,-1,103
"22100102","OKC","Aleksej Pokusevski, Josh Giddey, Kenrich Williams, Mike Muscala, Ty Jerome",6,"2",36,23,36,23,1046,1046,0,0,0,0
"22100102","LAC","Eric Bledsoe, Justise Winslow, Luke Kennard, Paul George, Terance Mann",7,"2",16,26,16,31,823,883,0,5,-5,60
"22100102","OKC","Aleksej Pokusevski, Darius Bazley, Josh Giddey, Mike Muscala, Ty Jerome",7,"2",36,23,36,25,1046,1074,0,2,-2,28
"22100102","LAC","Eric Bledsoe, Luke Kennard, Paul George, Reggie Jackson, Terance Mann",8,"2",16,31,21,34,883,991,5,3,2,108
"22100102","OKC","Aleksej Pokusevski, Darius Bazley, Josh Giddey, Mike Muscala, Shai Gilgeous-Alexander",8,"2",36,25,38,31,1074,1136,2,6,-4,62
"22100102","LAC","Eric Bledsoe, Nicolas Batum, Paul George, Reggie Jackson, Terance Mann",9,"2",21,34,31,39,991,1261,10,5,5,270
"22100102","OKC","Aleksej Pokusevski, Darius Bazley, Jeremiah Robinson-Earl, Josh Giddey, Shai Gilgeous-Alexander",9,"2",38,31,39,31,1136,1261,1,0,1,125
"22100102","LAC","Luke Kennard, Nicolas Batum, Paul George, Reggie Jackson, Terance Mann",10,"2",31,39,40,44,1261,1367,9,5,4,106
"22100102","OKC","Darius Bazley, Jeremiah Robinson-Earl, Josh Giddey, Shai Gilgeous-Alexander, Theo Maledon",10,"2",39,31,44,40,1261,1367,5,9,-4,106
"22100102","LAC","Justise Winslow, Luke Kennard, Nicolas Batum, Paul George, Reggie Jackson",11,"2",40,44,40,44,1367,1397,0,0,0,30
"22100102","OKC","Darius Bazley, Josh Giddey, Mike Muscala, Shai Gilgeous-Alexander, Theo Maledon",11,"2",44,40,44,40,1367,1413,0,0,0,46
"22100102","LAC","Amir Coffey, Luke Kennard, Nicolas Batum, Paul George, Reggie Jackson",12,"2",40,44,40,44,1397,1440,0,0,0,43
"22100102","OKC","Darius Bazley, Jeremiah Robinson-Earl, Josh Giddey, Shai Gilgeous-Alexander, Theo Maledon",12,"2",44,40,44,40,1413,1440,0,0,0,27
"22100102","LAC","Eric Bledsoe, Ivica Zubac, Nicolas Batum, Paul George, Reggie Jackson",13,"3",40,44,54,63,1440,1810,14,19,-5,370
"22100102","OKC","Darius Bazley, Derrick Favors, Jeremiah Robinson-Earl, Josh Giddey, Shai Gilgeous-Alexander",13,"3",44,40,66,60,1440,1975,22,20,2,535
"22100102","LAC","Ivica Zubac, Nicolas Batum, Paul George, Reggie Jackson, Terance Mann",14,"3",54,63,54,63,1810,1823,0,0,0,13
"22100102","OKC","Darius Bazley, Derrick Favors, Jeremiah Robinson-Earl, Kenrich Williams, Shai Gilgeous-Alexander",14,"3",66,60,66,60,1975,1975,0,0,0,0
"22100102","LAC","Ivica Zubac, Luke Kennard, Paul George, Reggie Jackson, Terance Mann",15,"3",54,63,54,66,1823,1878,0,3,-3,55
"22100102","OKC","Darius Bazley, Jeremiah Robinson-Earl, Kenrich Williams, Shai Gilgeous-Alexander, Theo Maledon",15,"3",66,60,66,60,1975,1975,0,0,0,0
"22100102","LAC","Isaiah Hartenstein, Luke Kennard, Paul George, Reggie Jackson, Terance Mann",16,"3",54,66,63,69,1878,2052,9,3,6,174
"22100102","OKC","Darius Bazley, Kenrich Williams, Mike Muscala, Shai Gilgeous-Alexander, Theo Maledon",16,"3",66,60,69,63,1975,2052,3,3,0,77
"22100102","LAC","Isaiah Hartenstein, Luke Kennard, Nicolas Batum, Reggie Jackson, Terance Mann",17,"3",63,69,63,72,2052,2113,0,3,-3,61
"22100102","OKC","Aleksej Pokusevski, Kenrich Williams, Mike Muscala, Shai Gilgeous-Alexander, Theo Maledon",17,"3",69,63,74,66,2052,2160,5,3,2,108
"22100102","LAC","Eric Bledsoe, Isaiah Hartenstein, Luke Kennard, Nicolas Batum, Terance Mann",18,"3",63,72,66,74,2113,2160,3,2,1,47
"22100102","LAC","Eric Bledsoe, Isaiah Hartenstein, Luke Kennard, Nicolas Batum, Terance Mann",18,"4",66,74,72,74,2160,2294,6,0,6,134
"22100102","OKC","Aleksej Pokusevski, Josh Giddey, Kenrich Williams, Mike Muscala, Theo Maledon",18,"4",74,66,74,72,2160,2294,0,6,-6,134
"22100102","LAC","Eric Bledsoe, Isaiah Hartenstein, Luke Kennard, Paul George, Terance Mann",19,"4",72,74,74,76,2294,2343,2,2,0,49
"22100102","OKC","Josh Giddey, Kenrich Williams, Mike Muscala, Shai Gilgeous-Alexander, Theo Maledon",19,"4",74,72,89,81,2294,2642,15,9,6,348
"22100102","LAC","Isaiah Hartenstein, Luke Kennard, Paul George, Reggie Jackson, Terance Mann",20,"4",74,76,77,83,2343,2450,3,7,-4,107
"22100102","OKC","Darius Bazley, Josh Giddey, Mike Muscala, Shai Gilgeous-Alexander, Theo Maledon",20,"4",89,81,92,91,2642,2802,3,10,-7,160
"22100102","LAC","Luke Kennard, Nicolas Batum, Paul George, Reggie Jackson, Terance Mann",21,"4",77,83,95,92,2450,2844,18,9,9,394
"22100102","OKC","Darius Bazley, Josh Giddey, Kenrich Williams, Mike Muscala, Shai Gilgeous-Alexander",21,"4",92,91,92,95,2802,2844,0,4,-4,42
"22100102","LAC","Justise Winslow, Nicolas Batum, Paul George, Reggie Jackson, Terance Mann",22,"4",95,92,95,92,2844,2864,0,0,0,20
"22100102","OKC","Darius Bazley, Josh Giddey, Mike Muscala, Shai Gilgeous-Alexander, Theo Maledon",22,"4",92,95,92,95,2844,2864,0,0,0,20
"22100102","LAC","Luke Kennard, Nicolas Batum, Paul George, Reggie Jackson, Terance Mann",23,"4",95,92,99,94,2864,2880,4,2,2,16
"22100102","OKC","Darius Bazley, Josh Giddey, Kenrich Williams, Shai Gilgeous-Alexander, Theo Maledon",23,"4",92,95,92,97,2864,2868,0,2,-2,4
"22100102","OKC","Josh Giddey, Kenrich Williams, Mike Muscala, Shai Gilgeous-Alexander, Theo Maledon",24,"4",92,97,94,97,2868,2876,2,0,2,8
"22100102","OKC","Jeremiah Robinson-Earl, Kenrich Williams, Mike Muscala, Shai Gilgeous-Alexander, Theo Maledon",25,"4",94,97,94,97,2876,2876,0,0,0,0
"22100102","OKC","Darius Bazley, Jeremiah Robinson-Earl, Kenrich Williams, Shai Gilgeous-Alexander, Theo Maledon",26,"4",94,97,94,99,2876,2878,0,2,-2,2
"22100102","OKC","Darius Bazley, Jeremiah Robinson-Earl, Josh Giddey, Shai Gilgeous-Alexander, Theo Maledon",27,"4",94,99,94,99,2878,2878,0,0,0,0
"22100102","OKC","Darius Bazley, Josh Giddey, Mike Muscala, Shai Gilgeous-Alexander, Theo Maledon",28,"4",94,99,94,99,2878,2880,0,0,0,2
"22100103","DET","Cade Cunningham, Isaiah Stewart, Jerami Grant, Killian Hayes, Saddiq Bey",0,"1",0,0,10,15,0,412,10,15,-5,412
"22100103","MIL","George Hill, Giannis Antetokounmpo, Grayson Allen, Pat Connaughton, Thanasis Antetokounmpo",0,"1",0,0,15,8,0,282,15,8,7,282
"22100103","DET","Cade Cunningham, Isaiah Stewart, Jerami Grant, Kelly Olynyk, Saddiq Bey",1,"1",10,15,10,15,412,412,0,0,0,0
"22100103","MIL","Bobby Portis, George Hill, Giannis Antetokounmpo, Grayson Allen, Pat Connaughton",1,"1",15,8,15,8,282,355,0,0,0,73
"22100103","DET","Cade Cunningham, Cory Joseph, Jerami Grant, Kelly Olynyk, Saddiq Bey",2,"1",10,15,14,18,412,496,4,3,1,84
"22100103","MIL","Bobby Portis, George Hill, Giannis Antetokounmpo, Grayson Allen, Jordan Nwora",2,"1",15,8,15,8,355,355,0,0,0,0
"22100103","DET","Cory Joseph, Jerami Grant, Josh Jackson, Kelly Olynyk, Saddiq Bey",3,"1",14,18,16,20,496,554,2,2,0,58
"22100103","MIL","Bobby Portis, George Hill, Grayson Allen, Jordan Nwora, Semi Ojeleye",3,"1",15,8,15,10,355,412,0,2,-2,57
"22100103","DET","Cory Joseph, Frank Jackson, Jerami Grant, Josh Jackson, Kelly Olynyk",4,"1",16,20,20,27,554,720,4,7,-3,166
"22100103","MIL","Bobby Portis, Grayson Allen, Jordan Nwora, Justin Robinson, Semi Ojeleye",4,"1",15,10,18,14,412,496,3,4,-1,84
"22100103","DET","Cory Joseph, Frank Jackson, Josh Jackson, Kelly Olynyk, Trey Lyles",5,"2",20,27,22,29,720,839,2,2,0,119
"22100103","MIL","Bobby Portis, Jordan Nwora, Justin Robinson, Rodney Hood, Semi Ojeleye",5,"1",18,14,22,16,496,601,4,2,2,105
"22100103","DET","Cory Joseph, Frank Jackson, Kelly Olynyk, Saddiq Bey, Trey Lyles",6,"2",22,29,28,34,839,926,6,5,1,87
"22100103","MIL","Bobby Portis, Giannis Antetokounmpo, Justin Robinson, Rodney Hood, Semi Ojeleye",6,"1",22,16,22,16,601,627,0,0,0,26
"22100103","DET","Cade Cunningham, Frank Jackson, Kelly Olynyk, Saddiq Bey, Trey Lyles",7,"2",28,34,31,39,926,1039,3,5,-2,113
"22100103","MIL","Giannis Antetokounmpo, Jordan Nwora, Justin Robinson, Rodney Hood, Semi Ojeleye",7,"1",22,16,24,20,627,699,2,4,-2,72
"22100103","DET","Cade Cunningham, Kelly Olynyk, Killian Hayes, Saddiq Bey, Trey Lyles",8,"2",31,39,31,39,1039,1039,0,0,0,0
"22100103","MIL","Giannis Antetokounmpo, Jordan Nwora, Justin Robinson, Pat Connaughton, Rodney Hood",8,"1",24,20,27,20,699,720,3,0,3,21
"22100103","DET","Cade Cunningham, Isaiah Stewart, Killian Hayes, Saddiq Bey, Trey Lyles",9,"2",31,39,33,46,1039,1241,2,7,-5,202
"22100103","MIL","Giannis Antetokounmpo, Justin Robinson, Pat Connaughton, Rodney Hood, Thanasis Antetokounmpo",9,"2",27,20,29,27,720,875,2,7,-5,155
"22100103","DET","Cade Cunningham, Isaiah Stewart, Jerami Grant, Killian Hayes, Saddiq Bey",10,"2",33,46,39,57,1241,1440,6,11,-5,199
"22100103","DET","Cade Cunningham, Isaiah Stewart, Jerami Grant, Killian Hayes, Saddiq Bey",10,"3",39,57,51,71,1440,1799,12,14,-2,359
"22100103","MIL","George Hill, Giannis Antetokounmpo, Pat Connaughton, Rodney Hood, Thanasis Antetokounmpo",10,"2",29,27,34,28,875,926,5,1,4,51
"22100103","DET","Cade Cunningham, Isaiah Stewart, Jerami Grant, Kelly Olynyk, Saddiq Bey",11,"3",51,71,51,71,1799,1799,0,0,0,0
"22100103","MIL","George Hill, Giannis Antetokounmpo, Grayson Allen, Pat Connaughton, Thanasis Antetokounmpo",11,"2",34,28,34,28,926,926,0,0,0,0
"22100103","DET","Cade Cunningham, Cory Joseph, Jerami Grant, Kelly Olynyk, Saddiq Bey",12,"3",51,71,53,74,1799,1871,2,3,-1,72
"22100103","MIL","Bobby Portis, George Hill, Giannis Antetokounmpo, Grayson Allen, Pat Connaughton",12,"2",34,28,36,28,926,947,2,0,2,21
"22100103","DET","Cory Joseph, Jerami Grant, Josh Jackson, Kelly Olynyk, Saddiq Bey",13,"3",53,74,55,79,1871,1956,2,5,-3,85
"22100103","MIL","Bobby Portis, George Hill, Giannis Antetokounmpo, Grayson Allen, Semi Ojeleye",13,"2",36,28,36,28,947,977,0,0,0,30
"22100103","DET","Cory Joseph, Josh Jackson, Kelly Olynyk, Saddiq Bey, Trey Lyles",14,"3",55,79,62,90,1956,2160,7,11,-4,204
"22100103","MIL","Bobby Portis, George Hill, Grayson Allen, Pat Connaughton, Semi Ojeleye",14,"2",36,28,46,33,977,1241,10,5,5,264
"22100103","DET","Cade Cunningham, Frank Jackson, Josh Jackson, Luka Garza, Trey Lyles",15,"4",62,90,70,105,2160,2428,8,15,-7,268
"22100103","MIL","Bobby Portis, George Hill, Grayson Allen, Jordan Nwora, Semi Ojeleye",15,"2",46,33,46,34,1241,1248,0,1,-1,7
"22100103","DET","Cade Cunningham, Frank Jackson, Isaiah Stewart, Josh Jackson, Trey Lyles",16,"4",70,105,74,105,2428,2473,4,0,4,45
"22100103","MIL","Bobby Portis, Grayson Allen, Jordan Nwora, Rodney Hood, Semi Ojeleye",16,"2",46,34,46,34,1248,1248,0,0,0,0
"22100103","DET","Frank Jackson, Isaiah Stewart, Josh Jackson, Killian Hayes, Trey Lyles",17,"4",74,105,74,105,2473,2473,0,0,0,0
"22100103","MIL","Bobby Portis, Giannis Antetokounmpo, Jordan Nwora, Rodney Hood, Semi Ojeleye",17,"2",46,34,46,34,1248,1248,0,0,0,0
"22100103","DET","Frank Jackson, Isaiah Stewart, Killian Hayes, Rodney McGruder, Trey Lyles",18,"4",74,105,76,110,2473,2545,2,5,-3,72
"22100103","MIL","Giannis Antetokounmpo, Jordan Nwora, Rodney Hood, Semi Ojeleye, Thanasis Antetokounmpo",18,"2",46,34,46,34,1248,1248,0,0,0,0
"22100103","DET","Frank Jackson, Hamidou Diallo, Isaiah Stewart, Killian Hayes, Rodney McGruder",19,"4",76,110,78,110,2545,2606,2,0,2,61
"22100103","MIL","Giannis Antetokounmpo, Jordan Nwora, Justin Robinson, Rodney Hood, Thanasis Antetokounmpo",19,"2",46,34,57,39,1248,1440,11,5,6,192
"22100103","DET","Hamidou Diallo, Isaiah Stewart, Killian Hayes, Rodney McGruder, Saben Lee",20,"4",78,110,82,113,2606,2722,4,3,1,116
"22100103","MIL","George Hill, Giannis Antetokounmpo, Grayson Allen, Pat Connaughton, Thanasis Antetokounmpo",20,"3",57,39,66,44,1440,1726,9,5,4,286
"22100103","DET","Hamidou Diallo, Killian Hayes, Luka Garza, Rodney McGruder, Saben Lee",21,"4",82,113,89,117,2722,2880,7,4,3,158
"22100103","MIL","Bobby Portis, George Hill, Giannis Antetokounmpo, Grayson Allen, Pat Connaughton",21,"3",66,44,71,51,1726,1799,5,7,-2,73
"22100103","MIL","Bobby Portis, George Hill, Giannis Antetokounmpo, Grayson Allen, Semi Ojeleye",22,"3",71,51,71,51,1799,1799,0,0,0,0
"22100103","MIL","Bobby Portis, George Hill, Grayson Allen, Jordan Nwora, Semi Ojeleye",23,"3",71,51,71,51,1799,1839,0,0,0,40
"22100103","MIL","Bobby Portis, Grayson Allen, Jordan Nwora, Justin Robinson, Semi Ojeleye",24,"3",71,51,76,53,1839,1897,5,2,3,58
"22100103","MIL","Bobby Portis, Jordan Nwora, Justin Robinson, Rodney Hood, Semi Ojeleye",25,"3",76,53,81,59,1897,2023,5,6,-1,126
"22100103","MIL","Giannis Antetokounmpo, Jordan Nwora, Justin Robinson, Rodney Hood, Semi Ojeleye",26,"3",81,59,88,62,2023,2126,7,3,4,103
"22100103","MIL","Giannis Antetokounmpo, Jordan Nwora, Justin Robinson, Pat Connaughton, Rodney Hood",27,"3",88,62,90,62,2126,2156,2,0,2,30
"22100103","MIL","Giannis Antetokounmpo, Jordan Nwora, Pat Connaughton, Rodney Hood, Thanasis Antetokounmpo",28,"3",90,62,90,62,2156,2160,0,0,0,4
"22100103","MIL","Bobby Portis, Giannis Antetokounmpo, Justin Robinson, Pat Connaughton, Rodney Hood",29,"4",90,62,95,66,2160,2292,5,4,1,132
"22100103","MIL","Bobby Portis, Georgios Kalaitzakis, Giannis Antetokounmpo, Justin Robinson, Pat Connaughton",30,"4",95,66,95,66,2292,2292,0,0,0,0
"22100103","MIL","Bobby Portis, Georgios Kalaitzakis, Giannis Antetokounmpo, Jordan Nwora, Pat Connaughton",31,"4",95,66,95,68,2292,2314,0,2,-2,22
"22100103","MIL","Bobby Portis, George Hill, Giannis Antetokounmpo, Jordan Nwora, Pat Connaughton",32,"4",95,68,97,70,2314,2349,2,2,0,35
"22100103","MIL","Bobby Portis, George Hill, Jordan Nwora, Pat Connaughton, Thanasis Antetokounmpo",33,"4",97,70,105,70,2349,2428,8,0,8,79
"22100103","MIL","Bobby Portis, Georgios Kalaitzakis, Jordan Nwora, Pat Connaughton, Thanasis Antetokounmpo",34,"4",105,70,105,70,2428,2428,0,0,0,0
"22100103","MIL","Bobby Portis, Georgios Kalaitzakis, Jordan Nwora, Semi Ojeleye, Thanasis Antetokounmpo",35,"4",105,70,110,76,2428,2522,5,6,-1,94
"22100103","MIL","Bobby Portis, Georgios Kalaitzakis, Jordan Nwora, Justin Robinson, Semi Ojeleye",36,"4",110,76,110,76,2522,2545,0,0,0,23
"22100103","MIL","Georgios Kalaitzakis, Jordan Nwora, Justin Robinson, Sandro Mamukelashvili, Semi Ojeleye",37,"4",110,76,110,79,2545,2616,0,3,-3,71
"22100103","MIL","Georgios Kalaitzakis, Justin Robinson, Sandro Mamukelashvili, Semi Ojeleye, Thanasis Antetokounmpo",38,"4",110,79,110,79,2616,2655,0,0,0,39
"22100103","MIL","Georgios Kalaitzakis, Jordan Nwora, Justin Robinson, Sandro Mamukelashvili, Thanasis Antetokounmpo",39,"4",110,79,117,89,2655,2880,7,10,-3,225
"22100104","DAL","Dorian Finney-Smith, Dwight Powell, Jalen Brunson, Luka Doncic, Tim Hardaway Jr.",0,"1",0,0,12,7,0,266,12,7,5,266
"22100104","MIA","Bam Adebayo, Duncan Robinson, Jimmy Butler, Kyle Lowry, P.J. Tucker",0,"1",0,0,9,17,0,378,9,17,-8,378
"22100104","DAL","Dorian Finney-Smith, Jalen Brunson, Luka Doncic, Tim Hardaway Jr., Willie Cauley-Stein",1,"1",12,7,17,9,266,343,5,2,3,77
"22100104","MIA","Bam Adebayo, Duncan Robinson, Jimmy Butler, P.J. Tucker, Tyler Herro",1,"1",9,17,9,17,378,417,0,0,0,39
"22100104","DAL","Dorian Finney-Smith, Luka Doncic, Reggie Bullock, Tim Hardaway Jr., Willie Cauley-Stein",2,"1",17,9,17,9,343,378,0,0,0,35
"22100104","MIA","Dewayne Dedmon, Duncan Robinson, Jimmy Butler, P.J. Tucker, Tyler Herro",2,"1",9,17,18,24,417,579,9,7,2,162
"22100104","DAL","Dorian Finney-Smith, Frank Ntilikina, Luka Doncic, Reggie Bullock, Willie Cauley-Stein",3,"1",17,9,22,15,378,530,5,6,-1,152
"22100104","MIA","Dewayne Dedmon, Duncan Robinson, Kyle Lowry, P.J. Tucker, Tyler Herro",3,"1",18,24,18,24,579,597,0,0,0,18
"22100104","DAL","Frank Ntilikina, Luka Doncic, Reggie Bullock, Sterling Brown, Willie Cauley-Stein",4,"1",22,15,24,18,530,579,2,3,-1,49
"22100104","MIA","Caleb Martin, Dewayne Dedmon, Duncan Robinson, Kyle Lowry, Tyler Herro",4,"1",18,24,20,24,597,627,2,0,2,30
"22100104","DAL","Luka Doncic, Reggie Bullock, Sterling Brown, Tim Hardaway Jr., Willie Cauley-Stein",5,"1",24,18,24,18,579,579,0,0,0,0
"22100104","MIA","Caleb Martin, Dewayne Dedmon, Kyle Lowry, Markieff Morris, Tyler Herro",5,"1",20,24,22,30,627,710,2,6,-4,83
"22100104","DAL","Boban Marjanovic, Luka Doncic, Reggie Bullock, Sterling Brown, Tim Hardaway Jr.",6,"1",24,18,24,18,579,587,0,0,0,8
"22100104","MIA","Dewayne Dedmon, Duncan Robinson, Kyle Lowry, Markieff Morris, Tyler Herro",6,"1",22,30,24,30,710,720,2,0,2,10
"22100104","DAL","Boban Marjanovic, Jalen Brunson, Reggie Bullock, Sterling Brown, Tim Hardaway Jr.",7,"1",24,18,30,22,587,710,6,4,2,123
"22100104","MIA","Bam Adebayo, Caleb Martin, Kyle Lowry, Markieff Morris, Tyler Herro",7,"2",24,30,47,46,720,1094,23,16,7,374
"22100104","DAL","Jalen Brunson, Reggie Bullock, Sterling Brown, Tim Hardaway Jr., Willie Cauley-Stein",8,"1",30,22,30,24,710,720,0,2,-2,10
"22100104","MIA","Bam Adebayo, Caleb Martin, Dewayne Dedmon, Markieff Morris, Tyler Herro",8,"2",47,46,47,46,1094,1094,0,0,0,0
"22100104","DAL","Jalen Brunson, Josh Green, Sterling Brown, Tim Hardaway Jr., Willie Cauley-Stein",9,"2",30,24,36,37,720,858,6,13,-7,138
"22100104","MIA","Bam Adebayo, Caleb Martin, Dewayne Dedmon, P.J. Tucker, Tyler Herro",9,"2",47,46,47,46,1094,1094,0,0,0,0
"22100104","DAL","Jalen Brunson, Luka Doncic, Sterling Brown, Tim Hardaway Jr., Willie Cauley-Stein",10,"2",36,37,36,39,858,916,0,2,-2,58
"22100104","MIA","Caleb Martin, Dewayne Dedmon, Duncan Robinson, P.J. Tucker, Tyler Herro",10,"2",47,46,47,46,1094,1094,0,0,0,0
"22100104","DAL","Jalen Brunson, Luka Doncic, Reggie Bullock, Tim Hardaway Jr., Willie Cauley-Stein",11,"2",36,39,41,42,916,991,5,3,2,75
"22100104","MIA","Dewayne Dedmon, Duncan Robinson, Jimmy Butler, P.J. Tucker, Tyler Herro",11,"2",47,46,59,55,1094,1249,12,9,3,155
"22100104","DAL","Dwight Powell, Luka Doncic, Reggie Bullock, Tim Hardaway Jr., Willie Cauley-Stein",12,"2",41,42,41,42,991,991,0,0,0,0
"22100104","MIA","Bam Adebayo, Duncan Robinson, Jimmy Butler, P.J. Tucker, Tyler Herro",12,"2",59,55,59,57,1249,1270,0,2,-2,21
"22100104","DAL","Dwight Powell, Frank Ntilikina, Luka Doncic, Reggie Bullock, Tim Hardaway Jr.",13,"2",41,42,46,47,991,1094,5,5,0,103
"22100104","MIA","Bam Adebayo, Jimmy Butler, Kyle Lowry, P.J. Tucker, Tyler Herro",13,"2",59,57,65,62,1270,1385,6,5,1,115
"22100104","DAL","Dorian Finney-Smith, Dwight Powell, Frank Ntilikina, Luka Doncic, Reggie Bullock",14,"2",46,47,51,57,1094,1197,5,10,-5,103
"22100104","MIA","Dewayne Dedmon, Jimmy Butler, Kyle Lowry, P.J. Tucker, Tyler Herro",14,"2",65,62,70,62,1385,1440,5,0,5,55
"22100104","DAL","Dorian Finney-Smith, Dwight Powell, Jalen Brunson, Luka Doncic, Reggie Bullock",15,"2",51,57,51,57,1197,1197,0,0,0,0
"22100104","MIA","Bam Adebayo, Duncan Robinson, Jimmy Butler, Kyle Lowry, P.J. Tucker",15,"3",70,62,87,77,1440,1854,17,15,2,414
"22100104","DAL","Dorian Finney-Smith, Dwight Powell, Jalen Brunson, Luka Doncic, Tim Hardaway Jr.",16,"2",51,57,62,70,1197,1440,11,13,-2,243
"22100104","DAL","Dorian Finney-Smith, Dwight Powell, Jalen Brunson, Luka Doncic, Tim Hardaway Jr.",16,"3",62,70,72,83,1440,1727,10,13,-3,287
"22100104","MIA","Bam Adebayo, Duncan Robinson, Jimmy Butler, P.J. Tucker, Tyler Herro",16,"3",87,77,87,77,1854,1854,0,0,0,0
"22100104","DAL","Dorian Finney-Smith, Dwight Powell, Luka Doncic, Reggie Bullock, Tim Hardaway Jr.",17,"3",72,83,77,87,1727,1854,5,4,1,127
"22100104","MIA","Bam Adebayo, Caleb Martin, Jimmy Butler, P.J. Tucker, Tyler Herro",17,"3",87,77,93,81,1854,1983,6,4,2,129
"22100104","DAL","Dorian Finney-Smith, Luka Doncic, Reggie Bullock, Tim Hardaway Jr., Willie Cauley-Stein",18,"3",77,87,77,87,1854,1854,0,0,0,0
"22100104","MIA","Caleb Martin, Dewayne Dedmon, Jimmy Butler, P.J. Tucker, Tyler Herro",18,"3",93,81,95,81,1983,2004,2,0,2,21
"22100104","DAL","Dorian Finney-Smith, Frank Ntilikina, Luka Doncic, Reggie Bullock, Willie Cauley-Stein",19,"3",77,87,81,93,1854,1983,4,6,-2,129
"22100104","MIA","Caleb Martin, Dewayne Dedmon, Jimmy Butler, Markieff Morris, Tyler Herro",19,"3",95,81,97,83,2004,2079,2,2,0,75
"22100104","DAL","Frank Ntilikina, Luka Doncic, Reggie Bullock, Sterling Brown, Willie Cauley-Stein",20,"3",81,93,81,93,1983,1983,0,0,0,0
"22100104","MIA","Caleb Martin, Dewayne Dedmon, Kyle Lowry, Markieff Morris, Tyler Herro",20,"3",97,83,99,88,2079,2160,2,5,-3,81
"22100104","MIA","Caleb Martin, Dewayne Dedmon, Kyle Lowry, Markieff Morris, Tyler Herro",20,"4",99,88,101,95,2160,2284,2,7,-5,124
"22100104","DAL","Frank Ntilikina, Jalen Brunson, Reggie Bullock, Sterling Brown, Willie Cauley-Stein",21,"3",81,93,88,99,1983,2160,7,6,1,177
"22100104","DAL","Frank Ntilikina, Jalen Brunson, Reggie Bullock, Sterling Brown, Willie Cauley-Stein",21,"4",88,99,95,103,2160,2355,7,4,3,195
"22100104","MIA","Dewayne Dedmon, Duncan Robinson, Kyle Lowry, Markieff Morris, Tyler Herro",21,"4",101,95,101,95,2284,2284,0,0,0,0
"22100104","DAL","Frank Ntilikina, Jalen Brunson, Luka Doncic, Reggie Bullock, Willie Cauley-Stein",22,"4",95,103,95,103,2355,2355,0,0,0,0
"22100104","MIA","Bam Adebayo, Duncan Robinson, Kyle Lowry, Markieff Morris, Tyler Herro",22,"4",101,95,103,95,2284,2355,2,0,2,71
"22100104","DAL","Dorian Finney-Smith, Frank Ntilikina, Luka Doncic, Reggie Bullock, Willie Cauley-Stein",23,"4",95,103,95,105,2355,2405,0,2,-2,50
"22100104","MIA","Bam Adebayo, Duncan Robinson, Jimmy Butler, Kyle Lowry, Tyler Herro",23,"4",103,95,105,95,2355,2460,2,0,2,105
"22100104","DAL","Dorian Finney-Smith, Dwight Powell, Frank Ntilikina, Luka Doncic, Reggie Bullock",24,"4",95,105,95,105,2405,2460,0,0,0,55
"22100104","MIA","Bam Adebayo, Duncan Robinson, Jimmy Butler, P.J. Tucker, Tyler Herro",24,"4",105,95,105,95,2460,2492,0,0,0,32
"22100104","DAL","Dorian Finney-Smith, Dwight Powell, Luka Doncic, Reggie Bullock, Tim Hardaway Jr.",25,"4",95,105,97,110,2460,2589,2,5,-3,129
"22100104","MIA","Bam Adebayo, Jimmy Butler, Kyle Lowry, P.J. Tucker, Tyler Herro",25,"4",105,95,123,107,2492,2776,18,12,6,284
"22100104","DAL","Dorian Finney-Smith, Dwight Powell, Jalen Brunson, Luka Doncic, Tim Hardaway Jr.",26,"4",97,110,107,123,2589,2776,10,13,-3,187
"22100104","MIA","Bam Adebayo, Jimmy Butler, Omer Yurtseven, P.J. Tucker, Tyler Herro",26,"4",123,107,123,107,2776,2776,0,0,0,0
"22100104","DAL","Dorian Finney-Smith, Eugene Omoruyi, Jalen Brunson, Luka Doncic, Tim Hardaway Jr.",27,"4",107,123,107,123,2776,2776,0,0,0,0
"22100104","MIA","Gabe Vincent, Jimmy Butler, Omer Yurtseven, P.J. Tucker, Tyler Herro",27,"4",123,107,123,107,2776,2776,0,0,0,0
"22100104","DAL","Eugene Omoruyi, Jalen Brunson, Josh Green, Luka Doncic, Tim Hardaway Jr.",28,"4",107,123,107,123,2776,2776,0,0,0,0
"22100104","MIA","Caleb Martin, Gabe Vincent, Jimmy Butler, Omer Yurtseven, Tyler Herro",28,"4",123,107,123,108,2776,2779,0,1,-1,3
"22100104","DAL","Eugene Omoruyi, Jalen Brunson, JaQuori McLaughlin, Josh Green, Luka Doncic",29,"4",107,123,107,123,2776,2776,0,0,0,0
"22100104","MIA","Caleb Martin, Gabe Vincent, Omer Yurtseven, Tyler Herro, Udonis Haslem",29,"4",123,108,125,110,2779,2880,2,2,0,101
"22100104","DAL","Eugene Omoruyi, Frank Ntilikina, Jalen Brunson, JaQuori McLaughlin, Josh Green",30,"4",107,123,107,123,2776,2776,0,0,0,0
"22100104","DAL","Eugene Omoruyi, Frank Ntilikina, JaQuori McLaughlin, Josh Green, Moses Brown",31,"4",107,123,110,125,2776,2880,3,2,1,104
"22100105","SAC","De'Aaron Fox, Harrison Barnes, Maurice Harkless, Richaun Holmes, Tyrese Haliburton",0,"1",0,0,10,12,0,306,10,12,-2,306
"22100105","UTA","Bojan Bogdanovic, Donovan Mitchell, Mike Conley, Royce O'Neale, Rudy Gobert",0,"1",0,0,12,10,0,306,12,10,2,306
"22100105","SAC","Davion Mitchell, Harrison Barnes, Maurice Harkless, Richaun Holmes, Tyrese Haliburton",1,"1",10,12,10,12,306,306,0,0,0,0
"22100105","UTA","Bojan Bogdanovic, Donovan Mitchell, Hassan Whiteside, Royce O'Neale, Rudy Gobert",1,"1",12,10,12,10,306,306,0,0,0,0
"22100105","SAC","Alex Len, Davion Mitchell, Harrison Barnes, Richaun Holmes, Tyrese Haliburton",2,"1",10,12,10,12,306,306,0,0,0,0
"22100105","UTA","Bojan Bogdanovic, Donovan Mitchell, Hassan Whiteside, Joe Ingles, Royce O'Neale",2,"1",12,10,20,16,306,497,8,6,2,191
"22100105","SAC","Alex Len, Buddy Hield, Davion Mitchell, Harrison Barnes, Tyrese Haliburton",3,"1",10,12,16,23,306,512,6,11,-5,206
"22100105","UTA","Donovan Mitchell, Hassan Whiteside, Joe Ingles, Jordan Clarkson, Royce O'Neale",3,"1",20,16,26,19,497,542,6,3,3,45
"22100105","SAC","Alex Len, Buddy Hield, Davion Mitchell, Harrison Barnes, Maurice Harkless",4,"1",16,23,16,23,512,512,0,0,0,0
"22100105","UTA","Donovan Mitchell, Eric Paschall, Hassan Whiteside, Joe Ingles, Jordan Clarkson",4,"1",26,19,26,19,542,542,0,0,0,0
"22100105","SAC","Alex Len, Buddy Hield, Davion Mitchell, De'Aaron Fox, Maurice Harkless",5,"1",16,23,21,26,512,573,5,3,2,61
"22100105","UTA","Eric Paschall, Hassan Whiteside, Joe Ingles, Jordan Clarkson, Mike Conley",5,"1",26,19,26,21,542,573,0,2,-2,31
"22100105","SAC","Buddy Hield, Davion Mitchell, De'Aaron Fox, Maurice Harkless, Richaun Holmes",6,"1",21,26,29,30,573,692,8,4,4,119
"22100105","UTA","Eric Paschall, Joe Ingles, Jordan Clarkson, Mike Conley, Rudy Gobert",6,"1",26,21,33,29,573,720,7,8,-1,147
"22100105","UTA","Eric Paschall, Joe Ingles, Jordan Clarkson, Mike Conley, Rudy Gobert",6,"2",33,29,36,36,720,876,3,7,-4,156
"22100105","SAC","Buddy Hield, Davion Mitchell, Harrison Barnes, Maurice Harkless, Richaun Holmes",7,"1",29,30,29,33,692,720,0,3,-3,28
"22100105","UTA","Eric Paschall, Jared Butler, Joe Ingles, Jordan Clarkson, Rudy Gobert",7,"2",36,36,37,39,876,953,1,3,-2,77
"22100105","SAC","Buddy Hield, Davion Mitchell, De'Aaron Fox, Maurice Harkless, Richaun Holmes",8,"2",29,33,39,37,720,953,10,4,6,233
"22100105","UTA","Bojan Bogdanovic, Jared Butler, Joe Ingles, Jordan Clarkson, Rudy Gobert",8,"2",37,39,37,39,953,953,0,0,0,0
"22100105","SAC","Buddy Hield, De'Aaron Fox, Harrison Barnes, Maurice Harkless, Richaun Holmes",9,"2",39,37,39,37,953,953,0,0,0,0
"22100105","UTA","Bojan Bogdanovic, Hassan Whiteside, Jared Butler, Joe Ingles, Jordan Clarkson",9,"2",37,39,43,43,953,1064,6,4,2,111
"22100105","SAC","Alex Len, Buddy Hield, De'Aaron Fox, Harrison Barnes, Maurice Harkless",10,"2",39,37,39,37,953,953,0,0,0,0
"22100105","UTA","Bojan Bogdanovic, Hassan Whiteside, Jared Butler, Jordan Clarkson, Royce O'Neale",10,"2",43,43,43,43,1064,1064,0,0,0,0
"22100105","SAC","Alex Len, De'Aaron Fox, Harrison Barnes, Maurice Harkless, Tyrese Haliburton",11,"2",39,37,43,43,953,1064,4,6,-2,111
"22100105","UTA","Bojan Bogdanovic, Donovan Mitchell, Hassan Whiteside, Jordan Clarkson, Royce O'Neale",11,"2",43,43,49,50,1064,1243,6,7,-1,179
"22100105","SAC","Alex Len, Harrison Barnes, Maurice Harkless, Richaun Holmes, Tyrese Haliburton",12,"2",43,43,43,43,1064,1064,0,0,0,0
"22100105","UTA","Bojan Bogdanovic, Donovan Mitchell, Hassan Whiteside, Royce O'Neale, Rudy Gobert",12,"2",49,50,49,50,1243,1243,0,0,0,0
"22100105","SAC","Davion Mitchell, Harrison Barnes, Maurice Harkless, Richaun Holmes, Tyrese Haliburton",13,"2",43,43,50,49,1064,1243,7,6,1,179
"22100105","UTA","Bojan Bogdanovic, Donovan Mitchell, Mike Conley, Royce O'Neale, Rudy Gobert",13,"2",49,50,56,56,1243,1406,7,6,1,163
"22100105","SAC","Buddy Hield, Davion Mitchell, Harrison Barnes, Maurice Harkless, Richaun Holmes",14,"2",50,49,50,49,1243,1243,0,0,0,0
"22100105","UTA","Bojan Bogdanovic, Jordan Clarkson, Mike Conley, Royce O'Neale, Rudy Gobert",14,"2",56,56,58,59,1406,1440,2,3,-1,34
"22100105","SAC","Buddy Hield, Davion Mitchell, De'Aaron Fox, Harrison Barnes, Richaun Holmes",15,"2",50,49,59,56,1243,1427,9,7,2,184
"22100105","UTA","Bojan Bogdanovic, Donovan Mitchell, Mike Conley, Royce O'Neale, Rudy Gobert",15,"3",58,59,76,72,1440,1766,18,13,5,326
"22100105","SAC","Buddy Hield, De'Aaron Fox, Harrison Barnes, Richaun Holmes, Tyrese Haliburton",16,"2",59,56,59,56,1427,1427,0,0,0,0
"22100105","UTA","Bojan Bogdanovic, Donovan Mitchell, Joe Ingles, Royce O'Neale, Rudy Gobert",16,"3",76,72,76,72,1766,1766,0,0,0,0
"22100105","SAC","De'Aaron Fox, Harrison Barnes, Maurice Harkless, Richaun Holmes, Tyrese Haliburton",17,"2",59,56,59,58,1427,1440,0,2,-2,13
"22100105","SAC","De'Aaron Fox, Harrison Barnes, Maurice Harkless, Richaun Holmes, Tyrese Haliburton",17,"3",59,58,76,76,1440,1821,17,18,-1,381
"22100105","UTA","Bojan Bogdanovic, Donovan Mitchell, Hassan Whiteside, Joe Ingles, Royce O'Neale",17,"3",76,72,82,80,1766,1933,6,8,-2,167
"22100105","SAC","Davion Mitchell, Harrison Barnes, Maurice Harkless, Richaun Holmes, Tyrese Haliburton",18,"3",76,76,76,76,1821,1821,0,0,0,0
"22100105","UTA","Donovan Mitchell, Hassan Whiteside, Joe Ingles, Jordan Clarkson, Royce O'Neale",18,"3",82,80,84,80,1933,1946,2,0,2,13
"22100105","SAC","Alex Len, Davion Mitchell, Harrison Barnes, Richaun Holmes, Tyrese Haliburton",19,"3",76,76,76,76,1821,1821,0,0,0,0
"22100105","UTA","Donovan Mitchell, Eric Paschall, Hassan Whiteside, Joe Ingles, Jordan Clarkson",19,"3",84,80,84,80,1946,1946,0,0,0,0
"22100105","SAC","Alex Len, Buddy Hield, Davion Mitchell, Harrison Barnes, Tyrese Haliburton",20,"3",76,76,80,84,1821,1946,4,8,-4,125
"22100105","UTA","Donovan Mitchell, Eric Paschall, Joe Ingles, Jordan Clarkson, Rudy Gobert",20,"3",84,80,87,83,1946,2010,3,3,0,64
"22100105","SAC","Alex Len, Buddy Hield, Davion Mitchell, Maurice Harkless, Tyrese Haliburton",21,"3",80,84,80,84,1946,1946,0,0,0,0
"22100105","UTA","Eric Paschall, Joe Ingles, Jordan Clarkson, Mike Conley, Rudy Gobert",21,"3",87,83,90,87,2010,2160,3,4,-1,150
"22100105","UTA","Eric Paschall, Joe Ingles, Jordan Clarkson, Mike Conley, Rudy Gobert",21,"4",90,87,100,91,2160,2355,10,4,6,195
"22100105","SAC","Alex Len, Buddy Hield, Davion Mitchell, De'Aaron Fox, Maurice Harkless",22,"3",80,84,87,90,1946,2160,7,6,1,214
"22100105","UTA","Eric Paschall, Hassan Whiteside, Joe Ingles, Jordan Clarkson, Mike Conley",22,"4",100,91,100,94,2355,2395,0,3,-3,40
"22100105","SAC","Buddy Hield, Davion Mitchell, De'Aaron Fox, Maurice Harkless, Richaun Holmes",23,"4",87,90,91,97,2160,2301,4,7,-3,141
"22100105","UTA","Donovan Mitchell, Eric Paschall, Hassan Whiteside, Joe Ingles, Jordan Clarkson",23,"4",100,94,101,97,2395,2503,1,3,-2,108
"22100105","SAC","Buddy Hield, Davion Mitchell, Harrison Barnes, Maurice Harkless, Richaun Holmes",24,"4",91,97,91,97,2301,2301,0,0,0,0
"22100105","UTA","Donovan Mitchell, Eric Paschall, Hassan Whiteside, Joe Ingles, Royce O'Neale",24,"4",101,97,101,97,2503,2503,0,0,0,0
"22100105","SAC","Alex Len, Buddy Hield, Davion Mitchell, Harrison Barnes, Richaun Holmes",25,"4",91,97,91,97,2301,2301,0,0,0,0
"22100105","UTA","Bojan Bogdanovic, Donovan Mitchell, Hassan Whiteside, Joe Ingles, Royce O'Neale",25,"4",101,97,101,100,2503,2537,0,3,-3,34
"22100105","SAC","Alex Len, Buddy Hield, Davion Mitchell, Harrison Barnes, Tyrese Haliburton",26,"4",91,97,97,101,2301,2503,6,4,2,202
"22100105","UTA","Bojan Bogdanovic, Donovan Mitchell, Joe Ingles, Royce O'Neale, Rudy Gobert",26,"4",101,100,101,102,2537,2578,0,2,-2,41
"22100105","SAC","Alex Len, Buddy Hield, Harrison Barnes, Richaun Holmes, Tyrese Haliburton",27,"4",97,101,97,101,2503,2503,0,0,0,0
"22100105","UTA","Bojan Bogdanovic, Donovan Mitchell, Mike Conley, Royce O'Neale, Rudy Gobert",27,"4",101,102,119,113,2578,2880,18,11,7,302
"22100105","SAC","Buddy Hield, De'Aaron Fox, Harrison Barnes, Richaun Holmes, Tyrese Haliburton",28,"4",97,101,104,107,2503,2690,7,6,1,187
"22100105","SAC","Davion Mitchell, De'Aaron Fox, Harrison Barnes, Richaun Holmes, Tyrese Haliburton",29,"4",104,107,104,111,2690,2733,0,4,-4,43
"22100105","SAC","Buddy Hield, De'Aaron Fox, Harrison Barnes, Richaun Holmes, Tyrese Haliburton",30,"4",104,111,108,115,2733,2824,4,4,0,91
"22100105","SAC","Davion Mitchell, De'Aaron Fox, Harrison Barnes, Richaun Holmes, Tyrese Haliburton",31,"4",108,115,110,115,2824,2851,2,0,2,27
"22100105","SAC","Buddy Hield, De'Aaron Fox, Harrison Barnes, Richaun Holmes, Tyrese Haliburton",32,"4",110,115,113,117,2851,2866,3,2,1,15
"22100105","SAC","Alex Len, Buddy Hield, Harrison Barnes, Richaun Holmes, Tyrese Haliburton",33,"4",113,117,113,117,2866,2866,0,0,0,0
"22100105","SAC","Buddy Hield, Davion Mitchell, Harrison Barnes, Richaun Holmes, Tyrese Haliburton",34,"4",113,117,113,119,2866,2880,0,2,-2,14
"22100106","NOP","Devonte' Graham, Herbert Jones, Jonas Valanciunas, Josh Hart, Nickeil Alexander-Walker",0,"1",0,0,27,20,0,487,27,20,7,487
"22100106","PHX","Chris Paul, Devin Booker, Jae Crowder, JaVale McGee, Mikal Bridges",0,"1",0,0,13,17,0,307,13,17,-4,307
"22100106","NOP","Devonte' Graham, Herbert Jones, Jonas Valanciunas, Nickeil Alexander-Walker, Trey Murphy III",1,"1",27,20,27,20,487,487,0,0,0,0
"22100106","PHX","Chris Paul, Devin Booker, Frank Kaminsky, Jae Crowder, Mikal Bridges",1,"1",13,17,20,27,307,487,7,10,-3,180
"22100106","NOP","Herbert Jones, Jonas Valanciunas, Kira Lewis Jr., Nickeil Alexander-Walker, Trey Murphy III",2,"1",27,20,27,20,487,487,0,0,0,0
"22100106","PHX","Cameron Johnson, Devin Booker, Frank Kaminsky, Jae Crowder, Mikal Bridges",2,"1",20,27,20,27,487,487,0,0,0,0
"22100106","NOP","Garrett Temple, Herbert Jones, Jonas Valanciunas, Kira Lewis Jr., Trey Murphy III",3,"1",27,20,29,20,487,562,2,0,2,75
"22100106","PHX","Cameron Johnson, Devin Booker, Elfrid Payton, Frank Kaminsky, Mikal Bridges",3,"1",20,27,20,29,487,562,0,2,-2,75
"22100106","NOP","Garrett Temple, Jaxson Hayes, Jonas Valanciunas, Kira Lewis Jr., Trey Murphy III",4,"1",29,20,29,20,562,562,0,0,0,0
"22100106","PHX","Cameron Johnson, Elfrid Payton, Frank Kaminsky, JaVale McGee, Mikal Bridges",4,"1",20,29,20,29,562,562,0,0,0,0
"22100106","NOP","Garrett Temple, Jaxson Hayes, Kira Lewis Jr., Naji Marshall, Trey Murphy III",5,"1",29,20,36,22,562,720,7,2,5,158
"22100106","PHX","Abdel Nader, Cameron Johnson, Elfrid Payton, JaVale McGee, Mikal Bridges",5,"1",20,29,20,29,562,562,0,0,0,0
"22100106","NOP","Devonte' Graham, Garrett Temple, Jaxson Hayes, Naji Marshall, Trey Murphy III",6,"2",36,22,41,24,720,877,5,2,3,157
"22100106","PHX","Abdel Nader, Cameron Johnson, Elfrid Payton, JaVale McGee, Landry Shamet",6,"1",20,29,22,36,562,720,2,7,-5,158
"22100106","NOP","Devonte' Graham, Jaxson Hayes, Naji Marshall, Nickeil Alexander-Walker, Trey Murphy III",7,"2",41,24,41,26,877,895,0,2,-2,18
"22100106","PHX","Cameron Johnson, Chris Paul, Jae Crowder, JaVale McGee, Landry Shamet",7,"2",22,36,24,41,720,877,2,5,-3,157
"22100106","NOP","Devonte' Graham, Herbert Jones, Jaxson Hayes, Naji Marshall, Nickeil Alexander-Walker",8,"2",41,26,41,26,895,926,0,0,0,31
"22100106","PHX","Cameron Johnson, Chris Paul, Devin Booker, Jae Crowder, JaVale McGee",8,"2",24,41,24,41,877,877,0,0,0,0
"22100106","NOP","Devonte' Graham, Herbert Jones, Jonas Valanciunas, Naji Marshall, Nickeil Alexander-Walker",9,"2",41,26,51,31,926,1095,10,5,5,169
"22100106","PHX","Chris Paul, Devin Booker, Jae Crowder, JaVale McGee, Mikal Bridges",9,"2",24,41,26,41,877,901,2,0,2,24
"22100106","NOP","Herbert Jones, Jonas Valanciunas, Kira Lewis Jr., Naji Marshall, Nickeil Alexander-Walker",10,"2",51,31,51,33,1095,1125,0,2,-2,30
"22100106","PHX","Chris Paul, Devin Booker, Frank Kaminsky, Jae Crowder, Mikal Bridges",10,"2",26,41,31,51,901,1095,5,10,-5,194
"22100106","NOP","Herbert Jones, Jonas Valanciunas, Josh Hart, Kira Lewis Jr., Nickeil Alexander-Walker",11,"2",51,33,53,40,1125,1259,2,7,-5,134
"22100106","PHX","Devin Booker, Elfrid Payton, Frank Kaminsky, Jae Crowder, Mikal Bridges",11,"2",31,51,42,53,1095,1289,11,2,9,194
"22100106","NOP","Garrett Temple, Herbert Jones, Jonas Valanciunas, Josh Hart, Kira Lewis Jr.",12,"2",53,40,53,42,1259,1289,0,2,-2,30
"22100106","PHX","Chris Paul, Devin Booker, Frank Kaminsky, Jae Crowder, Mikal Bridges",12,"2",42,53,48,59,1289,1440,6,6,0,151
"22100106","PHX","Chris Paul, Devin Booker, Frank Kaminsky, Jae Crowder, Mikal Bridges",12,"3",48,59,56,65,1440,1716,8,6,2,276
"22100106","NOP","Devonte' Graham, Garrett Temple, Herbert Jones, Jonas Valanciunas, Josh Hart",13,"2",53,42,59,48,1289,1437,6,6,0,148
"22100106","PHX","Cameron Johnson, Chris Paul, Devin Booker, Frank Kaminsky, Mikal Bridges",13,"3",56,65,62,65,1716,1844,6,0,6,128
"22100106","NOP","Devonte' Graham, Garrett Temple, Herbert Jones, Josh Hart, Naji Marshall",14,"2",59,48,59,48,1437,1440,0,0,0,3
"22100106","PHX","Cameron Johnson, Devin Booker, Frank Kaminsky, JaVale McGee, Mikal Bridges",14,"3",62,65,62,65,1844,1844,0,0,0,0
"22100106","NOP","Devonte' Graham, Herbert Jones, Jonas Valanciunas, Josh Hart, Nickeil Alexander-Walker",15,"3",59,48,61,50,1440,1498,2,2,0,58
"22100106","PHX","Cameron Johnson, Devin Booker, Elfrid Payton, JaVale McGee, Mikal Bridges",15,"3",62,65,66,78,1844,1989,4,13,-9,145
"22100106","NOP","Devonte' Graham, Jonas Valanciunas, Josh Hart, Nickeil Alexander-Walker, Trey Murphy III",16,"3",61,50,65,56,1498,1749,4,6,-2,251
"22100106","PHX","Cameron Johnson, Devin Booker, Elfrid Payton, JaVale McGee, Landry Shamet",16,"3",66,78,69,80,1989,2046,3,2,1,57
"22100106","NOP","Jonas Valanciunas, Josh Hart, Kira Lewis Jr., Nickeil Alexander-Walker, Trey Murphy III",17,"3",65,56,65,62,1749,1804,0,6,-6,55
"22100106","PHX","Cameron Johnson, Elfrid Payton, JaVale McGee, Landry Shamet, Mikal Bridges",17,"3",69,80,73,82,2046,2115,4,2,2,69
"22100106","NOP","Garrett Temple, Jonas Valanciunas, Josh Hart, Kira Lewis Jr., Trey Murphy III",18,"3",65,62,78,66,1804,1989,13,4,9,185
"22100106","PHX","Cameron Johnson, Chris Paul, JaVale McGee, Landry Shamet, Mikal Bridges",18,"3",73,82,76,82,2115,2160,3,0,3,45
"22100106","PHX","Cameron Johnson, Chris Paul, JaVale McGee, Landry Shamet, Mikal Bridges",18,"4",76,82,87,86,2160,2349,11,4,7,189
"22100106","NOP","Garrett Temple, Jaxson Hayes, Jonas Valanciunas, Kira Lewis Jr., Trey Murphy III",19,"3",78,66,78,66,1989,1989,0,0,0,0
"22100106","PHX","Cameron Johnson, Chris Paul, Frank Kaminsky, Landry Shamet, Mikal Bridges",19,"4",87,86,93,89,2349,2425,6,3,3,76
"22100106","NOP","Garrett Temple, Jaxson Hayes, Kira Lewis Jr., Naji Marshall, Trey Murphy III",20,"3",78,66,82,76,1989,2156,4,10,-6,167
"22100106","PHX","Cameron Johnson, Chris Paul, Frank Kaminsky, Jae Crowder, Mikal Bridges",20,"4",93,89,97,96,2425,2586,4,7,-3,161
"22100106","NOP","Devonte' Graham, Garrett Temple, Jaxson Hayes, Naji Marshall, Trey Murphy III",21,"3",82,76,82,76,2156,2160,0,0,0,4
"22100106","PHX","Chris Paul, Devin Booker, Frank Kaminsky, Jae Crowder, Mikal Bridges",21,"4",97,96,112,100,2586,2862,15,4,11,276
"22100106","NOP","Devonte' Graham, Garrett Temple, Jaxson Hayes, Naji Marshall, Nickeil Alexander-Walker",22,"4",82,76,86,87,2160,2307,4,11,-7,147
"22100106","PHX","Cameron Johnson, Chris Paul, Devin Booker, Jae Crowder, Mikal Bridges",22,"4",112,100,112,100,2862,2862,0,0,0,0
"22100106","NOP","Devonte' Graham, Garrett Temple, Jonas Valanciunas, Naji Marshall, Nickeil Alexander-Walker",23,"4",86,87,89,93,2307,2425,3,6,-3,118
"22100106","PHX","Abdel Nader, Cameron Johnson, Devin Booker, Jae Crowder, Mikal Bridges",23,"4",112,100,112,100,2862,2880,0,0,0,18
"22100106","NOP","Devonte' Graham, Garrett Temple, Jonas Valanciunas, Josh Hart, Nickeil Alexander-Walker",24,"4",89,93,89,93,2425,2456,0,0,0,31
"22100106","NOP","Devonte' Graham, Jonas Valanciunas, Josh Hart, Nickeil Alexander-Walker, Trey Murphy III",25,"4",89,93,96,101,2456,2720,7,8,-1,264
"22100106","NOP","Devonte' Graham, Garrett Temple, Jonas Valanciunas, Josh Hart, Trey Murphy III",26,"4",96,101,100,108,2720,2818,4,7,-3,98
"22100106","NOP","Devonte' Graham, Garrett Temple, Josh Hart, Naji Marshall, Trey Murphy III",27,"4",100,108,100,112,2818,2862,0,4,-4,44
"22100106","NOP","Devonte' Graham, Jonas Valanciunas, Josh Hart, Naji Marshall, Trey Murphy III",28,"4",100,112,100,112,2862,2880,0,0,0,18
"22100107","HOU","Alperen Sengun, Christian Wood, Jae'Sean Tate, Jalen Green, Kevin Porter Jr.",0,"1",0,0,20,21,0,382,20,21,-1,382
"22100107","LAL","Anthony Davis, Avery Bradley, Kent Bazemore, LeBron James, Russell Westbrook",0,"1",0,0,21,20,0,382,21,20,1,382
"22100107","HOU","Alperen Sengun, Jae'Sean Tate, Jalen Green, Kenyon Martin Jr., Kevin Porter Jr.",1,"1",20,21,24,26,382,446,4,5,-1,64
"22100107","LAL","Anthony Davis, Avery Bradley, Kent Bazemore, LeBron James, Malik Monk",1,"1",21,20,26,24,382,446,5,4,1,64
"22100107","HOU","Christian Wood, Jae'Sean Tate, Jalen Green, Kenyon Martin Jr., Kevin Porter Jr.",2,"1",24,26,27,28,446,485,3,2,1,39
"22100107","LAL","Avery Bradley, DeAndre Jordan, Kent Bazemore, LeBron James, Malik Monk",2,"1",26,24,28,27,446,485,2,3,-1,39
"22100107","HOU","Armoni Brooks, Christian Wood, Jalen Green, Kenyon Martin Jr., Kevin Porter Jr.",3,"1",27,28,32,32,485,581,5,4,1,96
"22100107","LAL","Austin Reaves, Avery Bradley, DeAndre Jordan, Kent Bazemore, Malik Monk",3,"1",28,27,28,27,485,485,0,0,0,0
"22100107","HOU","Armoni Brooks, Christian Wood, David Nwaba, Kenyon Martin Jr., Kevin Porter Jr.",4,"1",32,32,32,32,581,581,0,0,0,0
"22100107","LAL","Austin Reaves, Avery Bradley, Carmelo Anthony, DeAndre Jordan, Malik Monk",4,"1",28,27,28,27,485,490,0,0,0,5
"22100107","HOU","Armoni Brooks, Christian Wood, D.J. Augustin, David Nwaba, Kenyon Martin Jr.",5,"1",32,32,35,32,581,720,3,0,3,139
"22100107","LAL","Austin Reaves, Carmelo Anthony, DeAndre Jordan, Malik Monk, Russell Westbrook",5,"1",28,27,32,35,490,720,4,8,-4,230
"22100107","HOU","Alperen Sengun, Armoni Brooks, D.J. Augustin, David Nwaba, Kenyon Martin Jr.",6,"2",35,32,43,42,720,878,8,10,-2,158
"22100107","LAL","Austin Reaves, Carmelo Anthony, DeAndre Jordan, LeBron James, Russell Westbrook",6,"2",32,35,37,40,720,818,5,5,0,98
"22100107","HOU","Alperen Sengun, Armoni Brooks, D.J. Augustin, Jae'Sean Tate, Kenyon Martin Jr.",7,"2",43,42,43,42,878,878,0,0,0,0
"22100107","LAL","Austin Reaves, Carmelo Anthony, DeAndre Jordan, Kent Bazemore, LeBron James",7,"2",37,40,42,43,818,878,5,3,2,60
"22100107","HOU","Alperen Sengun, D.J. Augustin, Jae'Sean Tate, Kenyon Martin Jr., Kevin Porter Jr.",8,"2",43,42,43,42,878,878,0,0,0,0
"22100107","LAL","Anthony Davis, Austin Reaves, Carmelo Anthony, Kent Bazemore, LeBron James",8,"2",42,43,49,53,878,1074,7,10,-3,196
"22100107","HOU","Alperen Sengun, Jae'Sean Tate, Jalen Green, Kenyon Martin Jr., Kevin Porter Jr.",9,"2",43,42,47,45,878,977,4,3,1,99
"22100107","LAL","Anthony Davis, Austin Reaves, Kent Bazemore, LeBron James, Russell Westbrook",9,"2",49,53,49,53,1074,1074,0,0,0,0
"22100107","HOU","Alperen Sengun, Christian Wood, Jae'Sean Tate, Jalen Green, Kevin Porter Jr.",10,"2",47,45,55,53,977,1166,8,8,0,189
"22100107","LAL","Anthony Davis, Avery Bradley, Kent Bazemore, LeBron James, Russell Westbrook",10,"2",49,53,51,53,1074,1100,2,0,2,26
"22100107","HOU","Christian Wood, Jae'Sean Tate, Jalen Green, Kenyon Martin Jr., Kevin Porter Jr.",11,"2",55,53,70,64,1166,1440,15,11,4,274
"22100107","LAL","Anthony Davis, Avery Bradley, Carmelo Anthony, Kent Bazemore, Russell Westbrook",11,"2",51,53,53,55,1100,1157,2,2,0,57
"22100107","HOU","Alperen Sengun, Christian Wood, Jae'Sean Tate, Jalen Green, Kevin Porter Jr.",12,"3",70,64,79,71,1440,1718,9,7,2,278
"22100107","LAL","Anthony Davis, Avery Bradley, Carmelo Anthony, Malik Monk, Russell Westbrook",12,"2",53,55,57,61,1157,1279,4,6,-2,122
"22100107","HOU","Alperen Sengun, Christian Wood, Jalen Green, Kenyon Martin Jr., Kevin Porter Jr.",13,"3",79,71,81,71,1718,1753,2,0,2,35
"22100107","LAL","Anthony Davis, Avery Bradley, Carmelo Anthony, LeBron James, Russell Westbrook",13,"2",57,61,64,70,1279,1440,7,9,-2,161
"22100107","HOU","Christian Wood, David Nwaba, Jalen Green, Kenyon Martin Jr., Kevin Porter Jr.",14,"3",81,71,81,75,1753,1832,0,4,-4,79
"22100107","LAL","Avery Bradley, DeAndre Jordan, Kent Bazemore, LeBron James, Russell Westbrook",14,"3",64,70,66,75,1440,1525,2,5,-3,85
"22100107","HOU","Christian Wood, D.J. Augustin, David Nwaba, Jalen Green, Kenyon Martin Jr.",15,"3",81,75,85,81,1832,2026,4,6,-2,194
"22100107","LAL","Anthony Davis, Avery Bradley, Kent Bazemore, LeBron James, Russell Westbrook",15,"3",66,75,69,79,1525,1642,3,4,-1,117
"22100107","HOU","Christian Wood, D.J. Augustin, David Nwaba, Kenyon Martin Jr., Kevin Porter Jr.",16,"3",85,81,86,83,2026,2057,1,2,-1,31
"22100107","LAL","Anthony Davis, Austin Reaves, Avery Bradley, LeBron James, Russell Westbrook",16,"3",69,79,75,81,1642,1832,6,2,4,190
"22100107","HOU","Alperen Sengun, D.J. Augustin, David Nwaba, Kenyon Martin Jr., Kevin Porter Jr.",17,"3",86,83,86,83,2057,2092,0,0,0,35
"22100107","LAL","Anthony Davis, Austin Reaves, Avery Bradley, LeBron James, Malik Monk",17,"3",75,81,77,81,1832,1890,2,0,2,58
"22100107","HOU","Alperen Sengun, D.J. Augustin, David Nwaba, Jae'Sean Tate, Kevin Porter Jr.",18,"3",86,83,89,87,2092,2159,3,4,-1,67
"22100107","LAL","Anthony Davis, Austin Reaves, Carmelo Anthony, LeBron James, Malik Monk",18,"3",77,81,79,81,1890,1951,2,0,2,61
"22100107","HOU","Alperen Sengun, Christian Wood, D.J. Augustin, Jae'Sean Tate, Kevin Porter Jr.",19,"3",89,87,89,87,2159,2159,0,0,0,0
"22100107","LAL","Anthony Davis, Austin Reaves, Carmelo Anthony, Malik Monk, Russell Westbrook",19,"3",79,81,83,86,1951,2092,4,5,-1,141
"22100107","HOU","Alperen Sengun, Armoni Brooks, Christian Wood, D.J. Augustin, Kevin Porter Jr.",20,"3",89,87,89,87,2159,2160,0,0,0,1
"22100107","LAL","Austin Reaves, Carmelo Anthony, DeAndre Jordan, Malik Monk, Russell Westbrook",20,"3",83,86,87,89,2092,2160,4,3,1,68
"22100107","HOU","Alperen Sengun, Armoni Brooks, D.J. Augustin, Jae'Sean Tate, Kevin Porter Jr.",21,"4",89,87,97,94,2160,2301,8,7,1,141
"22100107","LAL","Austin Reaves, Carmelo Anthony, DeAndre Jordan, LeBron James, Russell Westbrook",21,"4",87,89,94,97,2160,2301,7,8,-1,141
"22100107","HOU","Alperen Sengun, D.J. Augustin, David Nwaba, Jae'Sean Tate, Kevin Porter Jr.",22,"4",97,94,97,96,2301,2339,0,2,-2,38
"22100107","LAL","Carmelo Anthony, DeAndre Jordan, Kent Bazemore, LeBron James, Russell Westbrook",22,"4",94,97,98,97,2301,2367,4,0,4,66
"22100107","HOU","Alperen Sengun, David Nwaba, Jae'Sean Tate, Jalen Green, Kevin Porter Jr.",23,"4",97,96,100,100,2339,2397,3,4,-1,58
"22100107","LAL","Avery Bradley, Carmelo Anthony, DeAndre Jordan, Kent Bazemore, LeBron James",23,"4",98,97,108,102,2367,2533,10,5,5,166
"22100107","HOU","Christian Wood, David Nwaba, Jae'Sean Tate, Jalen Green, Kevin Porter Jr.",24,"4",100,100,100,104,2397,2433,0,4,-4,36
"22100107","LAL","Anthony Davis, Avery Bradley, Carmelo Anthony, DeAndre Jordan, Kent Bazemore",24,"4",108,102,108,102,2533,2533,0,0,0,0
"22100107","HOU","Christian Wood, Jae'Sean Tate, Jalen Green, Kenyon Martin Jr., Kevin Porter Jr.",25,"4",100,104,117,119,2433,2874,17,15,2,441
"22100107","LAL","Anthony Davis, Avery Bradley, Carmelo Anthony, Kent Bazemore, Russell Westbrook",25,"4",108,102,110,104,2533,2614,2,2,0,81
"22100107","HOU","Armoni Brooks, Christian Wood, Jae'Sean Tate, Jalen Green, Kevin Porter Jr.",26,"4",117,119,117,119,2874,2880,0,0,0,6
"22100107","LAL","Anthony Davis, Avery Bradley, Kent Bazemore, LeBron James, Russell Westbrook",26,"4",110,104,114,106,2614,2729,4,2,2,115
"22100107","LAL","Anthony Davis, Carmelo Anthony, Kent Bazemore, LeBron James, Russell Westbrook",27,"4",114,106,118,111,2729,2835,4,5,-1,106
"22100107","LAL","Anthony Davis, Avery Bradley, Kent Bazemore, LeBron James, Russell Westbrook",28,"4",118,111,118,117,2835,2872,0,6,-6,37
"22100107","LAL","Anthony Davis, Avery Bradley, LeBron James, Malik Monk, Russell Westbrook",29,"4",118,117,118,117,2872,2872,0,0,0,0
"22100107","LAL","Anthony Davis, Carmelo Anthony, LeBron James, Malik Monk, Russell Westbrook",30,"4",118,117,119,117,2872,2874,1,0,1,2
"22100107","LAL","Anthony Davis, Carmelo Anthony, Kent Bazemore, LeBron James, Russell Westbrook",31,"4",119,117,119,117,2874,2874,0,0,0,0
"22100107","LAL","Anthony Davis, Avery Bradley, Kent Bazemore, LeBron James, Russell Westbrook",32,"4",119,117,119,117,2874,2880,0,0,0,6
"22100108","CLE","Collin Sexton, Darius Garland, Dean Wade, Evan Mobley, Jarrett Allen",0,"1",0,0,10,14,0,324,10,14,-4,324
"22100108","POR","CJ McCollum, Damian Lillard, Jusuf Nurkic, Norman Powell, Robert Covington",0,"1",0,0,14,10,0,324,14,10,4,324
"22100108","CLE","Collin Sexton, Dean Wade, Evan Mobley, Jarrett Allen, Ricky Rubio",1,"1",10,14,14,18,324,487,4,4,0,163
"22100108","POR","CJ McCollum, Damian Lillard, Jusuf Nurkic, Larry Nance Jr., Norman Powell",1,"1",14,10,14,10,324,324,0,0,0,0
"22100108","CLE","Dean Wade, Dylan Windler, Evan Mobley, Jarrett Allen, Ricky Rubio",2,"1",14,18,14,18,487,487,0,0,0,0
"22100108","POR","CJ McCollum, Cody Zeller, Damian Lillard, Larry Nance Jr., Norman Powell",2,"1",14,10,18,14,324,487,4,4,0,163
"22100108","CLE","Darius Garland, Dean Wade, Dylan Windler, Evan Mobley, Ricky Rubio",3,"1",14,18,14,18,487,487,0,0,0,0
"22100108","POR","Cody Zeller, Damian Lillard, Larry Nance Jr., Nassir Little, Norman Powell",3,"1",18,14,18,14,487,487,0,0,0,0
"22100108","CLE","Cedi Osman, Darius Garland, Dylan Windler, Evan Mobley, Ricky Rubio",4,"1",14,18,20,24,487,643,6,6,0,156
"22100108","POR","Anfernee Simons, Cody Zeller, Damian Lillard, Larry Nance Jr., Nassir Little",4,"1",18,14,24,20,487,643,6,6,0,156
"22100108","CLE","Cedi Osman, Darius Garland, Dylan Windler, Jarrett Allen, Ricky Rubio",5,"1",20,24,23,26,643,717,3,2,1,74
"22100108","POR","Anfernee Simons, CJ McCollum, Cody Zeller, Larry Nance Jr., Nassir Little",5,"1",24,20,26,23,643,720,2,3,-1,77
"22100108","POR","Anfernee Simons, CJ McCollum, Cody Zeller, Larry Nance Jr., Nassir Little",5,"2",26,23,31,33,720,911,5,10,-5,191
"22100108","CLE","Cedi Osman, Darius Garland, Dylan Windler, Evan Mobley, Jarrett Allen",6,"1",23,26,23,26,717,717,0,0,0,0
"22100108","POR","Anfernee Simons, CJ McCollum, Cody Zeller, Larry Nance Jr., Norman Powell",6,"2",31,33,31,40,911,978,0,7,-7,67
"22100108","CLE","Cedi Osman, Dean Wade, Dylan Windler, Evan Mobley, Jarrett Allen",7,"1",23,26,23,26,717,720,0,0,0,3
"22100108","POR","CJ McCollum, Cody Zeller, Jusuf Nurkic, Larry Nance Jr., Norman Powell",7,"2",31,40,31,40,978,978,0,0,0,0
"22100108","CLE","Cedi Osman, Darius Garland, Dylan Windler, Jarrett Allen, Ricky Rubio",8,"2",23,26,33,31,720,911,10,5,5,191
"22100108","POR","CJ McCollum, Cody Zeller, Damian Lillard, Jusuf Nurkic, Norman Powell",8,"2",31,40,31,40,978,978,0,0,0,0
"22100108","CLE","Darius Garland, Dean Wade, Dylan Windler, Jarrett Allen, Ricky Rubio",9,"2",33,31,40,31,911,978,7,0,7,67
"22100108","POR","CJ McCollum, Damian Lillard, Jusuf Nurkic, Norman Powell, Robert Covington",9,"2",31,40,46,58,978,1254,15,18,-3,276
"22100108","CLE","Collin Sexton, Darius Garland, Dean Wade, Dylan Windler, Jarrett Allen",10,"2",40,31,42,34,978,1030,2,3,-1,52
"22100108","POR","Anfernee Simons, Damian Lillard, Jusuf Nurkic, Norman Powell, Robert Covington",10,"2",46,58,53,60,1254,1440,7,2,5,186
"22100108","CLE","Collin Sexton, Darius Garland, Dean Wade, Evan Mobley, Jarrett Allen",11,"2",42,34,58,46,1030,1254,16,12,4,224
"22100108","POR","CJ McCollum, Damian Lillard, Jusuf Nurkic, Norman Powell, Robert Covington",11,"3",53,60,69,74,1440,1809,16,14,2,369
"22100108","CLE","Collin Sexton, Dean Wade, Evan Mobley, Jarrett Allen, Ricky Rubio",12,"2",58,46,58,46,1254,1254,0,0,0,0
"22100108","POR","CJ McCollum, Damian Lillard, Jusuf Nurkic, Robert Covington, Tony Snell",12,"3",69,74,69,76,1809,1878,0,2,-2,69
"22100108","CLE","Collin Sexton, Dylan Windler, Evan Mobley, Jarrett Allen, Ricky Rubio",13,"2",58,46,60,53,1254,1440,2,7,-5,186
"22100108","POR","Anfernee Simons, Damian Lillard, Jusuf Nurkic, Robert Covington, Tony Snell",13,"3",69,76,71,76,1878,1909,2,0,2,31
"22100108","CLE","Collin Sexton, Darius Garland, Dean Wade, Evan Mobley, Jarrett Allen",14,"3",60,53,72,65,1440,1754,12,12,0,314
"22100108","POR","Anfernee Simons, Cody Zeller, Damian Lillard, Robert Covington, Tony Snell",14,"3",71,76,75,84,1909,2067,4,8,-4,158
"22100108","CLE","Collin Sexton, Dean Wade, Evan Mobley, Jarrett Allen, Ricky Rubio",15,"3",72,65,72,65,1754,1754,0,0,0,0
"22100108","POR","Anfernee Simons, Damian Lillard, Larry Nance Jr., Robert Covington, Tony Snell",15,"3",75,84,75,84,2067,2110,0,0,0,43
"22100108","CLE","Cedi Osman, Collin Sexton, Evan Mobley, Jarrett Allen, Ricky Rubio",16,"3",72,65,76,69,1754,1878,4,4,0,124
"22100108","POR","Anfernee Simons, Damian Lillard, Larry Nance Jr., Nassir Little, Robert Covington",16,"3",75,84,77,87,2110,2160,2,3,-1,50
"22100108","POR","Anfernee Simons, Damian Lillard, Larry Nance Jr., Nassir Little, Robert Covington",16,"4",77,87,85,93,2160,2300,8,6,2,140
"22100108","CLE","Cedi Osman, Dylan Windler, Evan Mobley, Jarrett Allen, Ricky Rubio",17,"3",76,69,76,69,1878,1878,0,0,0,0
"22100108","POR","Anfernee Simons, CJ McCollum, Larry Nance Jr., Nassir Little, Robert Covington",17,"4",85,93,87,93,2300,2341,2,0,2,41
"22100108","CLE","Cedi Osman, Darius Garland, Dylan Windler, Jarrett Allen, Ricky Rubio",18,"3",76,69,81,73,1878,1995,5,4,1,117
"22100108","POR","Anfernee Simons, CJ McCollum, Larry Nance Jr., Norman Powell, Robert Covington",18,"4",87,93,92,95,2341,2459,5,2,3,118
"22100108","CLE","Cedi Osman, Darius Garland, Dylan Windler, Evan Mobley, Ricky Rubio",19,"3",81,73,87,77,1995,2160,6,4,2,165
"22100108","CLE","Cedi Osman, Darius Garland, Dylan Windler, Evan Mobley, Ricky Rubio",19,"4",87,77,93,85,2160,2300,6,8,-2,140
"22100108","POR","CJ McCollum, Damian Lillard, Larry Nance Jr., Norman Powell, Robert Covington",19,"4",92,95,92,97,2459,2473,0,2,-2,14
"22100108","CLE","Cedi Osman, Collin Sexton, Darius Garland, Dylan Windler, Evan Mobley",20,"4",93,85,93,87,2300,2341,0,2,-2,41
"22100108","POR","CJ McCollum, Damian Lillard, Jusuf Nurkic, Larry Nance Jr., Norman Powell",20,"4",92,97,99,103,2473,2683,7,6,1,210
"22100108","CLE","Collin Sexton, Darius Garland, Dylan Windler, Evan Mobley, Jarrett Allen",21,"4",93,87,93,92,2341,2394,0,5,-5,53
"22100108","POR","Anfernee Simons, CJ McCollum, Damian Lillard, Jusuf Nurkic, Norman Powell",21,"4",99,103,104,107,2683,2871,5,4,1,188
"22100108","CLE","Collin Sexton, Darius Garland, Evan Mobley, Jarrett Allen, Ricky Rubio",22,"4",93,92,93,92,2394,2394,0,0,0,0
"22100108","POR","CJ McCollum, Damian Lillard, Jusuf Nurkic, Norman Powell, Robert Covington",22,"4",104,107,104,107,2871,2880,0,0,0,9
"22100108","CLE","Collin Sexton, Dean Wade, Evan Mobley, Jarrett Allen, Ricky Rubio",23,"4",93,92,101,96,2394,2606,8,4,4,212
"22100108","CLE","Collin Sexton, Darius Garland, Evan Mobley, Jarrett Allen, Ricky Rubio",24,"4",101,96,107,104,2606,2871,6,8,-2,265
"22100108","CLE","Cedi Osman, Darius Garland, Evan Mobley, Jarrett Allen, Ricky Rubio",25,"4",107,104,107,104,2871,2871,0,0,0,0
"22100108","CLE","Cedi Osman, Dean Wade, Evan Mobley, Jarrett Allen, Ricky Rubio",26,"4",107,104,107,104,2871,2880,0,0,0,9
"22100109","IND","Caris LeVert, Chris Duarte, Domantas Sabonis, Malcolm Brogdon, Myles Turner",0,"1",0,0,17,8,0,365,17,8,9,365
"22100109","NYK","Evan Fournier, Julius Randle, Kemba Walker, Mitchell Robinson, RJ Barrett",0,"1",0,0,12,22,0,472,12,22,-10,472
"22100109","IND","Caris LeVert, Chris Duarte, Malcolm Brogdon, Myles Turner, Torrey Craig",1,"1",17,8,17,8,365,365,0,0,0,0
"22100109","NYK","Evan Fournier, Julius Randle, Mitchell Robinson, Nerlens Noel, RJ Barrett",1,"1",12,22,12,22,472,472,0,0,0,0
"22100109","IND","Chris Duarte, Justin Holiday, Malcolm Brogdon, Myles Turner, Torrey Craig",2,"1",17,8,17,12,365,413,0,4,-4,48
"22100109","NYK","Derrick Rose, Evan Fournier, Julius Randle, Nerlens Noel, RJ Barrett",2,"1",12,22,16,22,472,529,4,0,4,57
"22100109","IND","Justin Holiday, Malcolm Brogdon, Myles Turner, T.J. McConnell, Torrey Craig",3,"1",17,12,22,16,413,529,5,4,1,116
"22100109","NYK","Alec Burks, Derrick Rose, Julius Randle, Nerlens Noel, RJ Barrett",3,"1",16,22,16,31,529,639,0,9,-9,110
"22100109","IND","Chris Duarte, Justin Holiday, Myles Turner, T.J. McConnell, Torrey Craig",4,"1",22,16,22,16,529,529,0,0,0,0
"22100109","NYK","Alec Burks, Derrick Rose, Julius Randle, Nerlens Noel, Obi Toppin",4,"1",16,31,16,31,639,639,0,0,0,0
"22100109","IND","Chris Duarte, Domantas Sabonis, Justin Holiday, T.J. McConnell, Torrey Craig",5,"1",22,16,31,18,529,673,9,2,7,144
"22100109","NYK","Alec Burks, Derrick Rose, Immanuel Quickley, Nerlens Noel, Obi Toppin",5,"1",16,31,22,36,639,720,6,5,1,81
"22100109","NYK","Alec Burks, Derrick Rose, Immanuel Quickley, Nerlens Noel, Obi Toppin",5,"2",22,36,36,46,720,982,14,10,4,262
"22100109","IND","Chris Duarte, Domantas Sabonis, Justin Holiday, Kelan Martin, T.J. McConnell",6,"1",31,18,36,22,673,720,5,4,1,47
"22100109","NYK","Alec Burks, Derrick Rose, Immanuel Quickley, Julius Randle, Nerlens Noel",6,"2",36,46,36,46,982,982,0,0,0,0
"22100109","IND","Caris LeVert, Domantas Sabonis, Justin Holiday, Kelan Martin, T.J. McConnell",7,"2",36,22,38,28,720,788,2,6,-4,68
"22100109","NYK","Alec Burks, Derrick Rose, Immanuel Quickley, Julius Randle, Mitchell Robinson",7,"2",36,46,36,49,982,1060,0,3,-3,78
"22100109","IND","Caris LeVert, Domantas Sabonis, Goga Bitadze, Kelan Martin, T.J. McConnell",8,"2",38,28,46,36,788,982,8,8,0,194
"22100109","NYK","Alec Burks, Evan Fournier, Immanuel Quickley, Julius Randle, Mitchell Robinson",8,"2",36,49,36,49,1060,1060,0,0,0,0
"22100109","IND","Caris LeVert, Domantas Sabonis, Goga Bitadze, Kelan Martin, Malcolm Brogdon",9,"2",46,36,46,36,982,982,0,0,0,0
"22100109","NYK","Alec Burks, Evan Fournier, Julius Randle, Kemba Walker, Mitchell Robinson",9,"2",36,49,36,49,1060,1060,0,0,0,0
"22100109","IND","Caris LeVert, Goga Bitadze, Kelan Martin, Malcolm Brogdon, Torrey Craig",10,"2",46,36,46,36,982,982,0,0,0,0
"22100109","NYK","Evan Fournier, Julius Randle, Kemba Walker, Mitchell Robinson, RJ Barrett",10,"2",36,49,50,59,1060,1440,14,10,4,380
"22100109","NYK","Evan Fournier, Julius Randle, Kemba Walker, Mitchell Robinson, RJ Barrett",10,"3",50,59,68,76,1440,1895,18,17,1,455
"22100109","IND","Caris LeVert, Goga Bitadze, Justin Holiday, Malcolm Brogdon, Torrey Craig",11,"2",46,36,46,36,982,982,0,0,0,0
"22100109","NYK","Evan Fournier, Julius Randle, Kemba Walker, Nerlens Noel, RJ Barrett",11,"3",68,76,68,78,1895,1919,0,2,-2,24
"22100109","IND","Caris LeVert, Justin Holiday, Malcolm Brogdon, Myles Turner, Torrey Craig",12,"2",46,36,49,36,982,1060,3,0,3,78
"22100109","NYK","Derrick Rose, Evan Fournier, Julius Randle, Nerlens Noel, RJ Barrett",12,"3",68,78,68,78,1919,1919,0,0,0,0
"22100109","IND","Caris LeVert, Domantas Sabonis, Justin Holiday, Malcolm Brogdon, Torrey Craig",13,"2",49,36,49,36,1060,1060,0,0,0,0
"22100109","NYK","Alec Burks, Derrick Rose, Julius Randle, Nerlens Noel, RJ Barrett",13,"3",68,78,72,78,1919,2006,4,0,4,87
"22100109","IND","Chris Duarte, Domantas Sabonis, Justin Holiday, Malcolm Brogdon, Torrey Craig",14,"2",49,36,55,44,1060,1292,6,8,-2,232
"22100109","NYK","Alec Burks, Derrick Rose, Immanuel Quickley, Julius Randle, Nerlens Noel",14,"3",72,78,75,78,2006,2073,3,0,3,67
"22100109","IND","Caris LeVert, Domantas Sabonis, Justin Holiday, Malcolm Brogdon, Torrey Craig",15,"2",55,44,57,48,1292,1366,2,4,-2,74
"22100109","NYK","Alec Burks, Derrick Rose, Immanuel Quickley, Nerlens Noel, Obi Toppin",15,"3",75,78,75,80,2073,2160,0,2,-2,87
"22100109","NYK","Alec Burks, Derrick Rose, Immanuel Quickley, Nerlens Noel, Obi Toppin",15,"4",75,80,85,92,2160,2384,10,12,-2,224
"22100109","IND","Caris LeVert, Chris Duarte, Domantas Sabonis, Malcolm Brogdon, Torrey Craig",16,"2",57,48,57,48,1366,1366,0,0,0,0
"22100109","NYK","Alec Burks, Derrick Rose, Immanuel Quickley, Julius Randle, Nerlens Noel",16,"4",85,92,87,94,2384,2414,2,2,0,30
"22100109","IND","Caris LeVert, Chris Duarte, Goga Bitadze, Malcolm Brogdon, Torrey Craig",17,"2",57,48,59,50,1366,1436,2,2,0,70
"22100109","NYK","Alec Burks, Derrick Rose, Julius Randle, Nerlens Noel, RJ Barrett",17,"4",87,94,89,95,2414,2453,2,1,1,39
"22100109","IND","Caris LeVert, Chris Duarte, Goga Bitadze, Kelan Martin, Malcolm Brogdon",18,"2",59,50,59,50,1436,1440,0,0,0,4
"22100109","NYK","Alec Burks, Derrick Rose, Julius Randle, Mitchell Robinson, RJ Barrett",18,"4",89,95,91,100,2453,2518,2,5,-3,65
"22100109","IND","Caris LeVert, Chris Duarte, Domantas Sabonis, Malcolm Brogdon, Myles Turner",19,"3",59,50,69,62,1440,1726,10,12,-2,286
"22100109","NYK","Alec Burks, Evan Fournier, Julius Randle, Mitchell Robinson, RJ Barrett",19,"4",91,100,91,100,2518,2518,0,0,0,0
"22100109","IND","Caris LeVert, Chris Duarte, Malcolm Brogdon, Myles Turner, Torrey Craig",20,"3",69,62,73,66,1726,1824,4,4,0,98
"22100109","NYK","Evan Fournier, Julius Randle, Kemba Walker, Mitchell Robinson, RJ Barrett",20,"4",91,100,96,109,2518,2727,5,9,-4,209
"22100109","IND","Caris LeVert, Justin Holiday, Malcolm Brogdon, Myles Turner, Torrey Craig",21,"3",73,66,78,68,1824,1903,5,2,3,79
"22100109","NYK","Alec Burks, Evan Fournier, Julius Randle, Kemba Walker, RJ Barrett",21,"4",96,109,98,111,2727,2880,2,2,0,153
"22100109","IND","Chris Duarte, Justin Holiday, Malcolm Brogdon, Myles Turner, Torrey Craig",22,"3",78,68,78,72,1903,2006,0,4,-4,103
"22100109","IND","Chris Duarte, Justin Holiday, Myles Turner, T.J. McConnell, Torrey Craig",23,"3",78,72,78,75,2006,2056,0,3,-3,50
"22100109","IND","Caris LeVert, Justin Holiday, Myles Turner, T.J. McConnell, Torrey Craig",24,"3",78,75,80,75,2056,2160,2,0,2,104
"22100109","IND","Caris LeVert, Domantas Sabonis, Goga Bitadze, Justin Holiday, T.J. McConnell",25,"4",80,75,85,79,2160,2245,5,4,1,85
"22100109","IND","Domantas Sabonis, Goga Bitadze, Justin Holiday, Malcolm Brogdon, T.J. McConnell",26,"4",85,79,85,83,2245,2294,0,4,-4,49
"22100109","IND","Chris Duarte, Domantas Sabonis, Goga Bitadze, Malcolm Brogdon, T.J. McConnell",27,"4",85,83,94,89,2294,2444,9,6,3,150
"22100109","IND","Caris LeVert, Chris Duarte, Domantas Sabonis, Goga Bitadze, Malcolm Brogdon",28,"4",94,89,95,91,2444,2472,1,2,-1,28
"22100109","IND","Caris LeVert, Chris Duarte, Domantas Sabonis, Malcolm Brogdon, Myles Turner",29,"4",95,91,111,98,2472,2803,16,7,9,331
"22100109","IND","Caris LeVert, Chris Duarte, Malcolm Brogdon, Myles Turner, Torrey Craig",30,"4",111,98,111,98,2803,2803,0,0,0,0
"22100109","IND","Chris Duarte, Justin Holiday, Malcolm Brogdon, Myles Turner, Torrey Craig",31,"4",111,98,111,98,2803,2880,0,0,0,77
"22100110","BOS","Al Horford, Jaylen Brown, Jayson Tatum, Marcus Smart, Robert Williams III",0,"1",0,0,11,16,0,301,11,16,-5,301
"22100110","ORL","Cole Anthony, Franz Wagner, Jalen Suggs, Mo Bamba, Wendell Carter Jr.",0,"1",0,0,16,11,0,301,16,11,5,301
"22100110","BOS","Grant Williams, Jaylen Brown, Jayson Tatum, Marcus Smart, Robert Williams III",1,"1",11,16,15,18,301,383,4,2,2,82
"22100110","ORL","Cole Anthony, Franz Wagner, Jalen Suggs, Terrence Ross, Wendell Carter Jr.",1,"1",16,11,16,11,301,301,0,0,0,0
"22100110","BOS","Dennis Schroder, Grant Williams, Jaylen Brown, Marcus Smart, Robert Williams III",2,"1",15,18,15,18,383,383,0,0,0,0
"22100110","ORL","Chuma Okeke, Cole Anthony, Franz Wagner, Terrence Ross, Wendell Carter Jr.",2,"1",16,11,26,22,301,578,10,11,-1,277
"22100110","BOS","Dennis Schroder, Grant Williams, Jaylen Brown, Josh Richardson, Robert Williams III",3,"1",15,18,22,26,383,578,7,8,-1,195
"22100110","ORL","Chuma Okeke, Cole Anthony, Mo Bamba, Terrence Ross, Wendell Carter Jr.",3,"1",26,22,26,22,578,578,0,0,0,0
"22100110","BOS","Al Horford, Dennis Schroder, Grant Williams, Josh Richardson, Robert Williams III",4,"1",22,26,22,26,578,578,0,0,0,0
"22100110","ORL","Chuma Okeke, Cole Anthony, Mo Bamba, R.J. Hampton, Terrence Ross",4,"1",26,22,26,25,578,612,0,3,-3,34
"22100110","BOS","Al Horford, Dennis Schroder, Grant Williams, Josh Richardson, Romeo Langford",5,"1",22,26,26,28,578,720,4,2,2,142
"22100110","ORL","Chuma Okeke, Jalen Suggs, Mo Bamba, R.J. Hampton, Terrence Ross",5,"1",26,25,28,26,612,720,2,1,1,108
"22100110","BOS","Al Horford, Dennis Schroder, Jayson Tatum, Josh Richardson, Romeo Langford",6,"2",26,28,31,31,720,842,5,3,2,122
"22100110","ORL","Jalen Suggs, Mo Bamba, R.J. Hampton, Terrence Ross, Wendell Carter Jr.",6,"2",28,26,39,31,720,937,11,5,6,217
"22100110","BOS","Al Horford, Dennis Schroder, Jayson Tatum, Payton Pritchard, Romeo Langford",7,"2",31,31,31,31,842,842,0,0,0,0
"22100110","ORL","Franz Wagner, Jalen Suggs, Mo Bamba, R.J. Hampton, Wendell Carter Jr.",7,"2",39,31,39,34,937,1030,0,3,-3,93
"22100110","BOS","Al Horford, Jayson Tatum, Marcus Smart, Payton Pritchard, Romeo Langford",8,"2",31,31,31,39,842,937,0,8,-8,95
"22100110","ORL","Cole Anthony, Franz Wagner, Jalen Suggs, Mo Bamba, Wendell Carter Jr.",8,"2",39,34,41,36,1030,1180,2,2,0,150
"22100110","BOS","Al Horford, Jaylen Brown, Jayson Tatum, Marcus Smart, Payton Pritchard",9,"2",31,39,31,39,937,937,0,0,0,0
"22100110","ORL","Cole Anthony, Franz Wagner, Mo Bamba, Terrence Ross, Wendell Carter Jr.",9,"2",41,36,46,42,1180,1274,5,6,-1,94
"22100110","BOS","Jaylen Brown, Jayson Tatum, Marcus Smart, Payton Pritchard, Robert Williams III",10,"2",31,39,42,46,937,1274,11,7,4,337
"22100110","ORL","Cole Anthony, Franz Wagner, Moritz Wagner, Terrence Ross, Wendell Carter Jr.",10,"2",46,42,46,42,1274,1274,0,0,0,0
"22100110","BOS","Dennis Schroder, Jaylen Brown, Jayson Tatum, Marcus Smart, Robert Williams III",11,"2",42,46,42,46,1274,1274,0,0,0,0
"22100110","ORL","Chuma Okeke, Cole Anthony, Franz Wagner, Moritz Wagner, Terrence Ross",11,"2",46,42,46,44,1274,1440,0,2,-2,166
"22100110","BOS","Al Horford, Dennis Schroder, Jaylen Brown, Jayson Tatum, Marcus Smart",12,"2",42,46,44,46,1274,1428,2,0,2,154
"22100110","ORL","Cole Anthony, Franz Wagner, Jalen Suggs, Mo Bamba, Wendell Carter Jr.",12,"3",46,44,47,60,1440,1801,1,16,-15,361
"22100110","BOS","Al Horford, Dennis Schroder, Grant Williams, Jayson Tatum, Marcus Smart",13,"2",44,46,44,46,1428,1440,0,0,0,12
"22100110","ORL","Cole Anthony, Franz Wagner, Mo Bamba, Terrence Ross, Wendell Carter Jr.",13,"3",47,60,50,62,1801,1863,3,2,1,62
"22100110","BOS","Al Horford, Jaylen Brown, Jayson Tatum, Marcus Smart, Robert Williams III",14,"3",44,46,60,47,1440,1801,16,1,15,361
"22100110","ORL","Chuma Okeke, Cole Anthony, Franz Wagner, Mo Bamba, Terrence Ross",14,"3",50,62,50,67,1863,1946,0,5,-5,83
"22100110","BOS","Al Horford, Jaylen Brown, Marcus Smart, Robert Williams III, Romeo Langford",15,"3",60,47,60,47,1801,1801,0,0,0,0
"22100110","ORL","Chuma Okeke, Cole Anthony, Franz Wagner, Moritz Wagner, Terrence Ross",15,"3",50,67,50,67,1946,1946,0,0,0,0
"22100110","BOS","Dennis Schroder, Jaylen Brown, Marcus Smart, Robert Williams III, Romeo Langford",16,"3",60,47,62,50,1801,1863,2,3,-1,62
"22100110","ORL","Chuma Okeke, Cole Anthony, Moritz Wagner, R.J. Hampton, Terrence Ross",16,"3",50,67,56,75,1946,2160,6,8,-2,214
"22100110","BOS","Dennis Schroder, Josh Richardson, Marcus Smart, Robert Williams III, Romeo Langford",17,"3",62,50,69,52,1863,2000,7,2,5,137
"22100110","ORL","Jalen Suggs, Mo Bamba, R.J. Hampton, Terrence Ross, Wendell Carter Jr.",17,"4",56,75,61,84,2160,2400,5,9,-4,240
"22100110","BOS","Al Horford, Dennis Schroder, Josh Richardson, Marcus Smart, Romeo Langford",18,"3",69,52,75,56,2000,2160,6,4,2,160
"22100110","ORL","Cole Anthony, Mo Bamba, R.J. Hampton, Terrence Ross, Wendell Carter Jr.",18,"4",61,84,61,84,2400,2400,0,0,0,0
"22100110","BOS","Al Horford, Dennis Schroder, Jayson Tatum, Josh Richardson, Romeo Langford",19,"4",75,56,80,61,2160,2315,5,5,0,155
"22100110","ORL","Cole Anthony, Franz Wagner, R.J. Hampton, Terrence Ross, Wendell Carter Jr.",19,"4",61,84,61,84,2400,2400,0,0,0,0
"22100110","BOS","Al Horford, Dennis Schroder, Jaylen Brown, Jayson Tatum, Josh Richardson",20,"4",80,61,84,61,2315,2400,4,0,4,85
"22100110","ORL","Chuma Okeke, Cole Anthony, Franz Wagner, Terrence Ross, Wendell Carter Jr.",20,"4",61,84,69,84,2400,2628,8,0,8,228
"22100110","BOS","Dennis Schroder, Jaylen Brown, Jayson Tatum, Josh Richardson, Robert Williams III",21,"4",84,61,84,65,2400,2496,0,4,-4,96
"22100110","ORL","Chuma Okeke, Cole Anthony, Franz Wagner, R.J. Hampton, Wendell Carter Jr.",21,"4",69,84,69,84,2628,2628,0,0,0,0
"22100110","BOS","Dennis Schroder, Jaylen Brown, Jayson Tatum, Marcus Smart, Robert Williams III",22,"4",84,65,89,70,2496,2731,5,5,0,235
"22100110","ORL","Cole Anthony, Franz Wagner, Mo Bamba, R.J. Hampton, Wendell Carter Jr.",22,"4",69,84,70,85,2628,2654,1,1,0,26
"22100110","BOS","Dennis Schroder, Jaylen Brown, Marcus Smart, Payton Pritchard, Robert Williams III",23,"4",89,70,89,70,2731,2731,0,0,0,0
"22100110","ORL","Cole Anthony, Franz Wagner, Mychal Mulder, R.J. Hampton, Wendell Carter Jr.",23,"4",70,85,70,87,2654,2708,0,2,-2,54
"22100110","BOS","Bruno Fernando, Dennis Schroder, Marcus Smart, Payton Pritchard, Robert Williams III",24,"4",89,70,89,70,2731,2731,0,0,0,0
"22100110","ORL","Cole Anthony, Moritz Wagner, Mychal Mulder, R.J. Hampton, Wendell Carter Jr.",24,"4",70,87,70,87,2708,2708,0,0,0,0
"22100110","BOS","Aaron Nesmith, Bruno Fernando, Dennis Schroder, Marcus Smart, Payton Pritchard",25,"4",89,70,92,71,2731,2762,3,1,2,31
"22100110","ORL","Cole Anthony, Ignas Brazdeikis, Moritz Wagner, Mychal Mulder, R.J. Hampton",25,"4",70,87,79,92,2708,2880,9,5,4,172
"22100110","BOS","Aaron Nesmith, Bruno Fernando, Dennis Schroder, Payton Pritchard, Romeo Langford",26,"4",92,71,92,71,2762,2762,0,0,0,0
"22100110","BOS","Aaron Nesmith, Bruno Fernando, Juancho Hernangomez, Payton Pritchard, Romeo Langford",27,"4",92,71,92,79,2762,2880,0,8,-8,118
"22100111","CHI","DeMar DeRozan, Javonte Green, Lonzo Ball, Nikola Vucevic, Zach LaVine",0,"1",0,0,12,17,0,459,12,17,-5,459
"22100111","PHI","Furkan Korkmaz, Joel Embiid, Matisse Thybulle, Seth Curry, Tyrese Maxey",0,"1",0,0,17,12,0,459,17,12,5,459
"22100111","CHI","Ayo Dosunmu, Javonte Green, Lonzo Ball, Nikola Vucevic, Zach LaVine",1,"1",12,17,12,17,459,459,0,0,0,0
"22100111","PHI","Furkan Korkmaz, Joel Embiid, Matisse Thybulle, Seth Curry, Shake Milton",1,"1",17,12,19,12,459,492,2,0,2,33
"22100111","CHI","Alex Caruso, Ayo Dosunmu, Javonte Green, Nikola Vucevic, Zach LaVine",2,"1",12,17,12,21,459,558,0,4,-4,99
"22100111","PHI","Georges Niang, Joel Embiid, Matisse Thybulle, Seth Curry, Shake Milton",2,"1",19,12,21,12,492,558,2,0,2,66
"22100111","CHI","Alex Caruso, Ayo Dosunmu, Derrick Jones Jr., Nikola Vucevic, Zach LaVine",3,"1",12,21,16,29,558,703,4,8,-4,145
"22100111","PHI","Andre Drummond, Georges Niang, Matisse Thybulle, Seth Curry, Shake Milton",3,"1",21,12,21,12,558,558,0,0,0,0
"22100111","CHI","Alex Caruso, Ayo Dosunmu, Derrick Jones Jr., Tony Bradley, Zach LaVine",4,"1",16,29,16,29,703,703,0,0,0,0
"22100111","PHI","Andre Drummond, Georges Niang, Isaiah Joe, Matisse Thybulle, Shake Milton",4,"1",21,12,29,16,558,703,8,4,4,145
"22100111","CHI","Alex Caruso, DeMar DeRozan, Derrick Jones Jr., Tony Bradley, Zach LaVine",5,"1",16,29,19,29,703,720,3,0,3,17
"22100111","PHI","Andre Drummond, Furkan Korkmaz, Georges Niang, Isaiah Joe, Shake Milton",5,"1",29,16,29,19,703,720,0,3,-3,17
"22100111","PHI","Andre Drummond, Furkan Korkmaz, Georges Niang, Isaiah Joe, Shake Milton",5,"2",29,19,31,26,720,840,2,7,-5,120
"22100111","CHI","Alex Caruso, Ayo Dosunmu, DeMar DeRozan, Derrick Jones Jr., Tony Bradley",6,"2",19,29,19,31,720,752,0,2,-2,32
"22100111","PHI","Andre Drummond, Furkan Korkmaz, Georges Niang, Shake Milton, Tyrese Maxey",6,"2",31,26,42,32,840,1036,11,6,5,196
"22100111","CHI","Alex Caruso, DeMar DeRozan, Derrick Jones Jr., Lonzo Ball, Tony Bradley",7,"2",19,31,32,42,752,1036,13,11,2,284
"22100111","PHI","Furkan Korkmaz, Georges Niang, Joel Embiid, Shake Milton, Tyrese Maxey",7,"2",42,32,42,32,1036,1036,0,0,0,0
"22100111","CHI","Alex Caruso, DeMar DeRozan, Lonzo Ball, Tony Bradley, Zach LaVine",8,"2",32,42,32,42,1036,1036,0,0,0,0
"22100111","PHI","Furkan Korkmaz, Georges Niang, Joel Embiid, Seth Curry, Tyrese Maxey",8,"2",42,32,42,32,1036,1036,0,0,0,0
"22100111","CHI","DeMar DeRozan, Lonzo Ball, Nikola Vucevic, Tony Bradley, Zach LaVine",9,"2",32,42,32,42,1036,1036,0,0,0,0
"22100111","PHI","Georges Niang, Joel Embiid, Matisse Thybulle, Seth Curry, Tyrese Maxey",9,"2",42,32,54,38,1036,1301,12,6,6,265
"22100111","CHI","Ayo Dosunmu, Lonzo Ball, Nikola Vucevic, Tony Bradley, Zach LaVine",10,"2",32,42,32,42,1036,1036,0,0,0,0
"22100111","PHI","Furkan Korkmaz, Joel Embiid, Matisse Thybulle, Seth Curry, Tyrese Maxey",10,"2",54,38,58,44,1301,1417,4,6,-2,116
"22100111","CHI","Ayo Dosunmu, Javonte Green, Lonzo Ball, Nikola Vucevic, Zach LaVine",11,"2",32,42,32,45,1036,1113,0,3,-3,77
"22100111","PHI","Andre Drummond, Furkan Korkmaz, Matisse Thybulle, Seth Curry, Tyrese Maxey",11,"2",58,44,58,44,1417,1440,0,0,0,23
"22100111","CHI","Alex Caruso, Ayo Dosunmu, Javonte Green, Nikola Vucevic, Zach LaVine",12,"2",32,45,36,52,1113,1258,4,7,-3,145
"22100111","PHI","Furkan Korkmaz, Joel Embiid, Matisse Thybulle, Seth Curry, Tyrese Maxey",12,"3",58,44,68,59,1440,1781,10,15,-5,341
"22100111","CHI","Alex Caruso, DeMar DeRozan, Javonte Green, Nikola Vucevic, Zach LaVine",13,"2",36,52,36,52,1258,1258,0,0,0,0
"22100111","PHI","Furkan Korkmaz, Joel Embiid, Matisse Thybulle, Seth Curry, Shake Milton",13,"3",68,59,68,59,1781,1781,0,0,0,0
"22100111","CHI","Alex Caruso, DeMar DeRozan, Lonzo Ball, Nikola Vucevic, Zach LaVine",14,"2",36,52,44,58,1258,1440,8,6,2,182
"22100111","PHI","Georges Niang, Joel Embiid, Matisse Thybulle, Seth Curry, Shake Milton",14,"3",68,59,79,69,1781,2060,11,10,1,279
"22100111","CHI","DeMar DeRozan, Javonte Green, Lonzo Ball, Nikola Vucevic, Zach LaVine",15,"3",44,58,51,63,1440,1581,7,5,2,141
"22100111","PHI","Georges Niang, Matisse Thybulle, Seth Curry, Shake Milton, Tyrese Maxey",15,"3",79,69,79,69,2060,2060,0,0,0,0
"22100111","CHI","Alex Caruso, DeMar DeRozan, Javonte Green, Nikola Vucevic, Zach LaVine",16,"3",51,63,64,73,1581,1918,13,10,3,337
"22100111","PHI","Andre Drummond, Georges Niang, Matisse Thybulle, Shake Milton, Tyrese Maxey",16,"3",79,69,84,72,2060,2160,5,3,2,100
"22100111","CHI","Alex Caruso, Javonte Green, Lonzo Ball, Nikola Vucevic, Zach LaVine",17,"3",64,73,69,79,1918,2060,5,6,-1,142
"22100111","PHI","Andre Drummond, Furkan Korkmaz, Georges Niang, Shake Milton, Tyrese Maxey",17,"4",84,72,87,83,2160,2394,3,11,-8,234
"22100111","CHI","Alex Caruso, Javonte Green, Lonzo Ball, Tony Bradley, Zach LaVine",18,"3",69,79,69,79,2060,2060,0,0,0,0
"22100111","PHI","Furkan Korkmaz, Georges Niang, Matisse Thybulle, Shake Milton, Tyrese Maxey",18,"4",87,83,87,83,2394,2394,0,0,0,0
"22100111","CHI","Alex Caruso, Derrick Jones Jr., Lonzo Ball, Tony Bradley, Zach LaVine",19,"3",69,79,72,84,2060,2160,3,5,-2,100
"22100111","PHI","Furkan Korkmaz, Georges Niang, Joel Embiid, Matisse Thybulle, Tyrese Maxey",19,"4",87,83,87,83,2394,2394,0,0,0,0
"22100111","CHI","Alex Caruso, DeMar DeRozan, Derrick Jones Jr., Lonzo Ball, Tony Bradley",20,"4",72,84,78,85,2160,2292,6,1,5,132
"22100111","PHI","Georges Niang, Joel Embiid, Matisse Thybulle, Seth Curry, Tyrese Maxey",20,"4",87,83,100,98,2394,2851,13,15,-2,457
"22100111","CHI","Ayo Dosunmu, DeMar DeRozan, Derrick Jones Jr., Lonzo Ball, Tony Bradley",21,"4",78,85,85,87,2292,2445,7,2,5,153
"22100111","PHI","Furkan Korkmaz, Georges Niang, Joel Embiid, Seth Curry, Tyrese Maxey",21,"4",100,98,102,98,2851,2870,2,0,2,19
"22100111","CHI","Ayo Dosunmu, DeMar DeRozan, Derrick Jones Jr., Tony Bradley, Zach LaVine",22,"4",85,87,85,87,2445,2445,0,0,0,0
"22100111","PHI","Georges Niang, Joel Embiid, Matisse Thybulle, Seth Curry, Tyrese Maxey",22,"4",102,98,102,98,2870,2875,0,0,0,5
"22100111","CHI","Ayo Dosunmu, DeMar DeRozan, Derrick Jones Jr., Nikola Vucevic, Zach LaVine",23,"4",85,87,89,94,2445,2580,4,7,-3,135
"22100111","PHI","Furkan Korkmaz, Georges Niang, Joel Embiid, Seth Curry, Tyrese Maxey",23,"4",102,98,103,98,2875,2877,1,0,1,2
"22100111","CHI","Ayo Dosunmu, DeMar DeRozan, Lonzo Ball, Nikola Vucevic, Zach LaVine",24,"4",89,94,89,94,2580,2580,0,0,0,0
"22100111","PHI","Georges Niang, Joel Embiid, Matisse Thybulle, Seth Curry, Tyrese Maxey",24,"4",103,98,103,98,2877,2880,0,0,0,3
"22100111","CHI","Alex Caruso, DeMar DeRozan, Lonzo Ball, Nikola Vucevic, Zach LaVine",25,"4",89,94,98,103,2580,2880,9,9,0,300
"22100112","TOR","Fred VanVleet, Gary Trent Jr., OG Anunoby, Precious Achiuwa, Svi Mykhailiuk",0,"1",0,0,20,18,0,516,20,18,2,516
"22100112","WAS","Bradley Beal, Daniel Gafford, Kentavious Caldwell-Pope, Kyle Kuzma, Spencer Dinwiddie",0,"1",0,0,7,13,0,306,7,13,-6,306
"22100112","TOR","Dalano Banton, Fred VanVleet, Gary Trent Jr., Precious Achiuwa, Svi Mykhailiuk",1,"1",20,18,20,18,516,516,0,0,0,0
"22100112","WAS","Bradley Beal, Daniel Gafford, Kentavious Caldwell-Pope, Kyle Kuzma, Raul Neto",1,"1",7,13,11,13,306,379,4,0,4,73
"22100112","TOR","Chris Boucher, Dalano Banton, Fred VanVleet, Gary Trent Jr., Svi Mykhailiuk",2,"1",20,18,20,18,516,516,0,0,0,0
"22100112","WAS","Bradley Beal, Daniel Gafford, Deni Avdija, Kyle Kuzma, Raul Neto",2,"1",11,13,11,13,379,379,0,0,0,0
"22100112","TOR","Chris Boucher, Dalano Banton, Gary Trent Jr., Khem Birch, Svi Mykhailiuk",3,"1",20,18,22,23,516,587,2,5,-3,71
"22100112","WAS","Bradley Beal, Deni Avdija, Kyle Kuzma, Montrezl Harrell, Raul Neto",3,"1",11,13,18,20,379,516,7,7,0,137
"22100112","TOR","Chris Boucher, Dalano Banton, Gary Trent Jr., Khem Birch, OG Anunoby",4,"1",22,23,24,26,587,680,2,3,-1,93
"22100112","WAS","Bradley Beal, Corey Kispert, Deni Avdija, Montrezl Harrell, Raul Neto",4,"1",18,20,23,22,516,587,5,2,3,71
"22100112","TOR","Chris Boucher, Dalano Banton, Fred VanVleet, Khem Birch, OG Anunoby",5,"1",24,26,29,29,680,720,5,3,2,40
"22100112","TOR","Chris Boucher, Dalano Banton, Fred VanVleet, Khem Birch, OG Anunoby",5,"2",29,29,42,34,720,1028,13,5,8,308
"22100112","WAS","Corey Kispert, Deni Avdija, Montrezl Harrell, Raul Neto, Spencer Dinwiddie",5,"1",23,22,29,29,587,720,6,7,-1,133
"22100112","TOR","Chris Boucher, Dalano Banton, Fred VanVleet, Khem Birch, Svi Mykhailiuk",6,"2",42,34,42,36,1028,1053,0,2,-2,25
"22100112","WAS","Aaron Holiday, Daniel Gafford, Deni Avdija, Kentavious Caldwell-Pope, Spencer Dinwiddie",6,"2",29,29,32,35,720,929,3,6,-3,209
"22100112","TOR","Chris Boucher, Dalano Banton, Fred VanVleet, Precious Achiuwa, Svi Mykhailiuk",7,"2",42,36,49,42,1053,1183,7,6,1,130
"22100112","WAS","Aaron Holiday, Bradley Beal, Daniel Gafford, Deni Avdija, Kentavious Caldwell-Pope",7,"2",32,35,32,37,929,953,0,2,-2,24
"22100112","TOR","Dalano Banton, Fred VanVleet, Malachi Flynn, Precious Achiuwa, Svi Mykhailiuk",8,"2",49,42,49,42,1183,1183,0,0,0,0
"22100112","WAS","Aaron Holiday, Bradley Beal, Daniel Gafford, Kentavious Caldwell-Pope, Kyle Kuzma",8,"2",32,37,34,42,953,1028,2,5,-3,75
"22100112","TOR","Fred VanVleet, Gary Trent Jr., Malachi Flynn, Precious Achiuwa, Svi Mykhailiuk",9,"2",49,42,53,42,1183,1233,4,0,4,50
"22100112","WAS","Aaron Holiday, Bradley Beal, Daniel Gafford, Kyle Kuzma, Montrezl Harrell",9,"2",34,42,34,42,1028,1028,0,0,0,0
"22100112","TOR","Gary Trent Jr., Malachi Flynn, OG Anunoby, Precious Achiuwa, Svi Mykhailiuk",10,"2",53,42,56,44,1233,1339,3,2,1,106
"22100112","WAS","Bradley Beal, Daniel Gafford, Kyle Kuzma, Montrezl Harrell, Raul Neto",10,"2",34,42,34,42,1028,1028,0,0,0,0
"22100112","TOR","Fred VanVleet, Gary Trent Jr., OG Anunoby, Precious Achiuwa, Svi Mykhailiuk",11,"2",56,44,59,48,1339,1440,3,4,-1,101
"22100112","WAS","Bradley Beal, Corey Kispert, Kyle Kuzma, Montrezl Harrell, Raul Neto",11,"2",34,42,42,53,1028,1233,8,11,-3,205
"22100112","TOR","Fred VanVleet, Gary Trent Jr., Khem Birch, OG Anunoby, Svi Mykhailiuk",12,"3",59,48,72,56,1440,1719,13,8,5,279
"22100112","WAS","Bradley Beal, Kentavious Caldwell-Pope, Kyle Kuzma, Montrezl Harrell, Raul Neto",12,"2",42,53,42,56,1233,1257,0,3,-3,24
"22100112","TOR","Fred VanVleet, Gary Trent Jr., OG Anunoby, Precious Achiuwa, Svi Mykhailiuk",13,"3",72,56,76,68,1719,1927,4,12,-8,208
"22100112","WAS","Bradley Beal, Kentavious Caldwell-Pope, Kyle Kuzma, Montrezl Harrell, Spencer Dinwiddie",13,"2",42,56,48,59,1257,1440,6,3,3,183
"22100112","TOR","Dalano Banton, Fred VanVleet, Gary Trent Jr., OG Anunoby, Precious Achiuwa",14,"3",76,68,76,68,1927,1927,0,0,0,0
"22100112","WAS","Bradley Beal, Daniel Gafford, Kentavious Caldwell-Pope, Kyle Kuzma, Spencer Dinwiddie",14,"3",48,59,56,72,1440,1719,8,13,-5,279
"22100112","TOR","Chris Boucher, Dalano Banton, Gary Trent Jr., OG Anunoby, Precious Achiuwa",15,"3",76,68,76,71,1927,1955,0,3,-3,28
"22100112","WAS","Bradley Beal, Daniel Gafford, Kentavious Caldwell-Pope, Montrezl Harrell, Spencer Dinwiddie",15,"3",56,72,56,72,1719,1719,0,0,0,0
"22100112","TOR","Chris Boucher, Dalano Banton, Gary Trent Jr., Justin Champagnie, Precious Achiuwa",16,"3",76,71,76,71,1955,1955,0,0,0,0
"22100112","WAS","Bradley Beal, Deni Avdija, Kentavious Caldwell-Pope, Montrezl Harrell, Spencer Dinwiddie",16,"3",56,72,65,74,1719,1852,9,2,7,133
"22100112","TOR","Chris Boucher, Dalano Banton, Fred VanVleet, Justin Champagnie, Precious Achiuwa",17,"3",76,71,86,77,1955,2160,10,6,4,205
"22100112","WAS","Bradley Beal, Corey Kispert, Deni Avdija, Montrezl Harrell, Spencer Dinwiddie",17,"3",65,74,65,74,1852,1852,0,0,0,0
"22100112","TOR","Chris Boucher, Dalano Banton, Fred VanVleet, OG Anunoby, Precious Achiuwa",18,"4",86,77,91,83,2160,2290,5,6,-1,130
"22100112","WAS","Bradley Beal, Corey Kispert, Deni Avdija, Montrezl Harrell, Raul Neto",18,"3",65,74,77,86,1852,2160,12,12,0,308
"22100112","TOR","Dalano Banton, Fred VanVleet, Gary Trent Jr., OG Anunoby, Precious Achiuwa",19,"4",91,83,91,83,2290,2290,0,0,0,0
"22100112","WAS","Corey Kispert, Daniel Gafford, Deni Avdija, Kentavious Caldwell-Pope, Spencer Dinwiddie",19,"4",77,86,81,91,2160,2280,4,5,-1,120
"22100112","TOR","Fred VanVleet, Gary Trent Jr., OG Anunoby, Precious Achiuwa, Svi Mykhailiuk",20,"4",91,83,94,86,2290,2383,3,3,0,93
"22100112","WAS","Corey Kispert, Daniel Gafford, Kentavious Caldwell-Pope, Raul Neto, Spencer Dinwiddie",20,"4",81,91,86,94,2280,2383,5,3,2,103
"22100112","TOR","Fred VanVleet, Gary Trent Jr., Khem Birch, OG Anunoby, Svi Mykhailiuk",21,"4",94,86,109,100,2383,2880,15,14,1,497
"22100112","WAS","Bradley Beal, Daniel Gafford, Kentavious Caldwell-Pope, Raul Neto, Spencer Dinwiddie",21,"4",86,94,86,98,2383,2424,0,4,-4,41
"22100112","WAS","Bradley Beal, Deni Avdija, Kentavious Caldwell-Pope, Raul Neto, Spencer Dinwiddie",22,"4",86,98,86,98,2424,2424,0,0,0,0
"22100112","WAS","Bradley Beal, Deni Avdija, Kentavious Caldwell-Pope, Montrezl Harrell, Raul Neto",23,"4",86,98,93,101,2424,2565,7,3,4,141
"22100112","WAS","Bradley Beal, Deni Avdija, Kentavious Caldwell-Pope, Montrezl Harrell, Spencer Dinwiddie",24,"4",93,101,98,106,2565,2822,5,5,0,257
"22100112","WAS","Bradley Beal, Deni Avdija, Kentavious Caldwell-Pope, Raul Neto, Spencer Dinwiddie",25,"4",98,106,98,108,2822,2823,0,2,-2,1
"22100112","WAS","Bradley Beal, Kentavious Caldwell-Pope, Montrezl Harrell, Raul Neto, Spencer Dinwiddie",26,"4",98,108,100,109,2823,2880,2,1,1,57
"22100113","ATL","Bogdan Bogdanovic, Clint Capela, De'Andre Hunter, John Collins, Trae Young",0,"1",0,0,24,18,0,512,24,18,6,512
"22100113","BKN","Blake Griffin, Bruce Brown, James Harden, Joe Harris, Kevin Durant",0,"1",0,0,18,24,0,512,18,24,-6,512
"22100113","ATL","Bogdan Bogdanovic, Cam Reddish, De'Andre Hunter, John Collins, Trae Young",1,"1",24,18,24,22,512,567,0,4,-4,55
"22100113","BKN","Blake Griffin, James Harden, Joe Harris, Kevin Durant, LaMarcus Aldridge",1,"1",18,24,18,24,512,512,0,0,0,0
"22100113","ATL","Cam Reddish, De'Andre Hunter, John Collins, Kevin Huerter, Trae Young",2,"1",24,22,24,22,567,567,0,0,0,0
"22100113","BKN","Blake Griffin, Joe Harris, Kevin Durant, LaMarcus Aldridge, Patty Mills",2,"1",18,24,18,24,512,512,0,0,0,0
"22100113","ATL","Cam Reddish, Danilo Gallinari, John Collins, Kevin Huerter, Trae Young",3,"1",24,22,28,35,567,720,4,13,-9,153
"22100113","BKN","DeAndre' Bembry, Joe Harris, Kevin Durant, LaMarcus Aldridge, Patty Mills",3,"1",18,24,22,24,512,567,4,0,4,55
"22100113","ATL","Cam Reddish, Danilo Gallinari, Gorgui Dieng, Kevin Huerter, Lou Williams",4,"2",28,35,34,40,720,915,6,5,1,195
"22100113","BKN","DeAndre' Bembry, Jevon Carter, Kevin Durant, LaMarcus Aldridge, Patty Mills",4,"1",22,24,35,28,567,720,13,4,9,153
"22100113","ATL","Cam Reddish, Clint Capela, Danilo Gallinari, Kevin Huerter, Lou Williams",5,"2",34,40,41,45,915,1093,7,5,2,178
"22100113","BKN","DeAndre' Bembry, Jevon Carter, LaMarcus Aldridge, Patty Mills, Paul Millsap",5,"2",35,28,40,34,720,915,5,6,-1,195
"22100113","ATL","Cam Reddish, Clint Capela, Danilo Gallinari, De'Andre Hunter, Kevin Huerter",6,"2",41,45,41,45,1093,1093,0,0,0,0
"22100113","BKN","Jevon Carter, Joe Harris, LaMarcus Aldridge, Patty Mills, Paul Millsap",6,"2",40,34,42,34,915,951,2,0,2,36
"22100113","ATL","Clint Capela, Danilo Gallinari, De'Andre Hunter, Kevin Huerter, Trae Young",7,"2",41,45,41,45,1093,1121,0,0,0,28
"22100113","BKN","James Harden, Joe Harris, LaMarcus Aldridge, Patty Mills, Paul Millsap",7,"2",42,34,45,41,951,1093,3,7,-4,142
"22100113","ATL","Bogdan Bogdanovic, Clint Capela, Danilo Gallinari, De'Andre Hunter, Trae Young",8,"2",41,45,41,45,1121,1121,0,0,0,0
"22100113","BKN","Blake Griffin, James Harden, Joe Harris, Patty Mills, Paul Millsap",8,"2",45,41,45,41,1093,1093,0,0,0,0
"22100113","ATL","Bogdan Bogdanovic, Clint Capela, De'Andre Hunter, John Collins, Trae Young",9,"2",41,45,59,58,1121,1426,18,13,5,305
"22100113","BKN","Blake Griffin, James Harden, Joe Harris, Kevin Durant, Patty Mills",9,"2",45,41,45,46,1093,1170,0,5,-5,77
"22100113","ATL","Bogdan Bogdanovic, Cam Reddish, Clint Capela, De'Andre Hunter, John Collins",10,"2",59,58,59,61,1426,1440,0,3,-3,14
"22100113","BKN","Blake Griffin, Bruce Brown, James Harden, Joe Harris, Kevin Durant",10,"2",45,46,58,59,1170,1426,13,13,0,256
"22100113","ATL","Bogdan Bogdanovic, Clint Capela, De'Andre Hunter, John Collins, Trae Young",11,"3",59,61,75,77,1440,1880,16,16,0,440
"22100113","BKN","Blake Griffin, James Harden, Joe Harris, Kevin Durant, Patty Mills",11,"2",58,59,61,59,1426,1440,3,0,3,14
"22100113","ATL","Bogdan Bogdanovic, Cam Reddish, De'Andre Hunter, John Collins, Trae Young",12,"3",75,77,75,82,1880,1943,0,5,-5,63
"22100113","BKN","Blake Griffin, Bruce Brown, James Harden, Joe Harris, Kevin Durant",12,"2",61,59,61,59,1440,1440,0,0,0,0
"22100113","ATL","Cam Reddish, De'Andre Hunter, John Collins, Kevin Huerter, Trae Young",13,"3",75,82,79,83,1943,2025,4,1,3,82
"22100113","BKN","Blake Griffin, Bruce Brown, DeAndre' Bembry, James Harden, Kevin Durant",13,"2",61,59,61,59,1440,1440,0,0,0,0
"22100113","ATL","Cam Reddish, Danilo Gallinari, John Collins, Kevin Huerter, Trae Young",14,"3",79,83,79,83,2025,2050,0,0,0,25
"22100113","BKN","Blake Griffin, Bruce Brown, James Harden, Joe Harris, Kevin Durant",14,"3",61,59,83,79,1440,2025,22,20,2,585
"22100113","ATL","Cam Reddish, Danilo Gallinari, John Collins, Kevin Huerter, Lou Williams",15,"3",79,83,79,92,2050,2130,0,9,-9,80
"22100113","BKN","Blake Griffin, Bruce Brown, James Harden, Kevin Durant, Patty Mills",15,"3",83,79,83,79,2025,2025,0,0,0,0
"22100113","ATL","Cam Reddish, Clint Capela, Danilo Gallinari, Kevin Huerter, Lou Williams",16,"3",79,92,79,92,2130,2155,0,0,0,25
"22100113","BKN","Blake Griffin, Bruce Brown, DeAndre' Bembry, Kevin Durant, Patty Mills",16,"3",83,79,92,79,2025,2155,9,0,9,130
"22100113","ATL","Cam Reddish, Clint Capela, De'Andre Hunter, Kevin Huerter, Lou Williams",17,"3",79,92,79,95,2155,2160,0,3,-3,5
"22100113","BKN","Blake Griffin, DeAndre' Bembry, James Harden, Kevin Durant, Patty Mills",17,"3",92,79,92,79,2155,2155,0,0,0,0
"22100113","ATL","Cam Reddish, Clint Capela, Danilo Gallinari, Kevin Huerter, Lou Williams",18,"4",79,95,90,101,2160,2337,11,6,5,177
"22100113","BKN","Blake Griffin, James Harden, Joe Harris, Kevin Durant, Patty Mills",18,"3",92,79,95,79,2155,2160,3,0,3,5
"22100113","ATL","Cam Reddish, Clint Capela, Danilo Gallinari, Kevin Huerter, Trae Young",19,"4",90,101,90,104,2337,2410,0,3,-3,73
"22100113","BKN","DeAndre' Bembry, Joe Harris, LaMarcus Aldridge, Patty Mills, Paul Millsap",19,"4",95,79,101,90,2160,2337,6,11,-5,177
"22100113","ATL","Cam Reddish, Clint Capela, De'Andre Hunter, Kevin Huerter, Trae Young",20,"4",90,104,90,104,2410,2410,0,0,0,0
"22100113","BKN","DeAndre' Bembry, James Harden, LaMarcus Aldridge, Patty Mills, Paul Millsap",20,"4",101,90,109,96,2337,2512,8,6,2,175
"22100113","ATL","Clint Capela, De'Andre Hunter, John Collins, Kevin Huerter, Trae Young",21,"4",90,104,96,109,2410,2512,6,5,1,102
"22100113","BKN","Bruce Brown, DeAndre' Bembry, James Harden, LaMarcus Aldridge, Patty Mills",21,"4",109,96,109,96,2512,2512,0,0,0,0
"22100113","ATL","Bogdan Bogdanovic, Clint Capela, De'Andre Hunter, John Collins, Trae Young",22,"4",96,109,100,113,2512,2607,4,4,0,95
"22100113","BKN","Bruce Brown, James Harden, Kevin Durant, LaMarcus Aldridge, Patty Mills",22,"4",109,96,113,100,2512,2610,4,4,0,98
"22100113","ATL","Bogdan Bogdanovic, De'Andre Hunter, John Collins, Kevin Huerter, Trae Young",23,"4",100,113,108,117,2607,2880,8,4,4,273
"22100113","BKN","Blake Griffin, Bruce Brown, James Harden, Kevin Durant, Patty Mills",23,"4",113,100,113,100,2610,2671,0,0,0,61
"22100113","BKN","Blake Griffin, Bruce Brown, James Harden, Joe Harris, Kevin Durant",24,"4",113,100,117,108,2671,2880,4,8,-4,209
"22100114","DEN","Aaron Gordon, Michael Porter Jr., Monte Morris, Nikola Jokic, Will Barton",0,"1",0,0,5,17,0,285,5,17,-12,285
"22100114","MEM","De'Anthony Melton, Desmond Bane, Ja Morant, Jaren Jackson Jr., Steven Adams",0,"1",0,0,17,5,0,285,17,5,12,285
"22100114","DEN","Aaron Gordon, Bones Hyland, Michael Porter Jr., Monte Morris, Nikola Jokic",1,"1",5,17,5,17,285,285,0,0,0,0
"22100114","MEM","De'Anthony Melton, Ja Morant, Jaren Jackson Jr., Steven Adams, Ziaire Williams",1,"1",17,5,19,7,285,321,2,2,0,36
"22100114","DEN","Bones Hyland, Facundo Campazzo, Michael Porter Jr., Monte Morris, Nikola Jokic",2,"1",5,17,5,17,285,285,0,0,0,0
"22100114","MEM","De'Anthony Melton, Ja Morant, Kyle Anderson, Steven Adams, Ziaire Williams",2,"1",19,7,23,11,321,416,4,4,0,95
"22100114","DEN","Bones Hyland, Facundo Campazzo, Jeff Green, Michael Porter Jr., Nikola Jokic",3,"1",5,17,5,17,285,285,0,0,0,0
"22100114","MEM","Ja Morant, Kyle Anderson, Steven Adams, Tyus Jones, Ziaire Williams",3,"1",23,11,32,17,416,561,9,6,3,145
"22100114","DEN","Bones Hyland, Facundo Campazzo, Jeff Green, Nikola Jokic, P.J. Dozier",4,"1",5,17,17,32,285,561,12,15,-3,276
"22100114","MEM","Ja Morant, John Konchar, Kyle Anderson, Tyus Jones, Ziaire Williams",4,"1",32,17,32,17,561,561,0,0,0,0
"22100114","DEN","Bones Hyland, Facundo Campazzo, JaMychal Green, Jeff Green, P.J. Dozier",5,"1",17,32,17,32,561,567,0,0,0,6
"22100114","MEM","John Konchar, Kyle Anderson, Tyus Jones, Xavier Tillman Sr., Ziaire Williams",5,"1",32,17,37,19,561,720,5,2,3,159
"22100114","DEN","Bones Hyland, Facundo Campazzo, JaMychal Green, P.J. Dozier, Will Barton",6,"1",17,32,19,37,567,720,2,5,-3,153
"22100114","MEM","Desmond Bane, Jaren Jackson Jr., John Konchar, Tyus Jones, Xavier Tillman Sr.",6,"2",37,19,40,31,720,967,3,12,-9,247
"22100114","DEN","Bones Hyland, Facundo Campazzo, JaMychal Green, Michael Porter Jr., Will Barton",7,"2",19,37,27,40,720,901,8,3,5,181
"22100114","MEM","De'Anthony Melton, Desmond Bane, Jaren Jackson Jr., John Konchar, Tyus Jones",7,"2",40,31,40,31,967,967,0,0,0,0
"22100114","DEN","Bones Hyland, JaMychal Green, Michael Porter Jr., Monte Morris, Will Barton",8,"2",27,40,29,40,901,934,2,0,2,33
"22100114","MEM","De'Anthony Melton, Desmond Bane, Jaren Jackson Jr., Kyle Anderson, Tyus Jones",8,"2",40,31,40,36,967,1045,0,5,-5,78
"22100114","DEN","Aaron Gordon, JaMychal Green, Michael Porter Jr., Monte Morris, Will Barton",9,"2",29,40,33,40,934,1010,4,0,4,76
"22100114","MEM","De'Anthony Melton, Desmond Bane, Ja Morant, Jaren Jackson Jr., Kyle Anderson",9,"2",40,36,44,40,1045,1108,4,4,0,63
"22100114","DEN","Aaron Gordon, Michael Porter Jr., Monte Morris, Nikola Jokic, Will Barton",10,"2",33,40,55,56,1010,1440,22,16,6,430
"22100114","DEN","Aaron Gordon, Michael Porter Jr., Monte Morris, Nikola Jokic, Will Barton",10,"3",55,56,66,65,1440,1802,11,9,2,362
"22100114","MEM","De'Anthony Melton, Desmond Bane, Ja Morant, Kyle Anderson, Steven Adams",10,"2",44,40,44,42,1108,1191,0,2,-2,83
"22100114","DEN","Aaron Gordon, Michael Porter Jr., Monte Morris, Nikola Jokic, P.J. Dozier",11,"3",66,65,68,71,1802,1893,2,6,-4,91
"22100114","MEM","De'Anthony Melton, Ja Morant, Kyle Anderson, Steven Adams, Ziaire Williams",11,"2",44,42,56,55,1191,1440,12,13,-1,249
"22100114","DEN","Aaron Gordon, Bones Hyland, Michael Porter Jr., Nikola Jokic, P.J. Dozier",12,"3",68,71,71,71,1893,1986,3,0,3,93
"22100114","MEM","De'Anthony Melton, Desmond Bane, Ja Morant, Jaren Jackson Jr., Steven Adams",12,"3",56,55,65,66,1440,1802,9,11,-2,362
"22100114","DEN","Aaron Gordon, Bones Hyland, Nikola Jokic, P.J. Dozier, Will Barton",13,"3",71,71,73,71,1986,2005,2,0,2,19
"22100114","MEM","De'Anthony Melton, Ja Morant, Jaren Jackson Jr., Steven Adams, Ziaire Williams",13,"3",65,66,65,66,1802,1802,0,0,0,0
"22100114","DEN","Aaron Gordon, Bones Hyland, JaMychal Green, P.J. Dozier, Will Barton",14,"3",73,71,78,73,2005,2058,5,2,3,53
"22100114","MEM","De'Anthony Melton, Ja Morant, Kyle Anderson, Steven Adams, Ziaire Williams",14,"3",65,66,71,68,1802,1893,6,2,4,91
"22100114","DEN","Aaron Gordon, Bones Hyland, Jeff Green, P.J. Dozier, Will Barton",15,"3",78,73,78,73,2058,2058,0,0,0,0
"22100114","MEM","Ja Morant, Kyle Anderson, Steven Adams, Tyus Jones, Ziaire Williams",15,"3",71,68,71,71,1893,1986,0,3,-3,93
"22100114","DEN","Bones Hyland, Facundo Campazzo, Jeff Green, P.J. Dozier, Will Barton",16,"3",78,73,83,78,2058,2160,5,5,0,102
"22100114","DEN","Bones Hyland, Facundo Campazzo, Jeff Green, P.J. Dozier, Will Barton",16,"4",83,78,86,88,2160,2308,3,10,-7,148
"22100114","MEM","Ja Morant, Jaren Jackson Jr., Kyle Anderson, Tyus Jones, Ziaire Williams",16,"3",71,71,73,78,1986,2058,2,7,-5,72
"22100114","DEN","Bones Hyland, Jeff Green, Michael Porter Jr., P.J. Dozier, Will Barton",17,"4",86,88,86,91,2308,2335,0,3,-3,27
"22100114","MEM","Jaren Jackson Jr., John Konchar, Kyle Anderson, Tyus Jones, Ziaire Williams",17,"3",73,78,78,83,2058,2160,5,5,0,102
"22100114","DEN","Bones Hyland, Michael Porter Jr., Nikola Jokic, P.J. Dozier, Will Barton",18,"4",86,91,94,97,2335,2487,8,6,2,152
"22100114","MEM","Desmond Bane, Jaren Jackson Jr., John Konchar, Tyus Jones, Ziaire Williams",18,"4",78,83,97,94,2160,2487,19,11,8,327
"22100114","DEN","Michael Porter Jr., Monte Morris, Nikola Jokic, P.J. Dozier, Will Barton",19,"4",94,97,94,97,2487,2487,0,0,0,0
"22100114","MEM","Desmond Bane, Ja Morant, Jaren Jackson Jr., John Konchar, Tyus Jones",19,"4",97,94,97,94,2487,2487,0,0,0,0
"22100114","DEN","Aaron Gordon, Michael Porter Jr., Monte Morris, Nikola Jokic, Will Barton",20,"4",94,97,106,107,2487,2864,12,10,2,377
"22100114","MEM","Desmond Bane, Ja Morant, John Konchar, Kyle Anderson, Tyus Jones",20,"4",97,94,97,94,2487,2487,0,0,0,0
"22100114","DEN","Aaron Gordon, Monte Morris, Nikola Jokic, P.J. Dozier, Will Barton",21,"4",106,107,106,108,2864,2870,0,1,-1,6
"22100114","MEM","Desmond Bane, Ja Morant, John Konchar, Kyle Anderson, Steven Adams",21,"4",97,94,97,94,2487,2487,0,0,0,0
"22100114","DEN","Aaron Gordon, Michael Porter Jr., Monte Morris, Nikola Jokic, Will Barton",22,"4",106,108,106,108,2870,2880,0,0,0,10
"22100114","MEM","De'Anthony Melton, Desmond Bane, Ja Morant, Kyle Anderson, Steven Adams",22,"4",97,94,102,96,2487,2551,5,2,3,64
"22100114","MEM","De'Anthony Melton, Ja Morant, Kyle Anderson, Steven Adams, Ziaire Williams",23,"4",102,96,102,100,2551,2649,0,4,-4,98
"22100114","MEM","De'Anthony Melton, Ja Morant, Jaren Jackson Jr., Steven Adams, Ziaire Williams",24,"4",102,100,102,100,2649,2649,0,0,0,0
"22100114","MEM","De'Anthony Melton, Desmond Bane, Ja Morant, Jaren Jackson Jr., Steven Adams",25,"4",102,100,107,106,2649,2864,5,6,-1,215
"22100114","MEM","Desmond Bane, Ja Morant, Jaren Jackson Jr., Steven Adams, Tyus Jones",26,"4",107,106,107,106,2864,2864,0,0,0,0
"22100114","MEM","Desmond Bane, Ja Morant, Jaren Jackson Jr., Kyle Anderson, Tyus Jones",27,"4",107,106,108,106,2864,2870,1,0,1,6
"22100114","MEM","De'Anthony Melton, Desmond Bane, Ja Morant, Jaren Jackson Jr., Kyle Anderson",28,"4",108,106,108,106,2870,2880,0,0,0,10
"22100115","LAC","Eric Bledsoe, Ivica Zubac, Nicolas Batum, Paul George, Reggie Jackson",0,"1",0,0,14,12,0,327,14,12,2,327
"22100115","MIN","Anthony Edwards, Jaden McDaniels, Josh Okogie, Karl-Anthony Towns, Patrick Beverley",0,"1",0,0,14,14,0,364,14,14,0,364
"22100115","LAC","Ivica Zubac, Nicolas Batum, Paul George, Reggie Jackson, Terance Mann",1,"1",14,12,18,18,327,435,4,6,-2,108
"22100115","MIN","Anthony Edwards, Jaden McDaniels, Karl-Anthony Towns, Malik Beasley, Patrick Beverley",1,"1",14,14,23,21,364,526,9,7,2,162
"22100115","LAC","Isaiah Hartenstein, Ivica Zubac, Nicolas Batum, Reggie Jackson, Terance Mann",2,"1",18,18,18,18,435,435,0,0,0,0
"22100115","MIN","Jaden McDaniels, Jordan McLaughlin, Karl-Anthony Towns, Malik Beasley, Patrick Beverley",2,"1",23,21,23,21,526,526,0,0,0,0
"22100115","LAC","Isaiah Hartenstein, Luke Kennard, Nicolas Batum, Reggie Jackson, Terance Mann",3,"1",18,18,18,20,435,452,0,2,-2,17
"22100115","MIN","Jarred Vanderbilt, Jordan McLaughlin, Karl-Anthony Towns, Malik Beasley, Patrick Beverley",3,"1",23,21,23,21,526,526,0,0,0,0
"22100115","LAC","Isaiah Hartenstein, Justise Winslow, Luke Kennard, Reggie Jackson, Terance Mann",4,"1",18,20,27,23,452,720,9,3,6,268
"22100115","MIN","Jarred Vanderbilt, Jordan McLaughlin, Karl-Anthony Towns, Malik Beasley, Taurean Prince",4,"1",23,21,23,27,526,720,0,6,-6,194
"22100115","LAC","Eric Bledsoe, Isaiah Hartenstein, Luke Kennard, Paul George, Terance Mann",5,"2",27,23,32,29,720,873,5,6,-1,153
"22100115","MIN","Jarred Vanderbilt, Jordan McLaughlin, Malik Beasley, Naz Reid, Taurean Prince",5,"2",23,27,27,32,720,827,4,5,-1,107
"22100115","LAC","Eric Bledsoe, Ivica Zubac, Luke Kennard, Paul George, Terance Mann",6,"2",32,29,41,36,873,1101,9,7,2,228
"22100115","MIN","Anthony Edwards, Jarred Vanderbilt, Jordan McLaughlin, Naz Reid, Taurean Prince",6,"2",27,32,34,34,827,966,7,2,5,139
"22100115","LAC","Ivica Zubac, Luke Kennard, Paul George, Reggie Jackson, Terance Mann",7,"2",41,36,52,46,1101,1293,11,10,1,192
"22100115","MIN","Anthony Edwards, Jarred Vanderbilt, Naz Reid, Patrick Beverley, Taurean Prince",7,"2",34,34,36,41,966,1101,2,7,-5,135
"22100115","LAC","Ivica Zubac, Nicolas Batum, Paul George, Reggie Jackson, Terance Mann",8,"2",52,46,58,52,1293,1401,6,6,0,108
"22100115","MIN","Anthony Edwards, Karl-Anthony Towns, Naz Reid, Patrick Beverley, Taurean Prince",8,"2",36,41,36,41,1101,1101,0,0,0,0
"22100115","LAC","Ivica Zubac, Luke Kennard, Nicolas Batum, Reggie Jackson, Terance Mann",9,"2",58,52,58,52,1401,1401,0,0,0,0
"22100115","MIN","Anthony Edwards, Jaden McDaniels, Karl-Anthony Towns, Patrick Beverley, Taurean Prince",9,"2",36,41,36,41,1101,1101,0,0,0,0
"22100115","LAC","Eric Bledsoe, Ivica Zubac, Luke Kennard, Nicolas Batum, Reggie Jackson",10,"2",58,52,58,54,1401,1440,0,2,-2,39
"22100115","MIN","Anthony Edwards, Jaden McDaniels, Karl-Anthony Towns, Malik Beasley, Patrick Beverley",10,"2",36,41,54,58,1101,1440,18,17,1,339
"22100115","LAC","Eric Bledsoe, Ivica Zubac, Nicolas Batum, Paul George, Reggie Jackson",11,"3",58,54,80,76,1440,1849,22,22,0,409
"22100115","MIN","Anthony Edwards, Jaden McDaniels, Josh Okogie, Karl-Anthony Towns, Patrick Beverley",11,"3",54,58,68,68,1440,1636,14,10,4,196
"22100115","LAC","Ivica Zubac, Nicolas Batum, Paul George, Reggie Jackson, Terance Mann",12,"3",80,76,98,86,1849,2078,18,10,8,229
"22100115","MIN","Jaden McDaniels, Josh Okogie, Karl-Anthony Towns, Malik Beasley, Patrick Beverley",12,"3",68,68,70,77,1636,1727,2,9,-7,91
"22100115","LAC","Ivica Zubac, Luke Kennard, Nicolas Batum, Reggie Jackson, Terance Mann",13,"3",98,86,103,88,2078,2160,5,2,3,82
"22100115","MIN","Anthony Edwards, Jaden McDaniels, Karl-Anthony Towns, Malik Beasley, Patrick Beverley",13,"3",70,77,76,80,1727,1849,6,3,3,122
"22100115","LAC","Eric Bledsoe, Isaiah Hartenstein, Justise Winslow, Luke Kennard, Terance Mann",14,"4",103,88,106,96,2160,2306,3,8,-5,146
"22100115","MIN","Anthony Edwards, Jarred Vanderbilt, Karl-Anthony Towns, Malik Beasley, Patrick Beverley",14,"3",76,80,79,88,1849,1930,3,8,-5,81
"22100115","LAC","Eric Bledsoe, Isaiah Hartenstein, Luke Kennard, Nicolas Batum, Terance Mann",15,"4",106,96,115,102,2306,2485,9,6,3,179
"22100115","MIN","Anthony Edwards, Jarred Vanderbilt, Jordan McLaughlin, Karl-Anthony Towns, Malik Beasley",15,"3",79,88,82,91,1930,1954,3,3,0,24
"22100115","LAC","Eric Bledsoe, Luke Kennard, Nicolas Batum, Reggie Jackson, Terance Mann",16,"4",115,102,115,102,2485,2485,0,0,0,0
"22100115","MIN","Jarred Vanderbilt, Jaylen Nowell, Jordan McLaughlin, Karl-Anthony Towns, Malik Beasley",16,"3",82,91,88,103,1954,2160,6,12,-6,206
"22100115","LAC","Luke Kennard, Nicolas Batum, Paul George, Reggie Jackson, Terance Mann",17,"4",115,102,115,102,2485,2485,0,0,0,0
"22100115","MIN","Anthony Edwards, Jaden McDaniels, Jarred Vanderbilt, Jaylen Nowell, Naz Reid",17,"4",88,103,102,115,2160,2485,14,12,2,325
"22100115","LAC","Ivica Zubac, Luke Kennard, Paul George, Reggie Jackson, Terance Mann",18,"4",115,102,115,107,2485,2597,0,5,-5,112
"22100115","MIN","Anthony Edwards, Jaden McDaniels, Jarred Vanderbilt, Naz Reid, Patrick Beverley",18,"4",102,115,102,115,2485,2485,0,0,0,0
"22100115","LAC","Ivica Zubac, Luke Kennard, Nicolas Batum, Paul George, Reggie Jackson",19,"4",115,107,124,113,2597,2829,9,6,3,232
"22100115","MIN","Anthony Edwards, Jaden McDaniels, Jarred Vanderbilt, Karl-Anthony Towns, Patrick Beverley",19,"4",102,115,107,115,2485,2611,5,0,5,126
"22100115","LAC","Ivica Zubac, Nicolas Batum, Paul George, Reggie Jackson, Terance Mann",20,"4",124,113,124,113,2829,2829,0,0,0,0
"22100115","MIN","Anthony Edwards, Jarred Vanderbilt, Karl-Anthony Towns, Malik Beasley, Patrick Beverley",20,"4",107,115,115,126,2611,2880,8,11,-3,269
"22100115","LAC","Justise Winslow, Nicolas Batum, Paul George, Reggie Jackson, Terance Mann",21,"4",124,113,124,115,2829,2863,0,2,-2,34
"22100115","LAC","Luke Kennard, Nicolas Batum, Paul George, Reggie Jackson, Terance Mann",22,"4",124,115,126,115,2863,2880,2,0,2,17
"22100116","DAL","Dorian Finney-Smith, Dwight Powell, Jalen Brunson, Luka Doncic, Tim Hardaway Jr.",0,"1",0,0,14,12,0,279,14,12,2,279
"22100116","SAS","Dejounte Murray, Derrick White, Doug McDermott, Drew Eubanks, Keldon Johnson",0,"1",0,0,6,7,0,136,6,7,-1,136
"22100116","DAL","Dorian Finney-Smith, Dwight Powell, Luka Doncic, Reggie Bullock, Tim Hardaway Jr.",1,"1",14,12,20,14,279,388,6,2,4,109
"22100116","SAS","Dejounte Murray, Derrick White, Devin Vassell, Doug McDermott, Drew Eubanks",1,"1",6,7,8,12,136,199,2,5,-3,63
"22100116","DAL","Dorian Finney-Smith, Luka Doncic, Reggie Bullock, Tim Hardaway Jr., Willie Cauley-Stein",2,"1",20,14,20,14,388,388,0,0,0,0
"22100116","SAS","Dejounte Murray, Derrick White, Devin Vassell, Doug McDermott, Thaddeus Young",2,"1",8,12,14,20,199,388,6,8,-2,189
"22100116","DAL","Dorian Finney-Smith, Frank Ntilikina, Luka Doncic, Reggie Bullock, Willie Cauley-Stein",3,"1",20,14,23,20,388,521,3,6,-3,133
"22100116","SAS","Dejounte Murray, Devin Vassell, Doug McDermott, Keita Bates-Diop, Thaddeus Young",3,"1",14,20,14,20,388,388,0,0,0,0
"22100116","DAL","Frank Ntilikina, Jalen Brunson, Luka Doncic, Reggie Bullock, Willie Cauley-Stein",4,"1",23,20,23,20,521,521,0,0,0,0
"22100116","SAS","Dejounte Murray, Devin Vassell, Keita Bates-Diop, Lonnie Walker IV, Thaddeus Young",4,"1",14,20,20,23,388,521,6,3,3,133
"22100116","DAL","Frank Ntilikina, Jalen Brunson, Reggie Bullock, Sterling Brown, Willie Cauley-Stein",5,"1",23,20,23,20,521,585,0,0,0,64
"22100116","SAS","Derrick White, Devin Vassell, Keita Bates-Diop, Lonnie Walker IV, Thaddeus Young",5,"1",20,23,20,23,521,585,0,0,0,64
"22100116","DAL","Boban Marjanovic, Frank Ntilikina, Jalen Brunson, Reggie Bullock, Sterling Brown",6,"1",23,20,23,22,585,590,0,2,-2,5
"22100116","SAS","Derrick White, Devin Vassell, Drew Eubanks, Keita Bates-Diop, Lonnie Walker IV",6,"1",20,23,20,23,585,585,0,0,0,0
"22100116","DAL","Boban Marjanovic, Jalen Brunson, Reggie Bullock, Sterling Brown, Tim Hardaway Jr.",7,"1",23,22,28,28,590,720,5,6,-1,130
"22100116","SAS","Derrick White, Devin Vassell, Drew Eubanks, Lonnie Walker IV, Tre Jones",7,"1",20,23,28,28,585,720,8,5,3,135
"22100116","DAL","Boban Marjanovic, Jalen Brunson, Josh Green, Sterling Brown, Tim Hardaway Jr.",8,"2",28,28,43,32,720,997,15,4,11,277
"22100116","SAS","Bryn Forbes, Derrick White, Drew Eubanks, Keldon Johnson, Lonnie Walker IV",8,"2",28,28,30,34,720,827,2,6,-4,107
"22100116","DAL","Boban Marjanovic, Jalen Brunson, Josh Green, Luka Doncic, Tim Hardaway Jr.",9,"2",43,32,43,32,997,997,0,0,0,0
"22100116","SAS","Bryn Forbes, Dejounte Murray, Derrick White, Drew Eubanks, Keldon Johnson",9,"2",30,34,30,38,827,887,0,4,-4,60
"22100116","DAL","Boban Marjanovic, Frank Ntilikina, Josh Green, Luka Doncic, Tim Hardaway Jr.",10,"2",43,32,46,36,997,1059,3,4,-1,62
"22100116","SAS","Bryn Forbes, Dejounte Murray, Drew Eubanks, Keldon Johnson, Thaddeus Young",10,"2",30,38,30,38,887,887,0,0,0,0
"22100116","DAL","Boban Marjanovic, Dwight Powell, Frank Ntilikina, Luka Doncic, Tim Hardaway Jr.",11,"2",46,36,46,36,1059,1059,0,0,0,0
"22100116","SAS","Bryn Forbes, Dejounte Murray, Doug McDermott, Keldon Johnson, Thaddeus Young",11,"2",30,38,36,46,887,1059,6,8,-2,172
"22100116","DAL","Dorian Finney-Smith, Dwight Powell, Frank Ntilikina, Luka Doncic, Tim Hardaway Jr.",12,"2",46,36,46,39,1059,1131,0,3,-3,72
"22100116","SAS","Dejounte Murray, Devin Vassell, Doug McDermott, Keldon Johnson, Thaddeus Young",12,"2",36,46,39,46,1059,1131,3,0,3,72
"22100116","DAL","Dorian Finney-Smith, Dwight Powell, Frank Ntilikina, Jalen Brunson, Luka Doncic",13,"2",46,39,50,48,1131,1273,4,9,-5,142
"22100116","SAS","Dejounte Murray, Devin Vassell, Doug McDermott, Lonnie Walker IV, Thaddeus Young",13,"2",39,46,45,50,1131,1263,6,4,2,132
"22100116","DAL","Dorian Finney-Smith, Frank Ntilikina, Jalen Brunson, Luka Doncic, Willie Cauley-Stein",14,"2",50,48,50,48,1273,1273,0,0,0,0
"22100116","SAS","Dejounte Murray, Devin Vassell, Drew Eubanks, Lonnie Walker IV, Thaddeus Young",14,"2",45,50,45,50,1263,1263,0,0,0,0
"22100116","DAL","Dorian Finney-Smith, Jalen Brunson, Luka Doncic, Tim Hardaway Jr., Willie Cauley-Stein",15,"2",50,48,59,58,1273,1440,9,10,-1,167
"22100116","SAS","Dejounte Murray, Derrick White, Devin Vassell, Drew Eubanks, Lonnie Walker IV",15,"2",45,50,55,59,1263,1432,10,9,1,169
"22100116","DAL","Dorian Finney-Smith, Dwight Powell, Jalen Brunson, Luka Doncic, Tim Hardaway Jr.",16,"3",59,58,65,65,1440,1709,6,7,-1,269
"22100116","SAS","Dejounte Murray, Derrick White, Devin Vassell, Lonnie Walker IV, Thaddeus Young",16,"2",55,59,58,59,1432,1440,3,0,3,8
"22100116","DAL","Dorian Finney-Smith, Dwight Powell, Luka Doncic, Sterling Brown, Tim Hardaway Jr.",17,"3",65,65,67,67,1709,1789,2,2,0,80
"22100116","SAS","Dejounte Murray, Derrick White, Doug McDermott, Drew Eubanks, Keldon Johnson",17,"3",58,59,65,63,1440,1681,7,4,3,241
"22100116","DAL","Dorian Finney-Smith, Frank Ntilikina, Luka Doncic, Sterling Brown, Tim Hardaway Jr.",18,"3",67,67,67,67,1789,1789,0,0,0,0
"22100116","SAS","Dejounte Murray, Derrick White, Doug McDermott, Keldon Johnson, Thaddeus Young",18,"3",65,63,65,65,1681,1739,0,2,-2,58
"22100116","DAL","Dorian Finney-Smith, Frank Ntilikina, Luka Doncic, Sterling Brown, Willie Cauley-Stein",19,"3",67,67,71,79,1789,1953,4,12,-8,164
"22100116","SAS","Derrick White, Devin Vassell, Doug McDermott, Keldon Johnson, Thaddeus Young",19,"3",65,65,67,67,1739,1789,2,2,0,50
"22100116","DAL","Frank Ntilikina, Luka Doncic, Sterling Brown, Tim Hardaway Jr., Willie Cauley-Stein",20,"3",71,79,74,83,1953,2025,3,4,-1,72
"22100116","SAS","Derrick White, Devin Vassell, Keldon Johnson, Lonnie Walker IV, Thaddeus Young",20,"3",67,67,79,71,1789,1953,12,4,8,164
"22100116","DAL","Frank Ntilikina, Jalen Brunson, Luka Doncic, Sterling Brown, Tim Hardaway Jr.",21,"3",74,83,74,83,2025,2025,0,0,0,0
"22100116","SAS","Derrick White, Devin Vassell, Drew Eubanks, Keldon Johnson, Lonnie Walker IV",21,"3",79,71,83,74,1953,2025,4,3,1,72
"22100116","DAL","Boban Marjanovic, Frank Ntilikina, Jalen Brunson, Sterling Brown, Tim Hardaway Jr.",22,"3",74,83,81,83,2025,2160,7,0,7,135
"22100116","SAS","Dejounte Murray, Derrick White, Devin Vassell, Drew Eubanks, Lonnie Walker IV",22,"3",83,74,83,74,2025,2025,0,0,0,0
"22100116","DAL","Boban Marjanovic, Dorian Finney-Smith, Frank Ntilikina, Jalen Brunson, Tim Hardaway Jr.",23,"4",81,83,86,85,2160,2258,5,2,3,98
"22100116","SAS","Dejounte Murray, Devin Vassell, Drew Eubanks, Keita Bates-Diop, Lonnie Walker IV",23,"3",83,74,83,81,2025,2108,0,7,-7,83
"22100116","DAL","Boban Marjanovic, Dorian Finney-Smith, Jalen Brunson, Luka Doncic, Tim Hardaway Jr.",24,"4",86,85,88,89,2258,2382,2,4,-2,124
"22100116","SAS","Dejounte Murray, Devin Vassell, Keita Bates-Diop, Lonnie Walker IV, Thaddeus Young",24,"3",83,81,83,81,2108,2108,0,0,0,0
"22100116","DAL","Boban Marjanovic, Dorian Finney-Smith, Jalen Brunson, Luka Doncic, Sterling Brown",25,"4",88,89,90,89,2382,2435,2,0,2,53
"22100116","SAS","Bryn Forbes, Dejounte Murray, Keita Bates-Diop, Lonnie Walker IV, Thaddeus Young",25,"3",83,81,83,81,2108,2108,0,0,0,0
"22100116","DAL","Dorian Finney-Smith, Dwight Powell, Jalen Brunson, Luka Doncic, Sterling Brown",26,"4",90,89,94,94,2435,2613,4,5,-1,178
"22100116","SAS","Bryn Forbes, Dejounte Murray, Derrick White, Lonnie Walker IV, Thaddeus Young",26,"3",83,81,83,81,2108,2160,0,0,0,52
"22100116","DAL","Dorian Finney-Smith, Dwight Powell, Jalen Brunson, Luka Doncic, Tim Hardaway Jr.",27,"4",94,94,105,102,2613,2859,11,8,3,246
"22100116","SAS","Bryn Forbes, Derrick White, Keldon Johnson, Lonnie Walker IV, Thaddeus Young",27,"4",83,81,89,88,2160,2382,6,7,-1,222
"22100116","DAL","Dorian Finney-Smith, Frank Ntilikina, Jalen Brunson, Luka Doncic, Tim Hardaway Jr.",28,"4",105,102,107,105,2859,2870,2,3,-1,11
"22100116","SAS","Bryn Forbes, Dejounte Murray, Derrick White, Keldon Johnson, Thaddeus Young",28,"4",89,88,89,88,2382,2382,0,0,0,0
"22100116","DAL","Dorian Finney-Smith, Dwight Powell, Jalen Brunson, Luka Doncic, Tim Hardaway Jr.",29,"4",107,105,107,105,2870,2870,0,0,0,0
"22100116","SAS","Bryn Forbes, Dejounte Murray, Devin Vassell, Keldon Johnson, Thaddeus Young",29,"4",89,88,89,90,2382,2400,0,2,-2,18
"22100116","DAL","Dorian Finney-Smith, Frank Ntilikina, Jalen Brunson, Luka Doncic, Tim Hardaway Jr.",30,"4",107,105,109,108,2870,2878,2,3,-1,8
"22100116","SAS","Bryn Forbes, Dejounte Murray, Devin Vassell, Drew Eubanks, Keldon Johnson",30,"4",89,90,89,90,2400,2435,0,0,0,35
"22100116","DAL","Boban Marjanovic, Dorian Finney-Smith, Frank Ntilikina, Luka Doncic, Tim Hardaway Jr.",31,"4",109,108,109,108,2878,2880,0,0,0,2
"22100116","SAS","Dejounte Murray, Devin Vassell, Doug McDermott, Drew Eubanks, Keldon Johnson",31,"4",89,90,91,94,2435,2496,2,4,-2,61
"22100116","SAS","Dejounte Murray, Derrick White, Devin Vassell, Doug McDermott, Keldon Johnson",32,"4",91,94,105,109,2496,2870,14,15,-1,374
"22100116","SAS","Dejounte Murray, Derrick White, Devin Vassell, Keldon Johnson, Lonnie Walker IV",33,"4",105,109,108,109,2870,2880,3,0,3,10
"22100117","CHA","Gordon Hayward, LaMelo Ball, Mason Plumlee, Miles Bridges, Terry Rozier",0,"1",0,0,16,10,0,491,16,10,6,491
"22100117","GSW","Andrew Wiggins, Draymond Green, Jordan Poole, Kevon Looney, Stephen Curry",0,"1",0,0,10,16,0,491,10,16,-6,491
"22100117","CHA","Gordon Hayward, Ish Smith, Mason Plumlee, Miles Bridges, Terry Rozier",1,"1",16,10,16,10,491,491,0,0,0,0
"22100117","GSW","Andre Iguodala, Andrew Wiggins, Draymond Green, Jordan Poole, Kevon Looney",1,"1",10,16,10,16,491,491,0,0,0,0
"22100117","CHA","Cody Martin, Gordon Hayward, Ish Smith, Mason Plumlee, Terry Rozier",2,"1",16,10,16,10,491,491,0,0,0,0
"22100117","GSW","Andre Iguodala, Andrew Wiggins, Draymond Green, Gary Payton II, Jordan Poole",2,"1",10,16,10,16,491,491,0,0,0,0
"22100117","CHA","Cody Martin, Gordon Hayward, Ish Smith, Mason Plumlee, P.J. Washington",3,"1",16,10,16,10,491,491,0,0,0,0
"22100117","GSW","Andre Iguodala, Draymond Green, Gary Payton II, Jordan Poole, Nemanja Bjelica",3,"1",10,16,21,24,491,689,11,8,3,198
"22100117","CHA","Cody Martin, Gordon Hayward, Ish Smith, Kelly Oubre Jr., P.J. Washington",4,"1",16,10,26,21,491,720,10,11,-1,229
"22100117","GSW","Andre Iguodala, Draymond Green, Gary Payton II, Nemanja Bjelica, Otto Porter Jr.",4,"1",21,24,21,24,689,689,0,0,0,0
"22100117","CHA","Ish Smith, Kelly Oubre Jr., Miles Bridges, P.J. Washington, Terry Rozier",5,"2",26,21,29,29,720,962,3,8,-5,242
"22100117","GSW","Andre Iguodala, Gary Payton II, Nemanja Bjelica, Otto Porter Jr., Stephen Curry",5,"1",21,24,21,26,689,720,0,2,-2,31
"22100117","CHA","Kelly Oubre Jr., LaMelo Ball, Miles Bridges, P.J. Washington, Terry Rozier",6,"2",29,29,29,29,962,962,0,0,0,0
"22100117","GSW","Andre Iguodala, Damion Lee, Juan Toscano-Anderson, Otto Porter Jr., Stephen Curry",6,"2",21,26,29,29,720,966,8,3,5,246
"22100117","CHA","Cody Martin, LaMelo Ball, Miles Bridges, P.J. Washington, Terry Rozier",7,"2",29,29,39,37,962,1089,10,8,2,127
"22100117","GSW","Andrew Wiggins, Damion Lee, Juan Toscano-Anderson, Otto Porter Jr., Stephen Curry",7,"2",29,29,32,39,966,1053,3,10,-7,87
"22100117","CHA","Gordon Hayward, LaMelo Ball, Miles Bridges, P.J. Washington, Terry Rozier",8,"2",39,37,41,37,1089,1132,2,0,2,43
"22100117","GSW","Andrew Wiggins, Damion Lee, Draymond Green, Juan Toscano-Anderson, Otto Porter Jr.",8,"2",32,39,32,39,1053,1053,0,0,0,0
"22100117","CHA","Gordon Hayward, LaMelo Ball, Mason Plumlee, Miles Bridges, Terry Rozier",9,"2",41,37,44,43,1132,1236,3,6,-3,104
"22100117","GSW","Andrew Wiggins, Damion Lee, Draymond Green, Jordan Poole, Juan Toscano-Anderson",9,"2",32,39,43,44,1053,1236,11,5,6,183
"22100117","CHA","Cody Martin, Gordon Hayward, LaMelo Ball, Mason Plumlee, Miles Bridges",10,"2",44,43,52,53,1236,1426,8,10,-2,190
"22100117","GSW","Andrew Wiggins, Draymond Green, Jordan Poole, Juan Toscano-Anderson, Nemanja Bjelica",10,"2",43,44,43,44,1236,1236,0,0,0,0
"22100117","CHA","Gordon Hayward, LaMelo Ball, Mason Plumlee, Miles Bridges, Terry Rozier",11,"2",52,53,52,53,1426,1440,0,0,0,14
"22100117","CHA","Gordon Hayward, LaMelo Ball, Mason Plumlee, Miles Bridges, Terry Rozier",11,"3",52,53,63,70,1440,1826,11,17,-6,386
"22100117","GSW","Andrew Wiggins, Draymond Green, Jordan Poole, Nemanja Bjelica, Stephen Curry",11,"2",43,44,50,50,1236,1369,7,6,1,133
"22100117","CHA","Gordon Hayward, Kelly Oubre Jr., LaMelo Ball, Mason Plumlee, Miles Bridges",12,"3",63,70,63,70,1826,1845,0,0,0,19
"22100117","GSW","Andrew Wiggins, Draymond Green, Gary Payton II, Nemanja Bjelica, Stephen Curry",12,"2",50,50,53,52,1369,1426,3,2,1,57
"22100117","CHA","Gordon Hayward, Kelly Oubre Jr., LaMelo Ball, Miles Bridges, P.J. Washington",13,"3",63,70,64,70,1845,1907,1,0,1,62
"22100117","GSW","Andrew Wiggins, Draymond Green, Gary Payton II, Juan Toscano-Anderson, Stephen Curry",13,"2",53,52,53,52,1426,1440,0,0,0,14
"22100117","CHA","Cody Martin, Gordon Hayward, Kelly Oubre Jr., LaMelo Ball, P.J. Washington",14,"3",64,70,64,70,1907,1907,0,0,0,0
"22100117","GSW","Andrew Wiggins, Draymond Green, Jordan Poole, Kevon Looney, Stephen Curry",14,"3",53,52,70,63,1440,1826,17,11,6,386
"22100117","CHA","Cody Martin, Gordon Hayward, Ish Smith, Kelly Oubre Jr., P.J. Washington",15,"3",64,70,64,80,1907,2089,0,10,-10,182
"22100117","GSW","Andrew Wiggins, Draymond Green, Gary Payton II, Jordan Poole, Kevon Looney",15,"3",70,63,70,63,1826,1826,0,0,0,0
"22100117","CHA","Cody Martin, Ish Smith, Kelly Oubre Jr., P.J. Washington, Terry Rozier",16,"3",64,80,67,80,2089,2160,3,0,3,71
"22100117","GSW","Andrew Wiggins, Draymond Green, Gary Payton II, Jordan Poole, Nemanja Bjelica",16,"3",70,63,70,64,1826,1907,0,1,-1,81
"22100117","CHA","Cody Martin, LaMelo Ball, Miles Bridges, P.J. Washington, Terry Rozier",17,"4",67,80,72,85,2160,2246,5,5,0,86
"22100117","GSW","Andre Iguodala, Draymond Green, Gary Payton II, Jordan Poole, Nemanja Bjelica",17,"3",70,64,80,64,1907,2089,10,0,10,182
"22100117","CHA","Cody Martin, Gordon Hayward, LaMelo Ball, Miles Bridges, Terry Rozier",18,"4",72,85,92,109,2246,2737,20,24,-4,491
"22100117","GSW","Andre Iguodala, Draymond Green, Gary Payton II, Nemanja Bjelica, Stephen Curry",18,"3",80,64,80,67,2089,2159,0,3,-3,70
"22100117","CHA","Cody Martin, Gordon Hayward, Jalen McDaniels, LaMelo Ball, Terry Rozier",19,"4",92,109,92,109,2737,2737,0,0,0,0
"22100117","GSW","Andre Iguodala, Draymond Green, Juan Toscano-Anderson, Nemanja Bjelica, Stephen Curry",19,"3",80,67,80,67,2159,2160,0,0,0,1
"22100117","CHA","Cody Martin, Gordon Hayward, Ish Smith, Jalen McDaniels, Terry Rozier",20,"4",92,109,92,109,2737,2769,0,0,0,32
"22100117","GSW","Andre Iguodala, Damion Lee, Juan Toscano-Anderson, Otto Porter Jr., Stephen Curry",20,"4",80,67,87,80,2160,2323,7,13,-6,163
"22100117","CHA","Cody Martin, Gordon Hayward, Ish Smith, Jalen McDaniels, Nick Richards",21,"4",92,109,92,109,2769,2769,0,0,0,0
"22100117","GSW","Andre Iguodala, Damion Lee, Gary Payton II, Otto Porter Jr., Stephen Curry",21,"4",87,80,96,88,2323,2476,9,8,1,153
"22100117","CHA","Cody Martin, Ish Smith, Jalen McDaniels, James Bouknight, Nick Richards",22,"4",92,109,92,114,2769,2880,0,5,-5,111
"22100117","GSW","Andre Iguodala, Draymond Green, Gary Payton II, Otto Porter Jr., Stephen Curry",22,"4",96,88,96,88,2476,2476,0,0,0,0
"22100117","GSW","Andrew Wiggins, Draymond Green, Gary Payton II, Otto Porter Jr., Stephen Curry",23,"4",96,88,96,88,2476,2476,0,0,0,0
"22100117","GSW","Andrew Wiggins, Draymond Green, Gary Payton II, Jordan Poole, Stephen Curry",24,"4",96,88,109,92,2476,2737,13,4,9,261
"22100117","GSW","Andrew Wiggins, Draymond Green, Jordan Poole, Juan Toscano-Anderson, Stephen Curry",25,"4",109,92,109,92,2737,2769,0,0,0,32
"22100117","GSW","Andrew Wiggins, Draymond Green, Juan Toscano-Anderson, Moses Moody, Stephen Curry",26,"4",109,92,109,92,2769,2769,0,0,0,0
"22100117","GSW","Draymond Green, Jonathan Kuminga, Juan Toscano-Anderson, Moses Moody, Stephen Curry",27,"4",109,92,109,92,2769,2769,0,0,0,0
"22100117","GSW","Damion Lee, Jonathan Kuminga, Juan Toscano-Anderson, Moses Moody, Stephen Curry",28,"4",109,92,109,92,2769,2769,0,0,0,0
"22100117","GSW","Damion Lee, Jeff Dowtin, Jonathan Kuminga, Juan Toscano-Anderson, Moses Moody",29,"4",109,92,114,92,2769,2880,5,0,5,111
"22100118","NOP","Devonte' Graham, Garrett Temple, Jonas Valanciunas, Josh Hart, Nickeil Alexander-Walker",0,"1",0,0,13,10,0,327,13,10,3,327
"22100118","SAC","De'Aaron Fox, Harrison Barnes, Maurice Harkless, Richaun Holmes, Tyrese Haliburton",0,"1",0,0,10,13,0,327,10,13,-3,327
"22100118","NOP","Devonte' Graham, Garrett Temple, Jaxson Hayes, Josh Hart, Nickeil Alexander-Walker",1,"1",13,10,16,13,327,402,3,3,0,75
"22100118","SAC","Davion Mitchell, De'Aaron Fox, Harrison Barnes, Richaun Holmes, Tyrese Haliburton",1,"1",10,13,10,13,327,327,0,0,0,0
"22100118","NOP","Devonte' Graham, Jaxson Hayes, Josh Hart, Kira Lewis Jr., Nickeil Alexander-Walker",2,"1",16,13,18,21,402,497,2,8,-6,95
"22100118","SAC","Alex Len, Davion Mitchell, De'Aaron Fox, Harrison Barnes, Tyrese Haliburton",2,"1",10,13,10,13,327,327,0,0,0,0
"22100118","NOP","Devonte' Graham, Jaxson Hayes, Kira Lewis Jr., Naji Marshall, Nickeil Alexander-Walker",3,"1",18,21,18,21,497,497,0,0,0,0
"22100118","SAC","Alex Len, Buddy Hield, Davion Mitchell, De'Aaron Fox, Harrison Barnes",3,"1",10,13,25,21,327,594,15,8,7,267
"22100118","NOP","Jaxson Hayes, Kira Lewis Jr., Naji Marshall, Nickeil Alexander-Walker, Tomas Satoransky",4,"1",18,21,18,21,497,497,0,0,0,0
"22100118","SAC","Alex Len, Buddy Hield, Davion Mitchell, Harrison Barnes, Tyrese Haliburton",4,"1",25,21,25,21,594,594,0,0,0,0
"22100118","NOP","Jaxson Hayes, Kira Lewis Jr., Naji Marshall, Tomas Satoransky, Trey Murphy III",5,"1",18,21,21,25,497,594,3,4,-1,97
"22100118","SAC","Alex Len, Buddy Hield, Davion Mitchell, Maurice Harkless, Tyrese Haliburton",5,"1",25,21,25,21,594,617,0,0,0,23
"22100118","NOP","Jonas Valanciunas, Kira Lewis Jr., Naji Marshall, Tomas Satoransky, Trey Murphy III",6,"1",21,25,26,27,594,720,5,2,3,126
"22100118","NOP","Jonas Valanciunas, Kira Lewis Jr., Naji Marshall, Tomas Satoransky, Trey Murphy III",6,"2",26,27,29,29,720,852,3,2,1,132
"22100118","SAC","Buddy Hield, Davion Mitchell, Maurice Harkless, Richaun Holmes, Tyrese Haliburton",6,"1",25,21,27,26,617,720,2,5,-3,103
"22100118","SAC","Buddy Hield, Davion Mitchell, Maurice Harkless, Richaun Holmes, Tyrese Haliburton",6,"2",27,26,29,29,720,852,2,3,-1,132
"22100118","NOP","Garrett Temple, Jonas Valanciunas, Naji Marshall, Tomas Satoransky, Trey Murphy III",7,"2",29,29,29,33,852,898,0,4,-4,46
"22100118","SAC","Alex Len, Buddy Hield, Davion Mitchell, Maurice Harkless, Tyrese Haliburton",7,"2",29,29,33,29,852,898,4,0,4,46
"22100118","NOP","Devonte' Graham, Garrett Temple, Jonas Valanciunas, Naji Marshall, Trey Murphy III",8,"2",29,33,32,37,898,985,3,4,-1,87
"22100118","SAC","Alex Len, Buddy Hield, Davion Mitchell, De'Aaron Fox, Tyrese Haliburton",8,"2",33,29,33,29,898,898,0,0,0,0
"22100118","NOP","Devonte' Graham, Garrett Temple, Jonas Valanciunas, Naji Marshall, Nickeil Alexander-Walker",9,"2",32,37,32,37,985,1002,0,0,0,17
"22100118","SAC","Alex Len, Buddy Hield, De'Aaron Fox, Harrison Barnes, Tyrese Haliburton",9,"2",33,29,41,37,898,1145,8,8,0,247
"22100118","NOP","Devonte' Graham, Garrett Temple, Jonas Valanciunas, Josh Hart, Nickeil Alexander-Walker",10,"2",32,37,37,41,1002,1145,5,4,1,143
"22100118","SAC","Alex Len, Buddy Hield, De'Aaron Fox, Harrison Barnes, Maurice Harkless",10,"2",41,37,41,37,1145,1145,0,0,0,0
"22100118","NOP","Devonte' Graham, Garrett Temple, Josh Hart, Nickeil Alexander-Walker, Willy Hernangomez",11,"2",37,41,52,56,1145,1440,15,15,0,295
"22100118","SAC","Alex Len, Davion Mitchell, De'Aaron Fox, Harrison Barnes, Maurice Harkless",11,"2",41,37,41,37,1145,1145,0,0,0,0
"22100118","NOP","Devonte' Graham, Garrett Temple, Jonas Valanciunas, Josh Hart, Nickeil Alexander-Walker",12,"3",52,56,74,68,1440,1810,22,12,10,370
"22100118","SAC","Davion Mitchell, De'Aaron Fox, Harrison Barnes, Maurice Harkless, Richaun Holmes",12,"2",41,37,48,47,1145,1310,7,10,-3,165
"22100118","NOP","Devonte' Graham, Garrett Temple, Josh Hart, Nickeil Alexander-Walker, Willy Hernangomez",13,"3",74,68,78,75,1810,1897,4,7,-3,87
"22100118","SAC","De'Aaron Fox, Harrison Barnes, Maurice Harkless, Richaun Holmes, Tyrese Haliburton",13,"2",48,47,56,52,1310,1436,8,5,3,126
"22100118","NOP","Garrett Temple, Josh Hart, Nickeil Alexander-Walker, Tomas Satoransky, Willy Hernangomez",14,"3",78,75,78,75,1897,1897,0,0,0,0
"22100118","SAC","Davion Mitchell, De'Aaron Fox, Harrison Barnes, Maurice Harkless, Tyrese Haliburton",14,"2",56,52,56,52,1436,1440,0,0,0,4
"22100118","NOP","Josh Hart, Kira Lewis Jr., Nickeil Alexander-Walker, Tomas Satoransky, Willy Hernangomez",15,"3",78,75,83,83,1897,1991,5,8,-3,94
"22100118","SAC","De'Aaron Fox, Harrison Barnes, Maurice Harkless, Richaun Holmes, Tyrese Haliburton",15,"3",56,52,60,58,1440,1571,4,6,-2,131
"22100118","NOP","Josh Hart, Kira Lewis Jr., Naji Marshall, Tomas Satoransky, Willy Hernangomez",16,"3",83,83,83,85,1991,2058,0,2,-2,67
"22100118","SAC","Alex Len, De'Aaron Fox, Harrison Barnes, Maurice Harkless, Tyrese Haliburton",16,"3",60,58,68,70,1571,1739,8,12,-4,168
"22100118","NOP","Kira Lewis Jr., Naji Marshall, Tomas Satoransky, Trey Murphy III, Willy Hernangomez",17,"3",83,85,87,92,2058,2160,4,7,-3,102
"22100118","SAC","Alex Len, Davion Mitchell, De'Aaron Fox, Harrison Barnes, Maurice Harkless",17,"3",68,70,68,70,1739,1739,0,0,0,0
"22100118","NOP","Jonas Valanciunas, Kira Lewis Jr., Naji Marshall, Tomas Satoransky, Trey Murphy III",18,"4",87,92,89,92,2160,2272,2,0,2,112
"22100118","SAC","Alex Len, Buddy Hield, Davion Mitchell, De'Aaron Fox, Harrison Barnes",18,"3",68,70,68,70,1739,1739,0,0,0,0
"22100118","NOP","Garrett Temple, Jonas Valanciunas, Kira Lewis Jr., Naji Marshall, Trey Murphy III",19,"4",89,92,91,96,2272,2409,2,4,-2,137
"22100118","SAC","Buddy Hield, Davion Mitchell, De'Aaron Fox, Harrison Barnes, Tristan Thompson",19,"3",68,70,83,83,1739,1991,15,13,2,252
"22100118","NOP","Garrett Temple, Jonas Valanciunas, Kira Lewis Jr., Naji Marshall, Nickeil Alexander-Walker",20,"4",91,96,91,99,2409,2458,0,3,-3,49
"22100118","SAC","Buddy Hield, Davion Mitchell, Harrison Barnes, Tristan Thompson, Tyrese Haliburton",20,"3",83,83,92,87,1991,2160,9,4,5,169
"22100118","NOP","Devonte' Graham, Garrett Temple, Jonas Valanciunas, Kira Lewis Jr., Nickeil Alexander-Walker",21,"4",91,99,91,99,2458,2458,0,0,0,0
"22100118","SAC","Buddy Hield, Davion Mitchell, Maurice Harkless, Tristan Thompson, Tyrese Haliburton",21,"4",92,87,92,89,2160,2238,0,2,-2,78
"22100118","NOP","Devonte' Graham, Garrett Temple, Jonas Valanciunas, Josh Hart, Nickeil Alexander-Walker",22,"4",91,99,94,108,2458,2662,3,9,-6,204
"22100118","SAC","Alex Len, Buddy Hield, Davion Mitchell, Maurice Harkless, Tyrese Haliburton",22,"4",92,89,92,89,2238,2298,0,0,0,60
"22100118","NOP","Devonte' Graham, Garrett Temple, Josh Hart, Naji Marshall, Nickeil Alexander-Walker",23,"4",94,108,96,110,2662,2817,2,2,0,155
"22100118","SAC","Alex Len, Davion Mitchell, De'Aaron Fox, Maurice Harkless, Tyrese Haliburton",23,"4",92,89,96,91,2298,2409,4,2,2,111
"22100118","NOP","Devonte' Graham, Didi Louzada, Garrett Temple, Naji Marshall, Nickeil Alexander-Walker",24,"4",96,110,96,110,2817,2817,0,0,0,0
"22100118","SAC","Alex Len, De'Aaron Fox, Harrison Barnes, Maurice Harkless, Tyrese Haliburton",24,"4",96,91,108,96,2409,2726,12,5,7,317
"22100118","NOP","Didi Louzada, Garrett Temple, Jose Alvarado, Naji Marshall, Nickeil Alexander-Walker",25,"4",96,110,99,112,2817,2880,3,2,1,63
"22100118","SAC","Davion Mitchell, De'Aaron Fox, Harrison Barnes, Maurice Harkless, Tyrese Haliburton",25,"4",108,96,112,99,2726,2880,4,3,1,154
"22100119","DET","Cade Cunningham, Isaiah Stewart, Jerami Grant, Killian Hayes, Saddiq Bey",0,"1",0,0,20,14,0,487,20,14,6,487
"22100119","PHI","Joel Embiid, Matisse Thybulle, Seth Curry, Shake Milton, Tyrese Maxey",0,"1",0,0,12,15,0,334,12,15,-3,334
"22100119","DET","Cade Cunningham, Isaiah Stewart, Jerami Grant, Kelly Olynyk, Saddiq Bey",1,"1",20,14,20,14,487,487,0,0,0,0
"22100119","PHI","Georges Niang, Joel Embiid, Matisse Thybulle, Seth Curry, Tyrese Maxey",1,"1",12,15,17,22,334,524,5,7,-2,190
"22100119","DET","Cade Cunningham, Cory Joseph, Jerami Grant, Kelly Olynyk, Saddiq Bey",2,"1",20,14,22,17,487,524,2,3,-1,37
"22100119","PHI","Georges Niang, Joel Embiid, Matisse Thybulle, Seth Curry, Shake Milton",2,"1",17,22,17,22,524,524,0,0,0,0
"22100119","DET","Cory Joseph, Jerami Grant, Josh Jackson, Kelly Olynyk, Saddiq Bey",3,"1",22,17,32,31,524,720,10,14,-4,196
"22100119","PHI","Georges Niang, Matisse Thybulle, Paul Reed, Seth Curry, Shake Milton",3,"1",17,22,17,22,524,524,0,0,0,0
"22100119","DET","Cory Joseph, Frank Jackson, Josh Jackson, Kelly Olynyk, Trey Lyles",4,"2",32,31,38,41,720,912,6,10,-4,192
"22100119","PHI","Andre Drummond, Georges Niang, Paul Reed, Seth Curry, Shake Milton",4,"1",17,22,31,27,524,708,14,5,9,184
"22100119","DET","Cory Joseph, Frank Jackson, Isaiah Stewart, Josh Jackson, Trey Lyles",5,"2",38,41,45,49,912,1037,7,8,-1,125
"22100119","PHI","Andre Drummond, Georges Niang, Paul Reed, Shake Milton, Tyrese Maxey",5,"1",31,27,31,32,708,720,0,5,-5,12
"22100119","PHI","Andre Drummond, Georges Niang, Paul Reed, Shake Milton, Tyrese Maxey",5,"2",31,32,51,45,720,1065,20,13,7,345
"22100119","DET","Cade Cunningham, Cory Joseph, Frank Jackson, Isaiah Stewart, Josh Jackson",6,"2",45,49,45,49,1037,1037,0,0,0,0
"22100119","PHI","Georges Niang, Joel Embiid, Paul Reed, Shake Milton, Tyrese Maxey",6,"2",51,45,51,45,1065,1065,0,0,0,0
"22100119","DET","Cade Cunningham, Frank Jackson, Isaiah Stewart, Jerami Grant, Josh Jackson",7,"2",45,49,47,53,1037,1097,2,4,-2,60
"22100119","PHI","Georges Niang, Joel Embiid, Matisse Thybulle, Paul Reed, Tyrese Maxey",7,"2",51,45,51,45,1065,1065,0,0,0,0
"22100119","DET","Cade Cunningham, Frank Jackson, Isaiah Stewart, Jerami Grant, Saddiq Bey",8,"2",47,53,51,56,1097,1181,4,3,1,84
"22100119","PHI","Georges Niang, Joel Embiid, Matisse Thybulle, Seth Curry, Tyrese Maxey",8,"2",51,45,56,51,1065,1181,5,6,-1,116
"22100119","DET","Cade Cunningham, Isaiah Stewart, Jerami Grant, Killian Hayes, Saddiq Bey",9,"2",51,56,66,63,1181,1440,15,7,8,259
"22100119","DET","Cade Cunningham, Isaiah Stewart, Jerami Grant, Killian Hayes, Saddiq Bey",9,"3",66,63,73,76,1440,1900,7,13,-6,460
"22100119","PHI","Joel Embiid, Matisse Thybulle, Seth Curry, Shake Milton, Tyrese Maxey",9,"2",56,51,63,61,1181,1390,7,10,-3,209
"22100119","DET","Isaiah Stewart, Jerami Grant, Kelly Olynyk, Killian Hayes, Saddiq Bey",10,"3",73,76,73,76,1900,1900,0,0,0,0
"22100119","PHI","Joel Embiid, Matisse Thybulle, Paul Reed, Seth Curry, Tyrese Maxey",10,"2",63,61,63,66,1390,1440,0,5,-5,50
"22100119","DET","Cory Joseph, Jerami Grant, Kelly Olynyk, Killian Hayes, Saddiq Bey",11,"3",73,76,78,82,1900,2007,5,6,-1,107
"22100119","PHI","Joel Embiid, Matisse Thybulle, Seth Curry, Shake Milton, Tyrese Maxey",11,"3",63,66,74,73,1440,1831,11,7,4,391
"22100119","DET","Cory Joseph, Jerami Grant, Kelly Olynyk, Saddiq Bey, Trey Lyles",12,"3",78,82,78,82,2007,2007,0,0,0,0
"22100119","PHI","Georges Niang, Joel Embiid, Seth Curry, Shake Milton, Tyrese Maxey",12,"3",74,73,74,73,1831,1831,0,0,0,0
"22100119","DET","Cory Joseph, Josh Jackson, Kelly Olynyk, Saddiq Bey, Trey Lyles",13,"3",78,82,80,85,2007,2117,2,3,-1,110
"22100119","PHI","Georges Niang, Joel Embiid, Paul Reed, Seth Curry, Tyrese Maxey",13,"3",74,73,76,73,1831,1900,2,0,2,69
"22100119","DET","Cory Joseph, Frank Jackson, Josh Jackson, Kelly Olynyk, Trey Lyles",14,"3",80,85,82,86,2117,2132,2,1,1,15
"22100119","PHI","Andre Drummond, Georges Niang, Paul Reed, Seth Curry, Tyrese Maxey",14,"3",76,73,85,80,1900,2117,9,7,2,217
"22100119","DET","Cory Joseph, Frank Jackson, Isaiah Stewart, Josh Jackson, Trey Lyles",15,"3",82,86,82,86,2132,2160,0,0,0,28
"22100119","PHI","Andre Drummond, Georges Niang, Paul Reed, Seth Curry, Shake Milton",15,"3",85,80,86,82,2117,2132,1,2,-1,15
"22100119","DET","Cory Joseph, Frank Jackson, Josh Jackson, Kelly Olynyk, Trey Lyles",16,"4",82,86,82,90,2160,2292,0,4,-4,132
"22100119","PHI","Andre Drummond, Georges Niang, Seth Curry, Shake Milton, Tyrese Maxey",16,"3",86,82,86,82,2132,2160,0,0,0,28
"22100119","DET","Cory Joseph, Frank Jackson, Isaiah Stewart, Josh Jackson, Kelly Olynyk",17,"4",82,90,82,90,2292,2292,0,0,0,0
"22100119","PHI","Andre Drummond, Georges Niang, Matisse Thybulle, Shake Milton, Tyrese Maxey",17,"4",86,82,97,85,2160,2437,11,3,8,277
"22100119","DET","Cory Joseph, Frank Jackson, Isaiah Stewart, Jerami Grant, Josh Jackson",18,"4",82,90,82,94,2292,2357,0,4,-4,65
"22100119","PHI","Georges Niang, Joel Embiid, Matisse Thybulle, Shake Milton, Tyrese Maxey",18,"4",97,85,97,87,2437,2481,0,2,-2,44
"22100119","DET","Cade Cunningham, Frank Jackson, Isaiah Stewart, Jerami Grant, Josh Jackson",19,"4",82,94,82,94,2357,2357,0,0,0,0
"22100119","PHI","Georges Niang, Joel Embiid, Matisse Thybulle, Seth Curry, Tyrese Maxey",19,"4",97,87,105,93,2481,2692,8,6,2,211
"22100119","DET","Cade Cunningham, Frank Jackson, Isaiah Stewart, Jerami Grant, Saddiq Bey",20,"4",82,94,87,97,2357,2481,5,3,2,124
"22100119","PHI","Georges Niang, Joel Embiid, Seth Curry, Shake Milton, Tyrese Maxey",20,"4",105,93,109,98,2692,2880,4,5,-1,188
"22100119","DET","Cade Cunningham, Isaiah Stewart, Jerami Grant, Killian Hayes, Saddiq Bey",21,"4",87,97,91,105,2481,2652,4,8,-4,171
"22100119","DET","Cade Cunningham, Jerami Grant, Kelly Olynyk, Killian Hayes, Saddiq Bey",22,"4",91,105,98,109,2652,2880,7,4,3,228
"22100120","ATL","Bogdan Bogdanovic, Clint Capela, De'Andre Hunter, John Collins, Trae Young",0,"1",0,0,12,9,0,435,12,9,3,435
"22100120","UTA","Bojan Bogdanovic, Joe Ingles, Mike Conley, Royce O'Neale, Rudy Gobert",0,"1",0,0,7,12,0,329,7,12,-5,329
"22100120","ATL","Bogdan Bogdanovic, Danilo Gallinari, De'Andre Hunter, John Collins, Trae Young",1,"1",12,9,14,9,435,470,2,0,2,35
"22100120","UTA","Bojan Bogdanovic, Hassan Whiteside, Joe Ingles, Royce O'Neale, Rudy Gobert",1,"1",7,12,7,12,329,329,0,0,0,0
"22100120","ATL","Danilo Gallinari, De'Andre Hunter, John Collins, Kevin Huerter, Trae Young",2,"1",14,9,14,9,470,500,0,0,0,30
"22100120","UTA","Hassan Whiteside, Joe Ingles, Royce O'Neale, Rudy Gobert, Trent Forrest",2,"1",7,12,7,12,329,329,0,0,0,0
"22100120","ATL","Danilo Gallinari, Gorgui Dieng, John Collins, Kevin Huerter, Trae Young",3,"1",14,9,14,9,500,500,0,0,0,0
"22100120","UTA","Hassan Whiteside, Joe Ingles, Jordan Clarkson, Royce O'Neale, Trent Forrest",3,"1",7,12,7,12,329,410,0,0,0,81
"22100120","ATL","Cam Reddish, Danilo Gallinari, Gorgui Dieng, Kevin Huerter, Trae Young",4,"1",14,9,16,9,500,634,2,0,2,134
"22100120","UTA","Bojan Bogdanovic, Hassan Whiteside, Jordan Clarkson, Royce O'Neale, Trent Forrest",4,"1",7,12,9,16,410,634,2,4,-2,224
"22100120","ATL","Cam Reddish, Danilo Gallinari, Gorgui Dieng, Kevin Huerter, Lou Williams",5,"1",16,9,16,15,634,720,0,6,-6,86
"22100120","ATL","Cam Reddish, Danilo Gallinari, Gorgui Dieng, Kevin Huerter, Lou Williams",5,"2",16,15,18,18,720,830,2,3,-1,110
"22100120","UTA","Bojan Bogdanovic, Hassan Whiteside, Jordan Clarkson, Royce O'Neale, Rudy Gobert",5,"1",9,16,9,16,634,634,0,0,0,0
"22100120","ATL","Cam Reddish, Clint Capela, Danilo Gallinari, Kevin Huerter, Lou Williams",6,"2",18,18,19,21,830,952,1,3,-2,122
"22100120","UTA","Bojan Bogdanovic, Joe Ingles, Jordan Clarkson, Royce O'Neale, Rudy Gobert",6,"1",9,16,9,16,634,634,0,0,0,0
"22100120","ATL","Cam Reddish, Clint Capela, Danilo Gallinari, De'Andre Hunter, Lou Williams",7,"2",19,21,19,21,952,952,0,0,0,0
"22100120","UTA","Bojan Bogdanovic, Joe Ingles, Jordan Clarkson, Mike Conley, Rudy Gobert",7,"1",9,16,9,16,634,634,0,0,0,0
"22100120","ATL","Cam Reddish, Clint Capela, Danilo Gallinari, De'Andre Hunter, Trae Young",8,"2",19,21,19,21,952,952,0,0,0,0
"22100120","UTA","Eric Paschall, Joe Ingles, Jordan Clarkson, Mike Conley, Rudy Gobert",8,"1",9,16,15,16,634,720,6,0,6,86
"22100120","UTA","Eric Paschall, Joe Ingles, Jordan Clarkson, Mike Conley, Rudy Gobert",8,"2",15,16,21,19,720,952,6,3,3,232
"22100120","ATL","Bogdan Bogdanovic, Clint Capela, Danilo Gallinari, De'Andre Hunter, Trae Young",9,"2",19,21,23,21,952,1002,4,0,4,50
"22100120","UTA","Joe Ingles, Jordan Clarkson, Mike Conley, Rudy Gobert, Trent Forrest",9,"2",21,19,21,19,952,952,0,0,0,0
"22100120","ATL","Bogdan Bogdanovic, Clint Capela, De'Andre Hunter, John Collins, Trae Young",10,"2",23,21,40,39,1002,1440,17,18,-1,438
"22100120","ATL","Bogdan Bogdanovic, Clint Capela, De'Andre Hunter, John Collins, Trae Young",10,"3",40,39,60,53,1440,1798,20,14,6,358
"22100120","UTA","Jordan Clarkson, Mike Conley, Royce O'Neale, Rudy Gobert, Trent Forrest",10,"2",21,19,21,19,952,952,0,0,0,0
"22100120","ATL","Bogdan Bogdanovic, De'Andre Hunter, John Collins, Kevin Huerter, Trae Young",11,"3",60,53,62,56,1798,1865,2,3,-1,67
"22100120","UTA","Bojan Bogdanovic, Jordan Clarkson, Royce O'Neale, Rudy Gobert, Trent Forrest",11,"2",21,19,21,19,952,952,0,0,0,0
"22100120","ATL","Danilo Gallinari, De'Andre Hunter, John Collins, Kevin Huerter, Trae Young",12,"3",62,56,65,64,1865,1958,3,8,-5,93
"22100120","UTA","Bojan Bogdanovic, Hassan Whiteside, Jordan Clarkson, Royce O'Neale, Trent Forrest",12,"2",21,19,28,30,952,1188,7,11,-4,236
"22100120","ATL","Cam Reddish, Danilo Gallinari, John Collins, Kevin Huerter, Trae Young",13,"3",65,64,65,64,1958,1958,0,0,0,0
"22100120","UTA","Bojan Bogdanovic, Hassan Whiteside, Royce O'Neale, Rudy Gobert, Trent Forrest",13,"2",28,30,28,30,1188,1188,0,0,0,0
"22100120","ATL","Cam Reddish, Clint Capela, Danilo Gallinari, Kevin Huerter, Trae Young",14,"3",65,64,65,69,1958,1995,0,5,-5,37
"22100120","UTA","Bojan Bogdanovic, Hassan Whiteside, Mike Conley, Royce O'Neale, Rudy Gobert",14,"2",28,30,28,30,1188,1188,0,0,0,0
"22100120","ATL","Cam Reddish, Clint Capela, Danilo Gallinari, Kevin Huerter, Lou Williams",15,"3",65,69,74,75,1995,2160,9,6,3,165
"22100120","ATL","Cam Reddish, Clint Capela, Danilo Gallinari, Kevin Huerter, Lou Williams",15,"4",74,75,76,80,2160,2303,2,5,-3,143
"22100120","UTA","Bojan Bogdanovic, Joe Ingles, Mike Conley, Royce O'Neale, Rudy Gobert",15,"2",28,30,39,40,1188,1440,11,10,1,252
"22100120","UTA","Bojan Bogdanovic, Joe Ingles, Mike Conley, Royce O'Neale, Rudy Gobert",15,"3",39,40,51,56,1440,1743,12,16,-4,303
"22100120","ATL","Bogdan Bogdanovic, Cam Reddish, Clint Capela, Danilo Gallinari, Lou Williams",16,"4",76,80,76,83,2303,2335,0,3,-3,32
"22100120","UTA","Bojan Bogdanovic, Hassan Whiteside, Joe Ingles, Mike Conley, Royce O'Neale",16,"3",51,56,51,56,1743,1743,0,0,0,0
"22100120","ATL","Bogdan Bogdanovic, Cam Reddish, Clint Capela, Danilo Gallinari, Trae Young",17,"4",76,83,76,83,2335,2335,0,0,0,0
"22100120","UTA","Bojan Bogdanovic, Hassan Whiteside, Joe Ingles, Royce O'Neale, Trent Forrest",17,"3",51,56,51,56,1743,1743,0,0,0,0
"22100120","ATL","Bogdan Bogdanovic, Cam Reddish, Clint Capela, De'Andre Hunter, Trae Young",18,"4",76,83,76,83,2335,2335,0,0,0,0
"22100120","UTA","Bojan Bogdanovic, Hassan Whiteside, Jordan Clarkson, Royce O'Neale, Trent Forrest",18,"3",51,56,58,62,1743,1902,7,6,1,159
"22100120","ATL","Bogdan Bogdanovic, Clint Capela, De'Andre Hunter, John Collins, Trae Young",19,"4",76,83,90,109,2335,2709,14,26,-12,374
"22100120","UTA","Eric Paschall, Hassan Whiteside, Jordan Clarkson, Royce O'Neale, Trent Forrest",19,"3",58,62,69,65,1902,1995,11,3,8,93
"22100120","ATL","Bogdan Bogdanovic, Clint Capela, De'Andre Hunter, John Collins, Timothe Luwawu-Cabarrot",20,"4",90,109,90,109,2709,2709,0,0,0,0
"22100120","UTA","Eric Paschall, Hassan Whiteside, Jordan Clarkson, Royce O'Neale, Rudy Gobert",20,"3",69,65,69,65,1995,1995,0,0,0,0
"22100120","ATL","Bogdan Bogdanovic, Clint Capela, Gorgui Dieng, John Collins, Timothe Luwawu-Cabarrot",21,"4",90,109,90,109,2709,2709,0,0,0,0
"22100120","UTA","Eric Paschall, Jordan Clarkson, Mike Conley, Royce O'Neale, Rudy Gobert",21,"3",69,65,71,67,1995,2041,2,2,0,46
"22100120","ATL","Clint Capela, Gorgui Dieng, Jalen Johnson, John Collins, Timothe Luwawu-Cabarrot",22,"4",90,109,90,109,2709,2709,0,0,0,0
"22100120","UTA","Eric Paschall, Joe Ingles, Jordan Clarkson, Mike Conley, Rudy Gobert",22,"3",71,67,75,74,2041,2160,4,7,-3,119
"22100120","UTA","Eric Paschall, Joe Ingles, Jordan Clarkson, Mike Conley, Rudy Gobert",22,"4",75,74,89,78,2160,2421,14,4,10,261
"22100120","ATL","Gorgui Dieng, Jalen Johnson, John Collins, Skylar Mays, Timothe Luwawu-Cabarrot",23,"4",90,109,90,109,2709,2709,0,0,0,0
"22100120","UTA","Joe Ingles, Jordan Clarkson, Mike Conley, Rudy Gobert, Trent Forrest",23,"4",89,78,89,78,2421,2421,0,0,0,0
"22100120","ATL","Delon Wright, Gorgui Dieng, Jalen Johnson, Skylar Mays, Timothe Luwawu-Cabarrot",24,"4",90,109,98,116,2709,2880,8,7,1,171
"22100120","UTA","Jordan Clarkson, Mike Conley, Royce O'Neale, Rudy Gobert, Trent Forrest",24,"4",89,78,89,78,2421,2421,0,0,0,0
"22100120","UTA","Bojan Bogdanovic, Jordan Clarkson, Royce O'Neale, Rudy Gobert, Trent Forrest",25,"4",89,78,99,88,2421,2618,10,10,0,197
"22100120","UTA","Bojan Bogdanovic, Jordan Clarkson, Mike Conley, Royce O'Neale, Rudy Gobert",26,"4",99,88,111,90,2618,2753,12,2,10,135
"22100120","UTA","Bojan Bogdanovic, Mike Conley, Miye Oni, Royce O'Neale, Rudy Gobert",27,"4",111,90,111,90,2753,2753,0,0,0,0
"22100120","UTA","Bojan Bogdanovic, Elijah Hughes, Miye Oni, Royce O'Neale, Rudy Gobert",28,"4",111,90,111,90,2753,2753,0,0,0,0
"22100120","UTA","Bojan Bogdanovic, Elijah Hughes, Jared Butler, Miye Oni, Rudy Gobert",29,"4",111,90,111,90,2753,2753,0,0,0,0
"22100120","UTA","Bojan Bogdanovic, Elijah Hughes, Jared Butler, Malik Fitts, Miye Oni",30,"4",111,90,111,92,2753,2755,0,2,-2,2
"22100120","UTA","Elijah Hughes, Jared Butler, Malik Fitts, Miye Oni, Trent Forrest",31,"4",111,92,116,98,2755,2880,5,6,-1,125
"22100121","BOS","Al Horford, Jaylen Brown, Jayson Tatum, Marcus Smart, Robert Williams III",0,"1",0,0,4,9,0,318,4,9,-5,318
"22100121","MIA","Bam Adebayo, Duncan Robinson, Jimmy Butler, Kyle Lowry, P.J. Tucker",0,"1",0,0,18,14,0,498,18,14,4,498
"22100121","BOS","Grant Williams, Jaylen Brown, Jayson Tatum, Marcus Smart, Robert Williams III",1,"1",4,9,14,18,318,498,10,9,1,180
"22100121","MIA","Bam Adebayo, Dewayne Dedmon, Duncan Robinson, Jimmy Butler, P.J. Tucker",1,"1",18,14,18,14,498,498,0,0,0,0
"22100121","BOS","Grant Williams, Jaylen Brown, Marcus Smart, Robert Williams III, Romeo Langford",2,"1",14,18,14,18,498,498,0,0,0,0
"22100121","MIA","Dewayne Dedmon, Duncan Robinson, Jimmy Butler, P.J. Tucker, Tyler Herro",2,"1",18,14,18,14,498,577,0,0,0,79
"22100121","BOS","Dennis Schroder, Grant Williams, Jaylen Brown, Robert Williams III, Romeo Langford",3,"1",14,18,14,18,498,577,0,0,0,79
"22100121","MIA","Dewayne Dedmon, Duncan Robinson, Jimmy Butler, Markieff Morris, Tyler Herro",3,"1",18,14,22,16,577,661,4,2,2,84
"22100121","BOS","Al Horford, Dennis Schroder, Grant Williams, Robert Williams III, Romeo Langford",4,"1",14,18,14,18,577,577,0,0,0,0
"22100121","MIA","Caleb Martin, Dewayne Dedmon, Jimmy Butler, Markieff Morris, Tyler Herro",4,"1",22,16,22,16,661,661,0,0,0,0
"22100121","BOS","Aaron Nesmith, Al Horford, Dennis Schroder, Grant Williams, Romeo Langford",5,"1",14,18,16,22,577,661,2,4,-2,84
"22100121","MIA","Caleb Martin, Dewayne Dedmon, Kyle Lowry, Markieff Morris, Tyler Herro",5,"1",22,16,24,18,661,720,2,2,0,59
"22100121","MIA","Caleb Martin, Dewayne Dedmon, Kyle Lowry, Markieff Morris, Tyler Herro",5,"2",24,18,28,21,720,808,4,3,1,88
"22100121","BOS","Aaron Nesmith, Dennis Schroder, Grant Williams, Jabari Parker, Romeo Langford",6,"1",16,22,18,24,661,720,2,2,0,59
"22100121","BOS","Aaron Nesmith, Dennis Schroder, Grant Williams, Jabari Parker, Romeo Langford",6,"2",18,24,21,28,720,808,3,4,-1,88
"22100121","MIA","Bam Adebayo, Caleb Martin, Kyle Lowry, Markieff Morris, Tyler Herro",6,"2",28,21,29,31,808,980,1,10,-9,172
"22100121","BOS","Aaron Nesmith, Dennis Schroder, Grant Williams, Robert Williams III, Romeo Langford",7,"2",21,28,21,28,808,827,0,0,0,19
"22100121","MIA","Bam Adebayo, Caleb Martin, Jimmy Butler, Markieff Morris, Tyler Herro",7,"2",29,31,29,31,980,980,0,0,0,0
"22100121","BOS","Aaron Nesmith, Dennis Schroder, Jayson Tatum, Robert Williams III, Romeo Langford",8,"2",21,28,31,29,827,980,10,1,9,153
"22100121","MIA","Bam Adebayo, Duncan Robinson, Jimmy Butler, Markieff Morris, Tyler Herro",8,"2",29,31,31,33,980,1079,2,2,0,99
"22100121","BOS","Aaron Nesmith, Dennis Schroder, Jaylen Brown, Jayson Tatum, Robert Williams III",9,"2",31,29,31,29,980,980,0,0,0,0
"22100121","MIA","Bam Adebayo, Duncan Robinson, Jimmy Butler, P.J. Tucker, Tyler Herro",9,"2",31,33,31,38,1079,1167,0,5,-5,88
"22100121","BOS","Aaron Nesmith, Al Horford, Dennis Schroder, Jaylen Brown, Jayson Tatum",10,"2",31,29,31,29,980,980,0,0,0,0
"22100121","MIA","Duncan Robinson, Jimmy Butler, Kyle Lowry, P.J. Tucker, Tyler Herro",10,"2",31,38,31,38,1167,1167,0,0,0,0
"22100121","BOS","Aaron Nesmith, Al Horford, Jaylen Brown, Jayson Tatum, Marcus Smart",11,"2",31,29,33,31,980,1079,2,2,0,99
"22100121","MIA","Dewayne Dedmon, Jimmy Butler, Kyle Lowry, P.J. Tucker, Tyler Herro",11,"2",31,38,31,44,1167,1252,0,6,-6,85
"22100121","BOS","Aaron Nesmith, Al Horford, Jaylen Brown, Marcus Smart, Romeo Langford",12,"2",33,31,33,31,1079,1079,0,0,0,0
"22100121","MIA","Bam Adebayo, Jimmy Butler, Kyle Lowry, P.J. Tucker, Tyler Herro",12,"2",31,44,33,48,1252,1383,2,4,-2,131
"22100121","BOS","Al Horford, Dennis Schroder, Jaylen Brown, Marcus Smart, Romeo Langford",13,"2",33,31,42,31,1079,1237,9,0,9,158
"22100121","MIA","Dewayne Dedmon, Jimmy Butler, Kyle Lowry, P.J. Tucker, Tyler Herro",13,"2",33,48,33,51,1383,1440,0,3,-3,57
"22100121","BOS","Dennis Schroder, Jaylen Brown, Marcus Smart, Robert Williams III, Romeo Langford",14,"2",42,31,46,33,1237,1338,4,2,2,101
"22100121","MIA","Bam Adebayo, Duncan Robinson, Jimmy Butler, Kyle Lowry, P.J. Tucker",14,"3",33,51,50,62,1440,1858,17,11,6,418
"22100121","BOS","Dennis Schroder, Jaylen Brown, Jayson Tatum, Marcus Smart, Robert Williams III",15,"2",46,33,51,33,1338,1440,5,0,5,102
"22100121","MIA","Bam Adebayo, Jimmy Butler, Kyle Lowry, P.J. Tucker, Tyler Herro",15,"3",50,62,50,62,1858,1885,0,0,0,27
"22100121","BOS","Al Horford, Jaylen Brown, Jayson Tatum, Marcus Smart, Robert Williams III",16,"3",51,33,62,46,1440,1744,11,13,-2,304
"22100121","MIA","Dewayne Dedmon, Jimmy Butler, Kyle Lowry, P.J. Tucker, Tyler Herro",16,"3",50,62,55,64,1885,1991,5,2,3,106
"22100121","BOS","Grant Williams, Jaylen Brown, Jayson Tatum, Marcus Smart, Robert Williams III",17,"3",62,46,62,46,1744,1783,0,0,0,39
"22100121","MIA","Dewayne Dedmon, Duncan Robinson, Jimmy Butler, P.J. Tucker, Tyler Herro",17,"3",55,64,56,70,1991,2118,1,6,-5,127
"22100121","BOS","Dennis Schroder, Grant Williams, Jaylen Brown, Marcus Smart, Robert Williams III",18,"3",62,46,62,50,1783,1826,0,4,-4,43
"22100121","MIA","Dewayne Dedmon, Duncan Robinson, Jimmy Butler, Kyle Lowry, Tyler Herro",18,"3",56,70,56,70,2118,2118,0,0,0,0
"22100121","BOS","Dennis Schroder, Jaylen Brown, Marcus Smart, Robert Williams III, Romeo Langford",19,"3",62,50,62,52,1826,1924,0,2,-2,98
"22100121","MIA","Duncan Robinson, Jimmy Butler, Kyle Lowry, Markieff Morris, Tyler Herro",19,"3",56,70,56,70,2118,2118,0,0,0,0
"22100121","BOS","Aaron Nesmith, Dennis Schroder, Jaylen Brown, Robert Williams III, Romeo Langford",20,"3",62,52,62,52,1924,1924,0,0,0,0
"22100121","MIA","Bam Adebayo, Duncan Robinson, Kyle Lowry, Markieff Morris, Tyler Herro",20,"3",56,70,57,75,2118,2160,1,5,-4,42
"22100121","BOS","Aaron Nesmith, Al Horford, Dennis Schroder, Jaylen Brown, Romeo Langford",21,"3",62,52,75,57,1924,2160,13,5,8,236
"22100121","MIA","Bam Adebayo, Duncan Robinson, Jimmy Butler, Markieff Morris, Tyler Herro",21,"4",57,75,62,84,2160,2369,5,9,-4,209
"22100121","BOS","Aaron Nesmith, Al Horford, Dennis Schroder, Jayson Tatum, Romeo Langford",22,"4",75,57,84,62,2160,2369,9,5,4,209
"22100121","MIA","Duncan Robinson, Jimmy Butler, Markieff Morris, P.J. Tucker, Tyler Herro",22,"4",62,84,66,90,2369,2553,4,6,-2,184
"22100121","BOS","Al Horford, Dennis Schroder, Jayson Tatum, Marcus Smart, Romeo Langford",23,"4",84,62,92,72,2369,2729,8,10,-2,360
"22100121","MIA","Bam Adebayo, Duncan Robinson, Jimmy Butler, P.J. Tucker, Tyler Herro",23,"4",66,90,70,92,2553,2656,4,2,2,103
"22100121","BOS","Al Horford, Dennis Schroder, Marcus Smart, Payton Pritchard, Romeo Langford",24,"4",92,72,92,72,2729,2729,0,0,0,0
"22100121","MIA","Bam Adebayo, Duncan Robinson, Gabe Vincent, Jimmy Butler, P.J. Tucker",24,"4",70,92,70,92,2656,2656,0,0,0,0
"22100121","BOS","Al Horford, Bruno Fernando, Dennis Schroder, Marcus Smart, Payton Pritchard",25,"4",92,72,92,72,2729,2729,0,0,0,0
"22100121","MIA","Bam Adebayo, Duncan Robinson, Gabe Vincent, Jimmy Butler, Omer Yurtseven",25,"4",70,92,70,92,2656,2656,0,0,0,0
"22100121","BOS","Aaron Nesmith, Al Horford, Bruno Fernando, Dennis Schroder, Payton Pritchard",26,"4",92,72,92,72,2729,2729,0,0,0,0
"22100121","MIA","Bam Adebayo, Duncan Robinson, Gabe Vincent, Markieff Morris, Omer Yurtseven",26,"4",70,92,70,92,2656,2656,0,0,0,0
"22100121","BOS","Aaron Nesmith, Bruno Fernando, Dennis Schroder, Juancho Hernangomez, Payton Pritchard",27,"4",92,72,92,72,2729,2729,0,0,0,0
"22100121","MIA","Caleb Martin, Duncan Robinson, Gabe Vincent, Markieff Morris, Omer Yurtseven",27,"4",70,92,78,95,2656,2880,8,3,5,224
"22100121","BOS","Aaron Nesmith, Bruno Fernando, Grant Williams, Juancho Hernangomez, Payton Pritchard",28,"4",92,72,95,78,2729,2880,3,6,-3,151
"22100122","HOU","Alperen Sengun, Christian Wood, Jae'Sean Tate, Jalen Green, Kevin Porter Jr.",0,"1",0,0,9,17,0,361,9,17,-8,361
"22100122","PHX","Chris Paul, Deandre Ayton, Devin Booker, Jae Crowder, Mikal Bridges",0,"1",0,0,22,13,0,446,22,13,9,446
"22100122","HOU","Christian Wood, Eric Gordon, Jae'Sean Tate, Jalen Green, Kevin Porter Jr.",1,"1",9,17,16,24,361,485,7,7,0,124
"22100122","PHX","Deandre Ayton, Devin Booker, Elfrid Payton, Jae Crowder, Mikal Bridges",1,"1",22,13,22,13,446,446,0,0,0,0
"22100122","HOU","Christian Wood, Eric Gordon, Jae'Sean Tate, Jalen Green, Kenyon Martin Jr.",2,"1",16,24,16,24,485,485,0,0,0,0
"22100122","PHX","Cameron Johnson, Deandre Ayton, Devin Booker, Elfrid Payton, Mikal Bridges",2,"1",22,13,24,16,446,485,2,3,-1,39
"22100122","HOU","Christian Wood, D.J. Augustin, Eric Gordon, Jalen Green, Kenyon Martin Jr.",3,"1",16,24,23,26,485,602,7,2,5,117
"22100122","PHX","Cameron Johnson, Devin Booker, Elfrid Payton, Landry Shamet, Mikal Bridges",3,"1",24,16,24,16,485,485,0,0,0,0
"22100122","HOU","Christian Wood, D.J. Augustin, David Nwaba, Eric Gordon, Kenyon Martin Jr.",4,"1",23,26,27,33,602,692,4,7,-3,90
"22100122","PHX","Cameron Johnson, Devin Booker, Elfrid Payton, JaVale McGee, Landry Shamet",4,"1",24,16,26,22,485,579,2,6,-4,94
"22100122","HOU","Alperen Sengun, D.J. Augustin, David Nwaba, Eric Gordon, Kenyon Martin Jr.",5,"1",27,33,30,36,692,720,3,3,0,28
"22100122","HOU","Alperen Sengun, D.J. Augustin, David Nwaba, Eric Gordon, Kenyon Martin Jr.",5,"2",30,36,37,41,720,928,7,5,2,208
"22100122","PHX","Abdel Nader, Cameron Johnson, Elfrid Payton, JaVale McGee, Landry Shamet",5,"1",26,22,36,30,579,713,10,8,2,134
"22100122","HOU","Alperen Sengun, D.J. Augustin, David Nwaba, Eric Gordon, Kevin Porter Jr.",6,"2",37,41,37,41,928,928,0,0,0,0
"22100122","PHX","Abdel Nader, Cameron Johnson, Elfrid Payton, Landry Shamet, Mikal Bridges",6,"1",36,30,36,30,713,720,0,0,0,7
"22100122","HOU","Alperen Sengun, D.J. Augustin, David Nwaba, Jae'Sean Tate, Kevin Porter Jr.",7,"2",37,41,37,41,928,928,0,0,0,0
"22100122","PHX","Abdel Nader, Cameron Johnson, Chris Paul, JaVale McGee, Landry Shamet",7,"2",36,30,41,37,720,928,5,7,-2,208
"22100122","HOU","Alperen Sengun, Armoni Brooks, David Nwaba, Jae'Sean Tate, Kevin Porter Jr.",8,"2",37,41,44,46,928,1058,7,5,2,130
"22100122","PHX","Cameron Johnson, Chris Paul, Jae Crowder, JaVale McGee, Landry Shamet",8,"2",41,37,41,37,928,928,0,0,0,0
"22100122","HOU","Armoni Brooks, Christian Wood, David Nwaba, Jae'Sean Tate, Kevin Porter Jr.",9,"2",44,46,50,48,1058,1211,6,2,4,153
"22100122","PHX","Cameron Johnson, Chris Paul, Deandre Ayton, Jae Crowder, Landry Shamet",9,"2",41,37,46,44,928,1058,5,7,-2,130
"22100122","HOU","Armoni Brooks, Christian Wood, Jae'Sean Tate, Jalen Green, Kevin Porter Jr.",10,"2",50,48,50,48,1211,1211,0,0,0,0
"22100122","PHX","Cameron Johnson, Chris Paul, Deandre Ayton, Devin Booker, Jae Crowder",10,"2",46,44,46,44,1058,1058,0,0,0,0
"22100122","HOU","Christian Wood, Eric Gordon, Jae'Sean Tate, Jalen Green, Kevin Porter Jr.",11,"2",50,48,61,56,1211,1440,11,8,3,229
"22100122","PHX","Chris Paul, Deandre Ayton, Devin Booker, Jae Crowder, Mikal Bridges",11,"2",46,44,48,50,1058,1211,2,6,-4,153
"22100122","HOU","Alperen Sengun, Christian Wood, Jae'Sean Tate, Jalen Green, Kevin Porter Jr.",12,"3",61,56,72,68,1440,1744,11,12,-1,304
"22100122","PHX","Deandre Ayton, Devin Booker, Elfrid Payton, Jae Crowder, Mikal Bridges",12,"2",48,50,56,61,1211,1380,8,11,-3,169
"22100122","HOU","Christian Wood, Eric Gordon, Jae'Sean Tate, Jalen Green, Kevin Porter Jr.",13,"3",72,68,79,76,1744,1932,7,8,-1,188
"22100122","PHX","Chris Paul, Deandre Ayton, Devin Booker, Jae Crowder, Mikal Bridges",13,"2",56,61,56,61,1380,1440,0,0,0,60
"22100122","PHX","Chris Paul, Deandre Ayton, Devin Booker, Jae Crowder, Mikal Bridges",13,"3",56,61,68,72,1440,1731,12,11,1,291
"22100122","HOU","Christian Wood, D.J. Augustin, Eric Gordon, Jae'Sean Tate, Jalen Green",14,"3",79,76,79,76,1932,1932,0,0,0,0
"22100122","PHX","Chris Paul, Devin Booker, Jae Crowder, JaVale McGee, Mikal Bridges",14,"3",68,72,68,72,1731,1744,0,0,0,13
"22100122","HOU","Christian Wood, D.J. Augustin, Eric Gordon, Jalen Green, Kenyon Martin Jr.",15,"3",79,76,81,80,1932,1965,2,4,-2,33
"22100122","PHX","Cameron Johnson, Chris Paul, Devin Booker, JaVale McGee, Mikal Bridges",15,"3",68,72,75,76,1744,1858,7,4,3,114
"22100122","HOU","Alperen Sengun, Christian Wood, D.J. Augustin, Eric Gordon, Kenyon Martin Jr.",16,"3",81,80,81,80,1965,1965,0,0,0,0
"22100122","PHX","Cameron Johnson, Devin Booker, Elfrid Payton, JaVale McGee, Mikal Bridges",16,"3",75,76,80,81,1858,1965,5,5,0,107
"22100122","HOU","Alperen Sengun, D.J. Augustin, David Nwaba, Eric Gordon, Kenyon Martin Jr.",17,"3",81,80,86,93,1965,2160,5,13,-8,195
"22100122","HOU","Alperen Sengun, D.J. Augustin, David Nwaba, Eric Gordon, Kenyon Martin Jr.",17,"4",86,93,88,96,2160,2207,2,3,-1,47
"22100122","PHX","Cameron Johnson, Devin Booker, Elfrid Payton, JaVale McGee, Landry Shamet",17,"3",80,81,93,86,1965,2160,13,5,8,195
"22100122","HOU","Alperen Sengun, David Nwaba, Eric Gordon, Kenyon Martin Jr., Kevin Porter Jr.",18,"4",88,96,90,103,2207,2287,2,7,-5,80
"22100122","PHX","Abdel Nader, Cameron Johnson, Chris Paul, JaVale McGee, Landry Shamet",18,"4",93,86,103,90,2160,2287,10,4,6,127
"22100122","HOU","Alperen Sengun, David Nwaba, Jalen Green, Kenyon Martin Jr., Kevin Porter Jr.",19,"4",90,103,90,103,2287,2287,0,0,0,0
"22100122","PHX","Abdel Nader, Cameron Johnson, Chris Paul, Frank Kaminsky, Landry Shamet",19,"4",103,90,110,97,2287,2476,7,7,0,189
"22100122","HOU","Christian Wood, David Nwaba, Jalen Green, Kenyon Martin Jr., Kevin Porter Jr.",20,"4",90,103,92,105,2287,2347,2,2,0,60
"22100122","PHX","Cameron Johnson, Chris Paul, Frank Kaminsky, Landry Shamet, Mikal Bridges",20,"4",110,97,110,97,2476,2476,0,0,0,0
"22100122","HOU","Christian Wood, David Nwaba, Jae'Sean Tate, Jalen Green, Kevin Porter Jr.",21,"4",92,105,97,110,2347,2476,5,5,0,129
"22100122","PHX","Cameron Johnson, Elfrid Payton, Frank Kaminsky, Landry Shamet, Mikal Bridges",21,"4",110,97,110,99,2476,2513,0,2,-2,37
"22100122","HOU","Christian Wood, Eric Gordon, Jae'Sean Tate, Jalen Green, Kevin Porter Jr.",22,"4",97,110,111,123,2476,2880,14,13,1,404
"22100122","PHX","Cameron Johnson, Devin Booker, Elfrid Payton, Frank Kaminsky, Mikal Bridges",22,"4",110,99,110,99,2513,2532,0,0,0,19
"22100122","PHX","Cameron Johnson, Devin Booker, Elfrid Payton, Jae Crowder, Mikal Bridges",23,"4",110,99,110,99,2532,2532,0,0,0,0
"22100122","PHX","Deandre Ayton, Devin Booker, Elfrid Payton, Jae Crowder, Mikal Bridges",24,"4",110,99,110,99,2532,2548,0,0,0,16
"22100122","PHX","Chris Paul, Deandre Ayton, Devin Booker, Jae Crowder, Mikal Bridges",25,"4",110,99,121,109,2548,2792,11,10,1,244
"22100122","PHX","Chris Paul, Devin Booker, Frank Kaminsky, Jae Crowder, Mikal Bridges",26,"4",121,109,123,111,2792,2880,2,2,0,88
"22100123","LAL","Anthony Davis, Avery Bradley, DeAndre Jordan, Kent Bazemore, Russell Westbrook",0,"1",0,0,20,12,0,451,20,12,8,451
"22100123","OKC","Darius Bazley, Derrick Favors, Josh Giddey, Luguentz Dort, Shai Gilgeous-Alexander",0,"1",0,0,12,20,0,451,12,20,-8,451
"22100123","LAL","Anthony Davis, Avery Bradley, DeAndre Jordan, Rajon Rondo, Russell Westbrook",1,"1",20,12,20,12,451,451,0,0,0,0
"22100123","OKC","Darius Bazley, Derrick Favors, Jeremiah Robinson-Earl, Josh Giddey, Shai Gilgeous-Alexander",1,"1",12,20,12,20,451,451,0,0,0,0
"22100123","LAL","Anthony Davis, Avery Bradley, DeAndre Jordan, Rajon Rondo, Wayne Ellington",2,"1",20,12,20,14,451,473,0,2,-2,22
"22100123","OKC","Darius Bazley, Jeremiah Robinson-Earl, Josh Giddey, Shai Gilgeous-Alexander, Ty Jerome",2,"1",12,20,16,22,451,494,4,2,2,43
"22100123","LAL","Anthony Davis, Avery Bradley, Carmelo Anthony, Rajon Rondo, Wayne Ellington",3,"1",20,14,25,21,473,720,5,7,-2,247
"22100123","OKC","Jeremiah Robinson-Earl, Josh Giddey, Kenrich Williams, Shai Gilgeous-Alexander, Ty Jerome",3,"1",16,22,16,22,494,514,0,0,0,20
"22100123","LAL","Carmelo Anthony, Dwight Howard, Malik Monk, Russell Westbrook, Wayne Ellington",4,"2",25,21,34,23,720,891,9,2,7,171
"22100123","OKC","Aleksej Pokusevski, Jeremiah Robinson-Earl, Kenrich Williams, Shai Gilgeous-Alexander, Ty Jerome",4,"1",16,22,21,25,514,720,5,3,2,206
"22100123","LAL","Austin Reaves, Carmelo Anthony, Dwight Howard, Malik Monk, Russell Westbrook",5,"2",34,23,44,27,891,1104,10,4,6,213
"22100123","OKC","Aleksej Pokusevski, Derrick Favors, Kenrich Williams, Luguentz Dort, Theo Maledon",5,"2",21,25,25,37,720,968,4,12,-8,248
"22100123","LAL","Austin Reaves, Carmelo Anthony, Dwight Howard, Kent Bazemore, Malik Monk",6,"2",44,27,44,27,1104,1104,0,0,0,0
"22100123","OKC","Aleksej Pokusevski, Derrick Favors, Josh Giddey, Kenrich Williams, Luguentz Dort",6,"2",25,37,25,37,968,968,0,0,0,0
"22100123","LAL","Austin Reaves, Dwight Howard, Kent Bazemore, Malik Monk, Rajon Rondo",7,"2",44,27,44,27,1104,1104,0,0,0,0
"22100123","OKC","Aleksej Pokusevski, Josh Giddey, Kenrich Williams, Luguentz Dort, Mike Muscala",7,"2",25,37,25,42,968,1040,0,5,-5,72
"22100123","LAL","Anthony Davis, Austin Reaves, Kent Bazemore, Malik Monk, Rajon Rondo",8,"2",44,27,47,33,1104,1249,3,6,-3,145
"22100123","OKC","Josh Giddey, Kenrich Williams, Luguentz Dort, Mike Muscala, Shai Gilgeous-Alexander",8,"2",25,42,28,44,1040,1144,3,2,1,104
"22100123","LAL","Anthony Davis, Austin Reaves, Avery Bradley, Kent Bazemore, Malik Monk",9,"2",47,33,47,33,1249,1249,0,0,0,0
"22100123","OKC","Josh Giddey, Kenrich Williams, Mike Muscala, Shai Gilgeous-Alexander, Ty Jerome",9,"2",28,44,33,47,1144,1249,5,3,2,105
"22100123","LAL","Anthony Davis, Austin Reaves, Avery Bradley, Kent Bazemore, Russell Westbrook",10,"2",47,33,47,33,1249,1249,0,0,0,0
"22100123","OKC","Darius Bazley, Josh Giddey, Kenrich Williams, Shai Gilgeous-Alexander, Ty Jerome",10,"2",33,47,33,47,1249,1249,0,0,0,0
"22100123","LAL","Anthony Davis, Avery Bradley, Carmelo Anthony, Kent Bazemore, Russell Westbrook",11,"2",47,33,52,42,1249,1370,5,9,-4,121
"22100123","OKC","Darius Bazley, Josh Giddey, Luguentz Dort, Shai Gilgeous-Alexander, Ty Jerome",11,"2",33,47,48,52,1249,1440,15,5,10,191
"22100123","LAL","Anthony Davis, Carmelo Anthony, Kent Bazemore, Russell Westbrook, Wayne Ellington",12,"2",52,42,52,48,1370,1440,0,6,-6,70
"22100123","OKC","Darius Bazley, Derrick Favors, Josh Giddey, Luguentz Dort, Shai Gilgeous-Alexander",12,"3",48,52,65,68,1440,1815,17,16,1,375
"22100123","LAL","Avery Bradley, Carmelo Anthony, DeAndre Jordan, Kent Bazemore, Russell Westbrook",13,"3",52,48,57,50,1440,1557,5,2,3,117
"22100123","OKC","Darius Bazley, Derrick Favors, Josh Giddey, Shai Gilgeous-Alexander, Ty Jerome",13,"3",65,68,65,68,1815,1815,0,0,0,0
"22100123","LAL","Anthony Davis, Avery Bradley, DeAndre Jordan, Kent Bazemore, Russell Westbrook",14,"3",57,50,68,65,1557,1815,11,15,-4,258
"22100123","OKC","Darius Bazley, Jeremiah Robinson-Earl, Josh Giddey, Shai Gilgeous-Alexander, Ty Jerome",14,"3",65,68,66,68,1815,1854,1,0,1,39
"22100123","LAL","Anthony Davis, Avery Bradley, Carmelo Anthony, DeAndre Jordan, Kent Bazemore",15,"3",68,65,68,65,1815,1815,0,0,0,0
"22100123","OKC","Jeremiah Robinson-Earl, Josh Giddey, Kenrich Williams, Shai Gilgeous-Alexander, Ty Jerome",15,"3",66,68,70,76,1854,2059,4,8,-4,205
"22100123","LAL","Anthony Davis, Avery Bradley, Carmelo Anthony, Kent Bazemore, Rajon Rondo",16,"3",68,65,68,68,1815,1910,0,3,-3,95
"22100123","OKC","Aleksej Pokusevski, Jeremiah Robinson-Earl, Kenrich Williams, Shai Gilgeous-Alexander, Ty Jerome",16,"3",70,76,72,80,2059,2145,2,4,-2,86
"22100123","LAL","Anthony Davis, Austin Reaves, Avery Bradley, Carmelo Anthony, Rajon Rondo",17,"3",68,68,76,70,1910,2059,8,2,6,149
"22100123","OKC","Aleksej Pokusevski, Kenrich Williams, Luguentz Dort, Shai Gilgeous-Alexander, Ty Jerome",17,"3",72,80,72,80,2145,2145,0,0,0,0
"22100123","LAL","Anthony Davis, Austin Reaves, Carmelo Anthony, Rajon Rondo, Russell Westbrook",18,"3",76,70,80,72,2059,2145,4,2,2,86
"22100123","OKC","Kenrich Williams, Luguentz Dort, Mike Muscala, Shai Gilgeous-Alexander, Ty Jerome",18,"3",72,80,72,80,2145,2160,0,0,0,15
"22100123","LAL","Anthony Davis, Austin Reaves, Kent Bazemore, Rajon Rondo, Russell Westbrook",19,"3",80,72,80,72,2145,2160,0,0,0,15
"22100123","OKC","Derrick Favors, Josh Giddey, Kenrich Williams, Luguentz Dort, Ty Jerome",19,"4",72,80,78,84,2160,2372,6,4,2,212
"22100123","LAL","Anthony Davis, Austin Reaves, Carmelo Anthony, Malik Monk, Russell Westbrook",20,"4",80,72,84,78,2160,2372,4,6,-2,212
"22100123","OKC","Derrick Favors, Kenrich Williams, Luguentz Dort, Shai Gilgeous-Alexander, Ty Jerome",20,"4",78,84,80,84,2372,2439,2,0,2,67
"22100123","LAL","Anthony Davis, Austin Reaves, Carmelo Anthony, Dwight Howard, Malik Monk",21,"4",84,78,84,78,2372,2372,0,0,0,0
"22100123","OKC","Darius Bazley, Derrick Favors, Kenrich Williams, Shai Gilgeous-Alexander, Ty Jerome",21,"4",80,84,83,84,2439,2515,3,0,3,76
"22100123","LAL","Austin Reaves, Carmelo Anthony, Dwight Howard, Malik Monk, Rajon Rondo",22,"4",84,78,84,80,2372,2439,0,2,-2,67
"22100123","OKC","Darius Bazley, Derrick Favors, Kenrich Williams, Luguentz Dort, Shai Gilgeous-Alexander",22,"4",83,84,88,84,2515,2588,5,0,5,73
"22100123","LAL","Austin Reaves, Avery Bradley, Dwight Howard, Malik Monk, Rajon Rondo",23,"4",84,80,84,80,2439,2439,0,0,0,0
"22100123","OKC","Darius Bazley, Kenrich Williams, Luguentz Dort, Mike Muscala, Shai Gilgeous-Alexander",23,"4",88,84,93,93,2588,2697,5,9,-4,109
"22100123","LAL","Austin Reaves, Avery Bradley, Dwight Howard, Kent Bazemore, Rajon Rondo",24,"4",84,80,84,83,2439,2464,0,3,-3,25
"22100123","OKC","Darius Bazley, Derrick Favors, Kenrich Williams, Luguentz Dort, Shai Gilgeous-Alexander",24,"4",93,93,95,95,2697,2751,2,2,0,54
"22100123","LAL","Anthony Davis, Austin Reaves, Avery Bradley, Kent Bazemore, Rajon Rondo",25,"4",84,83,84,83,2464,2515,0,0,0,51
"22100123","OKC","Derrick Favors, Josh Giddey, Kenrich Williams, Luguentz Dort, Shai Gilgeous-Alexander",25,"4",95,95,103,98,2751,2827,8,3,5,76
"22100123","LAL","Anthony Davis, Austin Reaves, Avery Bradley, Kent Bazemore, Russell Westbrook",26,"4",84,83,84,83,2515,2515,0,0,0,0
"22100123","OKC","Darius Bazley, Derrick Favors, Kenrich Williams, Luguentz Dort, Shai Gilgeous-Alexander",26,"4",103,98,103,101,2827,2859,0,3,-3,32
"22100123","LAL","Anthony Davis, Austin Reaves, Avery Bradley, Carmelo Anthony, Russell Westbrook",27,"4",84,83,104,107,2515,2880,20,24,-4,365
"22100123","OKC","Derrick Favors, Josh Giddey, Kenrich Williams, Luguentz Dort, Shai Gilgeous-Alexander",27,"4",103,101,107,104,2859,2880,4,3,1,21
"22100124","BKN","Blake Griffin, Bruce Brown, James Harden, Joe Harris, Kevin Durant",0,"1",0,0,19,16,0,477,19,16,3,477
"22100124","DET","Cade Cunningham, Isaiah Stewart, Jerami Grant, Josh Jackson, Saddiq Bey",0,"1",0,0,0,7,0,177,0,7,-7,177
"22100124","BKN","Blake Griffin, James Harden, Joe Harris, Kevin Durant, LaMarcus Aldridge",1,"1",19,16,19,16,477,477,0,0,0,0
"22100124","DET","Cade Cunningham, Jerami Grant, Josh Jackson, Kelly Olynyk, Saddiq Bey",1,"1",0,7,14,17,177,433,14,10,4,256
"22100124","BKN","DeAndre' Bembry, James Harden, Joe Harris, Kevin Durant, LaMarcus Aldridge",2,"1",19,16,19,16,477,495,0,0,0,18
"22100124","DET","Cade Cunningham, Cory Joseph, Jerami Grant, Josh Jackson, Kelly Olynyk",2,"1",14,17,16,21,433,540,2,4,-2,107
"22100124","BKN","DeAndre' Bembry, Joe Harris, Kevin Durant, LaMarcus Aldridge, Patty Mills",3,"1",19,16,22,16,495,547,3,0,3,52
"22100124","DET","Cade Cunningham, Cory Joseph, Josh Jackson, Kelly Olynyk, Trey Lyles",3,"1",16,21,16,22,540,547,0,1,-1,7
"22100124","BKN","DeAndre' Bembry, Jevon Carter, Kevin Durant, LaMarcus Aldridge, Patty Mills",4,"1",22,16,28,23,547,720,6,7,-1,173
"22100124","DET","Cade Cunningham, Cory Joseph, Frank Jackson, Kelly Olynyk, Trey Lyles",4,"1",16,22,18,25,547,597,2,3,-1,50
"22100124","BKN","DeAndre' Bembry, Jevon Carter, LaMarcus Aldridge, Patty Mills, Paul Millsap",5,"2",28,23,28,29,720,904,0,6,-6,184
"22100124","DET","Cory Joseph, Frank Jackson, Kelly Olynyk, Rodney McGruder, Trey Lyles",5,"1",18,25,23,28,597,720,5,3,2,123
"22100124","BKN","DeAndre' Bembry, James Harden, LaMarcus Aldridge, Patty Mills, Paul Millsap",6,"2",28,29,28,29,904,904,0,0,0,0
"22100124","DET","Cory Joseph, Frank Jackson, Isaiah Stewart, Rodney McGruder, Trey Lyles",6,"2",23,28,25,28,720,819,2,0,2,99
"22100124","BKN","James Harden, Joe Harris, LaMarcus Aldridge, Patty Mills, Paul Millsap",7,"2",28,29,32,35,904,1093,4,6,-2,189
"22100124","DET","Cory Joseph, Frank Jackson, Isaiah Stewart, Saddiq Bey, Trey Lyles",7,"2",25,28,31,28,819,936,6,0,6,117
"22100124","BKN","Blake Griffin, James Harden, Joe Harris, Patty Mills, Paul Millsap",8,"2",32,35,32,35,1093,1093,0,0,0,0
"22100124","DET","Cory Joseph, Frank Jackson, Isaiah Stewart, Jerami Grant, Saddiq Bey",8,"2",31,28,31,28,936,936,0,0,0,0
"22100124","BKN","Blake Griffin, James Harden, Joe Harris, Kevin Durant, Patty Mills",9,"2",32,35,35,37,1093,1177,3,2,1,84
"22100124","DET","Cade Cunningham, Frank Jackson, Isaiah Stewart, Jerami Grant, Saddiq Bey",9,"2",31,28,33,32,936,1046,2,4,-2,110
"22100124","BKN","Blake Griffin, Bruce Brown, James Harden, Joe Harris, Kevin Durant",10,"2",35,37,37,39,1177,1421,2,2,0,244
"22100124","DET","Cade Cunningham, Isaiah Stewart, Jerami Grant, Kelly Olynyk, Saddiq Bey",10,"2",33,32,33,32,1046,1046,0,0,0,0
"22100124","BKN","Blake Griffin, James Harden, Joe Harris, Kevin Durant, Patty Mills",11,"2",37,39,39,39,1421,1433,2,0,2,12
"22100124","DET","Cade Cunningham, Jerami Grant, Josh Jackson, Kelly Olynyk, Saddiq Bey",11,"2",33,32,37,35,1046,1206,4,3,1,160
"22100124","BKN","Blake Griffin, Bruce Brown, James Harden, Kevin Durant, Patty Mills",12,"2",39,39,39,39,1433,1433,0,0,0,0
"22100124","DET","Cory Joseph, Jerami Grant, Josh Jackson, Kelly Olynyk, Saddiq Bey",12,"2",37,35,39,39,1206,1440,2,4,-2,234
"22100124","BKN","Blake Griffin, Bruce Brown, DeAndre' Bembry, James Harden, Kevin Durant",13,"2",39,39,39,39,1433,1440,0,0,0,7
"22100124","DET","Cade Cunningham, Isaiah Stewart, Jerami Grant, Josh Jackson, Saddiq Bey",13,"3",39,39,39,47,1440,1585,0,8,-8,145
"22100124","BKN","Blake Griffin, Bruce Brown, James Harden, Joe Harris, Kevin Durant",14,"3",39,39,72,58,1440,2031,33,19,14,591
"22100124","DET","Cade Cunningham, Jerami Grant, Josh Jackson, Kelly Olynyk, Saddiq Bey",14,"3",39,47,49,60,1585,1823,10,13,-3,238
"22100124","BKN","Blake Griffin, James Harden, Joe Harris, Kevin Durant, LaMarcus Aldridge",15,"3",72,58,72,58,2031,2031,0,0,0,0
"22100124","DET","Cory Joseph, Jerami Grant, Josh Jackson, Kelly Olynyk, Saddiq Bey",15,"3",49,60,58,72,1823,2031,9,12,-3,208
"22100124","BKN","DeAndre' Bembry, James Harden, Joe Harris, Kevin Durant, LaMarcus Aldridge",16,"3",72,58,72,58,2031,2031,0,0,0,0
"22100124","DET","Cory Joseph, Frank Jackson, Josh Jackson, Kelly Olynyk, Saddiq Bey",16,"3",58,72,58,72,2031,2031,0,0,0,0
"22100124","BKN","DeAndre' Bembry, Joe Harris, Kevin Durant, LaMarcus Aldridge, Patty Mills",17,"3",72,58,72,60,2031,2068,0,2,-2,37
"22100124","DET","Cory Joseph, Frank Jackson, Kelly Olynyk, Saddiq Bey, Trey Lyles",17,"3",58,72,62,78,2031,2160,4,6,-2,129
"22100124","BKN","DeAndre' Bembry, Jevon Carter, Kevin Durant, LaMarcus Aldridge, Patty Mills",18,"3",72,60,78,62,2068,2160,6,2,4,92
"22100124","DET","Cory Joseph, Frank Jackson, Isaiah Stewart, Jerami Grant, Trey Lyles",18,"4",62,78,71,80,2160,2313,9,2,7,153
"22100124","BKN","DeAndre' Bembry, Jevon Carter, LaMarcus Aldridge, Patty Mills, Paul Millsap",19,"4",78,62,80,71,2160,2313,2,9,-7,153
"22100124","DET","Cade Cunningham, Cory Joseph, Frank Jackson, Isaiah Stewart, Jerami Grant",19,"4",71,80,76,86,2313,2477,5,6,-1,164
"22100124","BKN","DeAndre' Bembry, James Harden, LaMarcus Aldridge, Patty Mills, Paul Millsap",20,"4",80,71,86,76,2313,2477,6,5,1,164
"22100124","DET","Cade Cunningham, Cory Joseph, Isaiah Stewart, Jerami Grant, Josh Jackson",20,"4",76,86,89,92,2477,2814,13,6,7,337
"22100124","BKN","DeAndre' Bembry, James Harden, Kevin Durant, LaMarcus Aldridge, Patty Mills",21,"4",86,76,88,80,2477,2579,2,4,-2,102
"22100124","DET","Cade Cunningham, Cory Joseph, Isaiah Stewart, Jerami Grant, Saddiq Bey",21,"4",89,92,89,94,2814,2868,0,2,-2,54
"22100124","BKN","James Harden, Joe Harris, Kevin Durant, LaMarcus Aldridge, Patty Mills",22,"4",88,80,88,83,2579,2627,0,3,-3,48
"22100124","DET","Cade Cunningham, Cory Joseph, Jerami Grant, Kelly Olynyk, Saddiq Bey",22,"4",89,94,90,94,2868,2868,1,0,1,0
"22100124","BKN","Bruce Brown, James Harden, Joe Harris, Kevin Durant, LaMarcus Aldridge",23,"4",88,83,88,86,2627,2645,0,3,-3,18
"22100124","DET","Cade Cunningham, Cory Joseph, Isaiah Stewart, Jerami Grant, Saddiq Bey",23,"4",90,94,90,96,2868,2868,0,2,-2,0
"22100124","BKN","Blake Griffin, Bruce Brown, James Harden, Joe Harris, Kevin Durant",24,"4",88,86,94,90,2645,2868,6,4,2,223
"22100124","DET","Cade Cunningham, Cory Joseph, Jerami Grant, Kelly Olynyk, Saddiq Bey",24,"4",90,96,90,96,2868,2880,0,0,0,12
"22100124","BKN","Bruce Brown, James Harden, Joe Harris, Kevin Durant, Paul Millsap",25,"4",94,90,94,90,2868,2868,0,0,0,0
"22100124","BKN","Bruce Brown, James Harden, Kevin Durant, LaMarcus Aldridge, Paul Millsap",26,"4",94,90,94,90,2868,2868,0,0,0,0
"22100124","BKN","Bruce Brown, James Harden, Joe Harris, Kevin Durant, LaMarcus Aldridge",27,"4",94,90,94,90,2868,2868,0,0,0,0
"22100124","BKN","James Harden, Joe Harris, Kevin Durant, LaMarcus Aldridge, Patty Mills",28,"4",94,90,96,90,2868,2868,2,0,2,0
"22100124","BKN","Bruce Brown, James Harden, Joe Harris, Kevin Durant, LaMarcus Aldridge",29,"4",96,90,96,90,2868,2880,0,0,0,12
"22100125","ORL","Cole Anthony, Franz Wagner, Jalen Suggs, Mo Bamba, Wendell Carter Jr.",0,"1",0,0,5,3,0,229,5,3,2,229
"22100125","SAS","Dejounte Murray, Derrick White, Doug McDermott, Drew Eubanks, Keldon Johnson",0,"1",0,0,3,5,0,229,3,5,-2,229
"22100125","ORL","Cole Anthony, Franz Wagner, Gary Harris, Mo Bamba, Wendell Carter Jr.",1,"1",5,3,8,11,229,352,3,8,-5,123
"22100125","SAS","Dejounte Murray, Derrick White, Doug McDermott, Keldon Johnson, Thaddeus Young",1,"1",3,5,18,10,229,433,15,5,10,204
"22100125","ORL","Chuma Okeke, Cole Anthony, Franz Wagner, Gary Harris, Wendell Carter Jr.",2,"1",8,11,10,18,352,433,2,7,-5,81
"22100125","SAS","Dejounte Murray, Doug McDermott, Keldon Johnson, Lonnie Walker IV, Thaddeus Young",2,"1",18,10,18,10,433,433,0,0,0,0
"22100125","ORL","Chuma Okeke, Cole Anthony, Gary Harris, Terrence Ross, Wendell Carter Jr.",3,"1",10,18,14,22,433,556,4,4,0,123
"22100125","SAS","Dejounte Murray, Devin Vassell, Keldon Johnson, Lonnie Walker IV, Thaddeus Young",3,"1",18,10,22,14,433,556,4,4,0,123
"22100125","ORL","Chuma Okeke, Cole Anthony, Gary Harris, Mo Bamba, Terrence Ross",4,"1",14,22,14,22,556,556,0,0,0,0
"22100125","SAS","Dejounte Murray, Derrick White, Devin Vassell, Lonnie Walker IV, Thaddeus Young",4,"1",22,14,22,14,556,556,0,0,0,0
"22100125","ORL","Chuma Okeke, Gary Harris, Jalen Suggs, Mo Bamba, Terrence Ross",5,"1",14,22,20,30,556,720,6,8,-2,164
"22100125","SAS","Derrick White, Devin Vassell, Keita Bates-Diop, Lonnie Walker IV, Thaddeus Young",5,"1",22,14,27,16,556,623,5,2,3,67
"22100125","ORL","Franz Wagner, Jalen Suggs, Mo Bamba, R.J. Hampton, Terrence Ross",6,"2",20,30,26,35,720,992,6,5,1,272
"22100125","SAS","Derrick White, Devin Vassell, Drew Eubanks, Keita Bates-Diop, Lonnie Walker IV",6,"1",27,16,30,20,623,720,3,4,-1,97
"22100125","SAS","Derrick White, Devin Vassell, Drew Eubanks, Keita Bates-Diop, Lonnie Walker IV",6,"2",30,20,31,22,720,783,1,2,-1,63
"22100125","ORL","Cole Anthony, Franz Wagner, Mo Bamba, R.J. Hampton, Terrence Ross",7,"2",26,35,26,35,992,992,0,0,0,0
"22100125","SAS","Derrick White, Devin Vassell, Drew Eubanks, Keita Bates-Diop, Tre Jones",7,"2",31,22,35,26,783,992,4,4,0,209
"22100125","ORL","Cole Anthony, Franz Wagner, R.J. Hampton, Terrence Ross, Wendell Carter Jr.",8,"2",26,35,26,35,992,992,0,0,0,0
"22100125","SAS","Dejounte Murray, Devin Vassell, Drew Eubanks, Keita Bates-Diop, Tre Jones",8,"2",35,26,35,26,992,992,0,0,0,0
"22100125","ORL","Cole Anthony, Franz Wagner, Gary Harris, R.J. Hampton, Wendell Carter Jr.",9,"2",26,35,31,41,992,1243,5,6,-1,251
"22100125","SAS","Dejounte Murray, Devin Vassell, Keita Bates-Diop, Thaddeus Young, Tre Jones",9,"2",35,26,35,26,992,992,0,0,0,0
"22100125","ORL","Cole Anthony, Franz Wagner, Gary Harris, Jalen Suggs, Wendell Carter Jr.",10,"2",31,41,31,41,1243,1243,0,0,0,0
"22100125","SAS","Dejounte Murray, Devin Vassell, Keldon Johnson, Thaddeus Young, Tre Jones",10,"2",35,26,37,26,992,1062,2,0,2,70
"22100125","ORL","Chuma Okeke, Cole Anthony, Gary Harris, Jalen Suggs, Wendell Carter Jr.",11,"2",31,41,31,41,1243,1243,0,0,0,0
"22100125","SAS","Dejounte Murray, Doug McDermott, Keldon Johnson, Thaddeus Young, Tre Jones",11,"2",37,26,37,26,1062,1062,0,0,0,0
"22100125","ORL","Chuma Okeke, Cole Anthony, Gary Harris, Jalen Suggs, Mo Bamba",12,"2",31,41,36,49,1243,1440,5,8,-3,197
"22100125","SAS","Bryn Forbes, Dejounte Murray, Doug McDermott, Keldon Johnson, Thaddeus Young",12,"2",37,26,41,31,1062,1243,4,5,-1,181
"22100125","ORL","Cole Anthony, Franz Wagner, Jalen Suggs, Mo Bamba, Wendell Carter Jr.",13,"3",36,49,48,57,1440,1697,12,8,4,257
"22100125","SAS","Bryn Forbes, Dejounte Murray, Doug McDermott, Drew Eubanks, Keldon Johnson",13,"2",41,31,41,31,1243,1255,0,0,0,12
"22100125","ORL","Cole Anthony, Franz Wagner, Gary Harris, Mo Bamba, Wendell Carter Jr.",14,"3",48,57,48,59,1697,1820,0,2,-2,123
"22100125","SAS","Dejounte Murray, Derrick White, Doug McDermott, Drew Eubanks, Keldon Johnson",14,"2",41,31,49,36,1255,1440,8,5,3,185
"22100125","SAS","Dejounte Murray, Derrick White, Doug McDermott, Drew Eubanks, Keldon Johnson",14,"3",49,36,57,48,1440,1697,8,12,-4,257
"22100125","ORL","Chuma Okeke, Cole Anthony, Franz Wagner, Gary Harris, Wendell Carter Jr.",15,"3",48,59,48,59,1820,1820,0,0,0,0
"22100125","SAS","Dejounte Murray, Derrick White, Doug McDermott, Keldon Johnson, Thaddeus Young",15,"3",57,48,59,48,1697,1820,2,0,2,123
"22100125","ORL","Chuma Okeke, Cole Anthony, Gary Harris, Terrence Ross, Wendell Carter Jr.",16,"3",48,59,51,65,1820,1949,3,6,-3,129
"22100125","SAS","Dejounte Murray, Derrick White, Doug McDermott, Lonnie Walker IV, Thaddeus Young",16,"3",59,48,59,48,1820,1820,0,0,0,0
"22100125","ORL","Chuma Okeke, Cole Anthony, R.J. Hampton, Terrence Ross, Wendell Carter Jr.",17,"3",51,65,51,65,1949,1949,0,0,0,0
"22100125","SAS","Dejounte Murray, Doug McDermott, Keita Bates-Diop, Lonnie Walker IV, Thaddeus Young",17,"3",59,48,59,48,1820,1820,0,0,0,0
"22100125","ORL","Chuma Okeke, Jalen Suggs, R.J. Hampton, Terrence Ross, Wendell Carter Jr.",18,"3",51,65,62,72,1949,2160,11,7,4,211
"22100125","SAS","Dejounte Murray, Devin Vassell, Keita Bates-Diop, Lonnie Walker IV, Thaddeus Young",18,"3",59,48,70,60,1820,2110,11,12,-1,290
"22100125","ORL","Chuma Okeke, Jalen Suggs, Mo Bamba, R.J. Hampton, Terrence Ross",19,"4",62,72,65,77,2160,2268,3,5,-2,108
"22100125","SAS","Dejounte Murray, Devin Vassell, Drew Eubanks, Keita Bates-Diop, Lonnie Walker IV",19,"3",70,60,70,60,2110,2142,0,0,0,32
"22100125","ORL","Chuma Okeke, Cole Anthony, Mo Bamba, R.J. Hampton, Terrence Ross",20,"4",65,77,73,85,2268,2453,8,8,0,185
"22100125","SAS","Derrick White, Devin Vassell, Drew Eubanks, Keita Bates-Diop, Lonnie Walker IV",20,"3",70,60,72,62,2142,2160,2,2,0,18
"22100125","SAS","Derrick White, Devin Vassell, Drew Eubanks, Keita Bates-Diop, Lonnie Walker IV",20,"4",72,62,77,65,2160,2268,5,3,2,108
"22100125","ORL","Cole Anthony, Franz Wagner, Mo Bamba, R.J. Hampton, Terrence Ross",21,"4",73,85,80,96,2453,2667,7,11,-4,214
"22100125","SAS","Derrick White, Doug McDermott, Drew Eubanks, Keita Bates-Diop, Lonnie Walker IV",21,"4",77,65,77,65,2268,2268,0,0,0,0
"22100125","ORL","Cole Anthony, Franz Wagner, R.J. Hampton, Terrence Ross, Wendell Carter Jr.",22,"4",80,96,80,96,2667,2667,0,0,0,0
"22100125","SAS","Derrick White, Doug McDermott, Drew Eubanks, Keldon Johnson, Lonnie Walker IV",22,"4",77,65,77,67,2268,2319,0,2,-2,51
"22100125","ORL","Cole Anthony, Franz Wagner, Jalen Suggs, Terrence Ross, Wendell Carter Jr.",23,"4",80,96,89,102,2667,2880,9,6,3,213
"22100125","SAS","Derrick White, Doug McDermott, Keldon Johnson, Lonnie Walker IV, Thaddeus Young",23,"4",77,67,81,73,2319,2426,4,6,-2,107
"22100125","SAS","Dejounte Murray, Derrick White, Doug McDermott, Keldon Johnson, Thaddeus Young",24,"4",81,73,81,73,2426,2426,0,0,0,0
"22100125","SAS","Dejounte Murray, Devin Vassell, Doug McDermott, Keldon Johnson, Thaddeus Young",25,"4",81,73,91,80,2426,2607,10,7,3,181
"22100125","SAS","Dejounte Murray, Derrick White, Devin Vassell, Keldon Johnson, Thaddeus Young",26,"4",91,80,91,80,2607,2607,0,0,0,0
"22100125","SAS","Dejounte Murray, Derrick White, Devin Vassell, Drew Eubanks, Keldon Johnson",27,"4",91,80,93,80,2607,2647,2,0,2,40
"22100125","SAS","Dejounte Murray, Derrick White, Devin Vassell, Keldon Johnson, Thaddeus Young",28,"4",93,80,102,89,2647,2880,9,9,0,233
"22100126","MEM","De'Anthony Melton, Desmond Bane, Ja Morant, Jaren Jackson Jr., Steven Adams",0,"1",0,0,17,21,0,331,17,21,-4,331
"22100126","WAS","Bradley Beal, Daniel Gafford, Kentavious Caldwell-Pope, Kyle Kuzma, Spencer Dinwiddie",0,"1",0,0,21,17,0,331,21,17,4,331
"22100126","MEM","De'Anthony Melton, Ja Morant, Jaren Jackson Jr., Steven Adams, Ziaire Williams",1,"1",17,21,17,27,331,406,0,6,-6,75
"22100126","WAS","Bradley Beal, Daniel Gafford, Kentavious Caldwell-Pope, Kyle Kuzma, Raul Neto",1,"1",21,17,25,17,331,365,4,0,4,34
"22100126","MEM","De'Anthony Melton, Ja Morant, Kyle Anderson, Steven Adams, Ziaire Williams",2,"1",17,27,19,29,406,450,2,2,0,44
"22100126","WAS","Bradley Beal, Daniel Gafford, Deni Avdija, Kyle Kuzma, Raul Neto",2,"1",25,17,25,17,365,365,0,0,0,0
"22100126","MEM","Ja Morant, Kyle Anderson, Steven Adams, Xavier Tillman Sr., Ziaire Williams",3,"1",19,29,19,29,450,450,0,0,0,0
"22100126","WAS","Bradley Beal, Deni Avdija, Kyle Kuzma, Montrezl Harrell, Raul Neto",3,"1",25,17,29,26,365,522,4,9,-5,157
"22100126","MEM","Ja Morant, Kyle Anderson, Tyus Jones, Xavier Tillman Sr., Ziaire Williams",4,"1",19,29,31,33,450,647,12,4,8,197
"22100126","WAS","Bradley Beal, Corey Kispert, Deni Avdija, Montrezl Harrell, Raul Neto",4,"1",29,26,33,31,522,647,4,5,-1,125
"22100126","MEM","John Konchar, Kyle Anderson, Tyus Jones, Xavier Tillman Sr., Ziaire Williams",5,"1",31,33,31,35,647,720,0,2,-2,73
"22100126","WAS","Corey Kispert, Deni Avdija, Montrezl Harrell, Raul Neto, Spencer Dinwiddie",5,"1",33,31,33,31,647,647,0,0,0,0
"22100126","MEM","Desmond Bane, Jaren Jackson Jr., John Konchar, Tyus Jones, Xavier Tillman Sr.",6,"2",31,35,33,40,720,894,2,5,-3,174
"22100126","WAS","Aaron Holiday, Corey Kispert, Deni Avdija, Montrezl Harrell, Spencer Dinwiddie",6,"1",33,31,35,31,647,720,2,0,2,73
"22100126","WAS","Aaron Holiday, Corey Kispert, Deni Avdija, Montrezl Harrell, Spencer Dinwiddie",6,"2",35,31,40,33,720,894,5,2,3,174
"22100126","MEM","Desmond Bane, Jaren Jackson Jr., John Konchar, Steven Adams, Tyus Jones",7,"2",33,40,39,48,894,1042,6,8,-2,148
"22100126","WAS","Aaron Holiday, Corey Kispert, Daniel Gafford, Deni Avdija, Spencer Dinwiddie",7,"2",40,33,40,33,894,894,0,0,0,0
"22100126","MEM","Desmond Bane, Ja Morant, John Konchar, Steven Adams, Tyus Jones",8,"2",39,48,39,48,1042,1042,0,0,0,0
"22100126","WAS","Aaron Holiday, Daniel Gafford, Deni Avdija, Kentavious Caldwell-Pope, Spencer Dinwiddie",8,"2",40,33,45,39,894,1016,5,6,-1,122
"22100126","MEM","Desmond Bane, Ja Morant, John Konchar, Kyle Anderson, Steven Adams",9,"2",39,48,39,48,1042,1042,0,0,0,0
"22100126","WAS","Daniel Gafford, Deni Avdija, Kentavious Caldwell-Pope, Raul Neto, Spencer Dinwiddie",9,"2",45,39,45,39,1016,1016,0,0,0,0
"22100126","MEM","Desmond Bane, Ja Morant, Kyle Anderson, Steven Adams, Ziaire Williams",10,"2",39,48,41,48,1042,1075,2,0,2,33
"22100126","WAS","Bradley Beal, Daniel Gafford, Deni Avdija, Kentavious Caldwell-Pope, Raul Neto",10,"2",45,39,45,39,1016,1030,0,0,0,14
"22100126","MEM","De'Anthony Melton, Ja Morant, Kyle Anderson, Steven Adams, Ziaire Williams",11,"2",41,48,44,58,1075,1215,3,10,-7,140
"22100126","WAS","Bradley Beal, Daniel Gafford, Kentavious Caldwell-Pope, Kyle Kuzma, Raul Neto",11,"2",45,39,58,46,1030,1347,13,7,6,317
"22100126","MEM","De'Anthony Melton, Ja Morant, Jaren Jackson Jr., Kyle Anderson, Ziaire Williams",12,"2",44,58,46,58,1215,1347,2,0,2,132
"22100126","WAS","Bradley Beal, Daniel Gafford, Kentavious Caldwell-Pope, Kyle Kuzma, Spencer Dinwiddie",12,"2",58,46,58,46,1347,1347,0,0,0,0
"22100126","MEM","De'Anthony Melton, Desmond Bane, Ja Morant, Jaren Jackson Jr., Kyle Anderson",13,"2",46,58,47,60,1347,1440,1,2,-1,93
"22100126","WAS","Bradley Beal, Kentavious Caldwell-Pope, Kyle Kuzma, Montrezl Harrell, Spencer Dinwiddie",13,"2",58,46,60,47,1347,1440,2,1,1,93
"22100126","MEM","De'Anthony Melton, Desmond Bane, Ja Morant, Jaren Jackson Jr., Steven Adams",14,"3",47,60,59,75,1440,1845,12,15,-3,405
"22100126","WAS","Bradley Beal, Daniel Gafford, Kentavious Caldwell-Pope, Kyle Kuzma, Spencer Dinwiddie",14,"3",60,47,66,54,1440,1694,6,7,-1,254
"22100126","MEM","Desmond Bane, Ja Morant, Jaren Jackson Jr., Steven Adams, Tyus Jones",15,"3",59,75,59,75,1845,1845,0,0,0,0
"22100126","WAS","Bradley Beal, Kentavious Caldwell-Pope, Kyle Kuzma, Montrezl Harrell, Spencer Dinwiddie",15,"3",66,54,66,57,1694,1737,0,3,-3,43
"22100126","MEM","Desmond Bane, Ja Morant, Jaren Jackson Jr., Tyus Jones, Ziaire Williams",16,"3",59,75,59,75,1845,1845,0,0,0,0
"22100126","WAS","Bradley Beal, Kentavious Caldwell-Pope, Kyle Kuzma, Montrezl Harrell, Raul Neto",16,"3",66,57,75,59,1737,1845,9,2,7,108
"22100126","MEM","Desmond Bane, Ja Morant, Kyle Anderson, Tyus Jones, Ziaire Williams",17,"3",59,75,59,75,1845,1845,0,0,0,0
"22100126","WAS","Bradley Beal, Deni Avdija, Kyle Kuzma, Montrezl Harrell, Raul Neto",17,"3",75,59,83,63,1845,2007,8,4,4,162
"22100126","MEM","Ja Morant, Kyle Anderson, Tyus Jones, Xavier Tillman Sr., Ziaire Williams",18,"3",59,75,68,91,1845,2160,9,16,-7,315
"22100126","WAS","Corey Kispert, Deni Avdija, Kyle Kuzma, Montrezl Harrell, Raul Neto",18,"3",83,63,83,63,2007,2007,0,0,0,0
"22100126","MEM","Desmond Bane, Jaren Jackson Jr., Kyle Anderson, Tyus Jones, Ziaire Williams",19,"4",68,91,69,95,2160,2281,1,4,-3,121
"22100126","WAS","Aaron Holiday, Corey Kispert, Deni Avdija, Montrezl Harrell, Raul Neto",19,"3",83,63,91,68,2007,2160,8,5,3,153
"22100126","MEM","Desmond Bane, Jaren Jackson Jr., Killian Tillie, Tyus Jones, Ziaire Williams",20,"4",69,95,69,95,2281,2281,0,0,0,0
"22100126","WAS","Aaron Holiday, Daniel Gafford, Deni Avdija, Kentavious Caldwell-Pope, Spencer Dinwiddie",20,"4",91,68,102,73,2160,2405,11,5,6,245
"22100126","MEM","Desmond Bane, Jaren Jackson Jr., Jarrett Culver, Killian Tillie, Tyus Jones",21,"4",69,95,69,95,2281,2281,0,0,0,0
"22100126","WAS","Aaron Holiday, Corey Kispert, Daniel Gafford, Deni Avdija, Spencer Dinwiddie",21,"4",102,73,102,73,2405,2405,0,0,0,0
"22100126","MEM","Brandon Clarke, Desmond Bane, Jaren Jackson Jr., Jarrett Culver, Killian Tillie",22,"4",69,95,69,95,2281,2281,0,0,0,0
"22100126","WAS","Aaron Holiday, Corey Kispert, Daniel Gafford, Deni Avdija, Raul Neto",22,"4",102,73,102,78,2405,2491,0,5,-5,86
"22100126","MEM","Brandon Clarke, Jaren Jackson Jr., Jarrett Culver, Killian Tillie, Santi Aldama",23,"4",69,95,69,95,2281,2281,0,0,0,0
"22100126","WAS","Aaron Holiday, Corey Kispert, Deni Avdija, Montrezl Harrell, Raul Neto",23,"4",102,78,115,87,2491,2880,13,9,4,389
"22100126","MEM","Brandon Clarke, Jarrett Culver, Killian Tillie, Sam Merrill, Santi Aldama",24,"4",69,95,87,115,2281,2880,18,20,-2,599
"22100127","CLE","Collin Sexton, Darius Garland, Dean Wade, Evan Mobley, Jarrett Allen",0,"1",0,0,10,12,0,307,10,12,-2,307
"22100127","TOR","Fred VanVleet, Gary Trent Jr., OG Anunoby, Precious Achiuwa, Scottie Barnes",0,"1",0,0,15,14,0,404,15,14,1,404
"22100127","CLE","Collin Sexton, Darius Garland, Dean Wade, Jarrett Allen, Ricky Rubio",1,"1",10,12,10,12,307,307,0,0,0,0
"22100127","TOR","Fred VanVleet, Gary Trent Jr., Khem Birch, OG Anunoby, Precious Achiuwa",1,"1",15,14,15,14,404,404,0,0,0,0
"22100127","CLE","Cedi Osman, Collin Sexton, Dean Wade, Jarrett Allen, Ricky Rubio",2,"1",10,12,14,17,307,432,4,5,-1,125
"22100127","TOR","Fred VanVleet, Gary Trent Jr., Khem Birch, OG Anunoby, Svi Mykhailiuk",2,"1",15,14,19,19,404,525,4,5,-1,121
"22100127","CLE","Cedi Osman, Collin Sexton, Dylan Windler, Jarrett Allen, Ricky Rubio",3,"1",14,17,19,19,432,525,5,2,3,93
"22100127","TOR","Fred VanVleet, Gary Trent Jr., Khem Birch, Scottie Barnes, Svi Mykhailiuk",3,"1",19,19,19,19,525,525,0,0,0,0
"22100127","CLE","Cedi Osman, Darius Garland, Dylan Windler, Jarrett Allen, Ricky Rubio",4,"1",19,19,19,21,525,560,0,2,-2,35
"22100127","TOR","Dalano Banton, Gary Trent Jr., Khem Birch, Scottie Barnes, Svi Mykhailiuk",4,"1",19,19,25,25,525,677,6,6,0,152
"22100127","CLE","Cedi Osman, Darius Garland, Dylan Windler, Evan Mobley, Ricky Rubio",5,"1",19,21,28,29,560,720,9,8,1,160
"22100127","CLE","Cedi Osman, Darius Garland, Dylan Windler, Evan Mobley, Ricky Rubio",5,"2",28,29,30,34,720,788,2,5,-3,68
"22100127","TOR","Dalano Banton, Fred VanVleet, Khem Birch, Scottie Barnes, Svi Mykhailiuk",5,"1",25,25,29,28,677,720,4,3,1,43
"22100127","TOR","Dalano Banton, Fred VanVleet, Khem Birch, Scottie Barnes, Svi Mykhailiuk",5,"2",29,28,37,30,720,849,8,2,6,129
"22100127","CLE","Cedi Osman, Darius Garland, Dean Wade, Evan Mobley, Ricky Rubio",6,"2",30,34,30,37,788,849,0,3,-3,61
"22100127","TOR","Chris Boucher, Fred VanVleet, Khem Birch, Scottie Barnes, Svi Mykhailiuk",6,"2",37,30,40,35,849,1016,3,5,-2,167
"22100127","CLE","Cedi Osman, Collin Sexton, Darius Garland, Dean Wade, Evan Mobley",7,"2",30,37,30,37,849,864,0,0,0,15
"22100127","TOR","Chris Boucher, Fred VanVleet, Khem Birch, OG Anunoby, Svi Mykhailiuk",7,"2",40,35,40,35,1016,1016,0,0,0,0
"22100127","CLE","Collin Sexton, Darius Garland, Dean Wade, Evan Mobley, Jarrett Allen",8,"2",30,37,39,44,864,1171,9,7,2,307
"22100127","TOR","Chris Boucher, Fred VanVleet, Gary Trent Jr., Khem Birch, OG Anunoby",8,"2",40,35,43,37,1016,1078,3,2,1,62
"22100127","CLE","Collin Sexton, Dean Wade, Evan Mobley, Jarrett Allen, Ricky Rubio",9,"2",39,44,39,44,1171,1171,0,0,0,0
"22100127","TOR","Chris Boucher, Fred VanVleet, Gary Trent Jr., OG Anunoby, Precious Achiuwa",9,"2",43,37,44,39,1078,1171,1,2,-1,93
"22100127","CLE","Cedi Osman, Collin Sexton, Evan Mobley, Jarrett Allen, Ricky Rubio",10,"2",39,44,45,54,1171,1392,6,10,-4,221
"22100127","TOR","Chris Boucher, Gary Trent Jr., Malachi Flynn, OG Anunoby, Precious Achiuwa",10,"2",44,39,46,43,1171,1270,2,4,-2,99
"22100127","CLE","Cedi Osman, Darius Garland, Evan Mobley, Jarrett Allen, Ricky Rubio",11,"2",45,54,48,57,1392,1433,3,3,0,41
"22100127","TOR","Gary Trent Jr., Malachi Flynn, OG Anunoby, Precious Achiuwa, Scottie Barnes",11,"2",46,43,57,48,1270,1433,11,5,6,163
"22100127","CLE","Cedi Osman, Dean Wade, Evan Mobley, Jarrett Allen, Ricky Rubio",12,"2",48,57,48,57,1433,1440,0,0,0,7
"22100127","TOR","Fred VanVleet, Gary Trent Jr., Malachi Flynn, OG Anunoby, Scottie Barnes",12,"2",57,48,57,48,1433,1440,0,0,0,7
"22100127","CLE","Collin Sexton, Darius Garland, Dean Wade, Evan Mobley, Jarrett Allen",13,"3",48,57,59,69,1440,1775,11,12,-1,335
"22100127","TOR","Fred VanVleet, Gary Trent Jr., OG Anunoby, Precious Achiuwa, Scottie Barnes",13,"3",57,48,69,59,1440,1775,12,11,1,335
"22100127","CLE","Darius Garland, Dean Wade, Evan Mobley, Jarrett Allen, Ricky Rubio",14,"3",59,69,59,72,1775,1831,0,3,-3,56
"22100127","TOR","Fred VanVleet, Gary Trent Jr., Khem Birch, OG Anunoby, Precious Achiuwa",14,"3",69,59,69,59,1775,1775,0,0,0,0
"22100127","CLE","Cedi Osman, Darius Garland, Dean Wade, Jarrett Allen, Ricky Rubio",15,"3",59,72,59,72,1831,1846,0,0,0,15
"22100127","TOR","Fred VanVleet, Gary Trent Jr., Khem Birch, OG Anunoby, Svi Mykhailiuk",15,"3",69,59,72,64,1775,1913,3,5,-2,138
"22100127","CLE","Cedi Osman, Darius Garland, Jarrett Allen, Lamar Stevens, Ricky Rubio",16,"3",59,72,64,72,1846,1913,5,0,5,67
"22100127","TOR","Dalano Banton, Gary Trent Jr., Khem Birch, OG Anunoby, Svi Mykhailiuk",16,"3",72,64,74,67,1913,1979,2,3,-1,66
"22100127","CLE","Cedi Osman, Dylan Windler, Jarrett Allen, Lamar Stevens, Ricky Rubio",17,"3",64,72,67,74,1913,1979,3,2,1,66
"22100127","TOR","Dalano Banton, Gary Trent Jr., Khem Birch, Scottie Barnes, Svi Mykhailiuk",17,"3",74,67,80,74,1979,2159,6,7,-1,180
"22100127","CLE","Cedi Osman, Dylan Windler, Evan Mobley, Lamar Stevens, Ricky Rubio",18,"3",67,74,74,80,1979,2160,7,6,1,181
"22100127","TOR","Dalano Banton, Fred VanVleet, Gary Trent Jr., Scottie Barnes, Svi Mykhailiuk",18,"3",80,74,80,74,2159,2160,0,0,0,1
"22100127","CLE","Cedi Osman, Darius Garland, Dylan Windler, Evan Mobley, Lamar Stevens",19,"4",74,80,76,82,2160,2234,2,2,0,74
"22100127","TOR","Fred VanVleet, Khem Birch, OG Anunoby, Scottie Barnes, Svi Mykhailiuk",19,"4",80,74,84,79,2160,2304,4,5,-1,144
"22100127","CLE","Cedi Osman, Darius Garland, Dylan Windler, Evan Mobley, Jarrett Allen",20,"4",76,82,76,82,2234,2234,0,0,0,0
"22100127","TOR","Fred VanVleet, Khem Birch, Malachi Flynn, OG Anunoby, Scottie Barnes",20,"4",84,79,92,87,2304,2479,8,8,0,175
"22100127","CLE","Cedi Osman, Collin Sexton, Darius Garland, Evan Mobley, Jarrett Allen",21,"4",76,82,79,84,2234,2304,3,2,1,70
"22100127","TOR","Fred VanVleet, Gary Trent Jr., Khem Birch, OG Anunoby, Scottie Barnes",21,"4",92,87,101,102,2479,2880,9,15,-6,401
"22100127","CLE","Collin Sexton, Darius Garland, Dean Wade, Evan Mobley, Jarrett Allen",22,"4",79,84,87,89,2304,2441,8,5,3,137
"22100127","CLE","Collin Sexton, Darius Garland, Dean Wade, Jarrett Allen, Lamar Stevens",23,"4",87,89,94,94,2441,2618,7,5,2,177
"22100127","CLE","Collin Sexton, Darius Garland, Dean Wade, Evan Mobley, Jarrett Allen",24,"4",94,94,94,94,2618,2618,0,0,0,0
"22100127","CLE","Cedi Osman, Collin Sexton, Darius Garland, Evan Mobley, Jarrett Allen",25,"4",94,94,94,98,2618,2721,0,4,-4,103
"22100127","CLE","Cedi Osman, Darius Garland, Evan Mobley, Jarrett Allen, Ricky Rubio",26,"4",94,98,100,101,2721,2856,6,3,3,135
"22100127","CLE","Cedi Osman, Collin Sexton, Darius Garland, Evan Mobley, Jarrett Allen",27,"4",100,101,102,101,2856,2876,2,0,2,20
"22100127","CLE","Cedi Osman, Darius Garland, Dean Wade, Evan Mobley, Jarrett Allen",28,"4",102,101,102,101,2876,2876,0,0,0,0
"22100127","CLE","Cedi Osman, Dean Wade, Evan Mobley, Jarrett Allen, Lamar Stevens",29,"4",102,101,102,101,2876,2880,0,0,0,4
"22100128","MIL","George Hill, Giannis Antetokounmpo, Grayson Allen, Pat Connaughton, Thanasis Antetokounmpo",0,"1",0,0,10,9,0,262,10,9,1,262
"22100128","NYK","Evan Fournier, Julius Randle, Kemba Walker, Mitchell Robinson, RJ Barrett",0,"1",0,0,9,22,0,436,9,22,-13,436
"22100128","MIL","Bobby Portis, George Hill, Giannis Antetokounmpo, Grayson Allen, Pat Connaughton",1,"1",10,9,15,9,262,331,5,0,5,69
"22100128","NYK","Derrick Rose, Evan Fournier, Julius Randle, Mitchell Robinson, RJ Barrett",1,"1",9,22,9,22,436,436,0,0,0,0
"22100128","MIL","Bobby Portis, George Hill, Giannis Antetokounmpo, Grayson Allen, Jrue Holiday",2,"1",15,9,17,9,331,364,2,0,2,33
"22100128","NYK","Derrick Rose, Evan Fournier, Julius Randle, Nerlens Noel, RJ Barrett",2,"1",9,22,13,30,436,590,4,8,-4,154
"22100128","MIL","Bobby Portis, Giannis Antetokounmpo, Grayson Allen, Jordan Nwora, Jrue Holiday",3,"1",17,9,22,9,364,436,5,0,5,72
"22100128","NYK","Derrick Rose, Julius Randle, Nerlens Noel, Obi Toppin, RJ Barrett",3,"1",13,30,13,30,590,590,0,0,0,0
"22100128","MIL","Bobby Portis, Grayson Allen, Jordan Nwora, Jrue Holiday, Semi Ojeleye",4,"1",22,9,30,13,436,590,8,4,4,154
"22100128","NYK","Alec Burks, Derrick Rose, Nerlens Noel, Obi Toppin, RJ Barrett",4,"1",13,30,13,30,590,590,0,0,0,0
"22100128","MIL","Bobby Portis, Jordan Nwora, Jrue Holiday, Rodney Hood, Semi Ojeleye",5,"1",30,13,32,15,590,655,2,2,0,65
"22100128","NYK","Alec Burks, Derrick Rose, Immanuel Quickley, Nerlens Noel, Obi Toppin",5,"1",13,30,19,38,590,720,6,8,-2,130
"22100128","NYK","Alec Burks, Derrick Rose, Immanuel Quickley, Nerlens Noel, Obi Toppin",5,"2",19,38,23,40,720,837,4,2,2,117
"22100128","MIL","Jordan Nwora, Jrue Holiday, Pat Connaughton, Rodney Hood, Semi Ojeleye",6,"1",32,15,32,15,655,655,0,0,0,0
"22100128","NYK","Derrick Rose, Immanuel Quickley, Nerlens Noel, Obi Toppin, RJ Barrett",6,"2",23,40,29,46,837,970,6,6,0,133
"22100128","MIL","Giannis Antetokounmpo, Jrue Holiday, Pat Connaughton, Rodney Hood, Semi Ojeleye",7,"1",32,15,35,17,655,670,3,2,1,15
"22100128","NYK","Derrick Rose, Immanuel Quickley, Julius Randle, Nerlens Noel, RJ Barrett",7,"2",29,46,29,46,970,970,0,0,0,0
"22100128","MIL","George Hill, Giannis Antetokounmpo, Pat Connaughton, Rodney Hood, Semi Ojeleye",8,"1",35,17,38,19,670,720,3,2,1,50
"22100128","MIL","George Hill, Giannis Antetokounmpo, Pat Connaughton, Rodney Hood, Semi Ojeleye",8,"2",38,19,40,19,720,778,2,0,2,58
"22100128","NYK","Derrick Rose, Immanuel Quickley, Julius Randle, Mitchell Robinson, RJ Barrett",8,"2",29,46,40,48,970,1099,11,2,9,129
"22100128","MIL","George Hill, Giannis Antetokounmpo, Pat Connaughton, Rodney Hood, Thanasis Antetokounmpo",9,"2",40,19,44,29,778,955,4,10,-6,177
"22100128","NYK","Derrick Rose, Evan Fournier, Julius Randle, Mitchell Robinson, RJ Barrett",9,"2",40,48,52,60,1099,1326,12,12,0,227
"22100128","MIL","George Hill, Giannis Antetokounmpo, Jrue Holiday, Pat Connaughton, Thanasis Antetokounmpo",10,"2",44,29,44,29,955,955,0,0,0,0
"22100128","NYK","Derrick Rose, Evan Fournier, Julius Randle, Nerlens Noel, RJ Barrett",10,"2",52,60,56,63,1326,1440,4,3,1,114
"22100128","MIL","Bobby Portis, George Hill, Giannis Antetokounmpo, Jrue Holiday, Pat Connaughton",11,"2",44,29,46,29,955,970,2,0,2,15
"22100128","NYK","Evan Fournier, Julius Randle, Kemba Walker, Mitchell Robinson, RJ Barrett",11,"3",56,63,76,80,1440,1917,20,17,3,477
"22100128","MIL","Bobby Portis, Giannis Antetokounmpo, Grayson Allen, Jrue Holiday, Pat Connaughton",12,"2",46,29,46,34,970,1000,0,5,-5,30
"22100128","NYK","Evan Fournier, Julius Randle, Mitchell Robinson, Obi Toppin, RJ Barrett",12,"3",76,80,76,80,1917,1917,0,0,0,0
"22100128","MIL","Bobby Portis, Grayson Allen, Jrue Holiday, Pat Connaughton, Semi Ojeleye",13,"2",46,34,46,36,1000,1032,0,2,-2,32
"22100128","NYK","Derrick Rose, Evan Fournier, Julius Randle, Obi Toppin, RJ Barrett",13,"3",76,80,76,80,1917,1917,0,0,0,0
"22100128","MIL","Bobby Portis, Grayson Allen, Jordan Nwora, Jrue Holiday, Semi Ojeleye",14,"2",46,36,60,52,1032,1326,14,16,-2,294
"22100128","NYK","Derrick Rose, Evan Fournier, Nerlens Noel, Obi Toppin, RJ Barrett",14,"3",76,80,76,80,1917,1993,0,0,0,76
"22100128","MIL","Giannis Antetokounmpo, Grayson Allen, Jordan Nwora, Jrue Holiday, Semi Ojeleye",15,"2",60,52,60,52,1326,1326,0,0,0,0
"22100128","NYK","Derrick Rose, Immanuel Quickley, Nerlens Noel, Obi Toppin, RJ Barrett",15,"3",76,80,88,83,1993,2160,12,3,9,167
"22100128","NYK","Derrick Rose, Immanuel Quickley, Nerlens Noel, Obi Toppin, RJ Barrett",15,"4",88,83,91,87,2160,2278,3,4,-1,118
"22100128","MIL","Giannis Antetokounmpo, Grayson Allen, Jordan Nwora, Pat Connaughton, Semi Ojeleye",16,"2",60,52,60,52,1326,1326,0,0,0,0
"22100128","NYK","Alec Burks, Derrick Rose, Immanuel Quickley, Nerlens Noel, RJ Barrett",16,"4",91,87,91,87,2278,2278,0,0,0,0
"22100128","MIL","George Hill, Giannis Antetokounmpo, Grayson Allen, Jordan Nwora, Pat Connaughton",17,"2",60,52,63,56,1326,1440,3,4,-1,114
"22100128","NYK","Alec Burks, Derrick Rose, Immanuel Quickley, Julius Randle, Nerlens Noel",17,"4",91,87,98,90,2278,2465,7,3,4,187
"22100128","MIL","George Hill, Giannis Antetokounmpo, Grayson Allen, Pat Connaughton, Thanasis Antetokounmpo",18,"3",63,56,75,67,1440,1731,12,11,1,291
"22100128","NYK","Alec Burks, Derrick Rose, Julius Randle, Nerlens Noel, RJ Barrett",18,"4",98,90,112,91,2465,2738,14,1,13,273
"22100128","MIL","Bobby Portis, Giannis Antetokounmpo, Grayson Allen, Pat Connaughton, Thanasis Antetokounmpo",19,"3",75,67,75,67,1731,1731,0,0,0,0
"22100128","NYK","Alec Burks, Derrick Rose, Julius Randle, Obi Toppin, RJ Barrett",19,"4",112,91,112,91,2738,2738,0,0,0,0
"22100128","MIL","Bobby Portis, Giannis Antetokounmpo, Grayson Allen, Jrue Holiday, Pat Connaughton",20,"3",75,67,75,71,1731,1789,0,4,-4,58
"22100128","NYK","Alec Burks, Immanuel Quickley, Julius Randle, Obi Toppin, RJ Barrett",20,"4",112,91,112,91,2738,2738,0,0,0,0
"22100128","MIL","Bobby Portis, Giannis Antetokounmpo, Grayson Allen, Jordan Nwora, Jrue Holiday",21,"3",75,71,77,71,1789,1837,2,0,2,48
"22100128","NYK","Alec Burks, Immanuel Quickley, Jericho Sims, Obi Toppin, RJ Barrett",21,"4",112,91,112,93,2738,2797,0,2,-2,59
"22100128","MIL","Bobby Portis, Grayson Allen, Jordan Nwora, Jrue Holiday, Semi Ojeleye",22,"3",77,71,77,74,1837,1888,0,3,-3,51
"22100128","NYK","Alec Burks, Immanuel Quickley, Jericho Sims, Kevin Knox II, Obi Toppin",22,"4",112,93,112,93,2797,2797,0,0,0,0
"22100128","MIL","Bobby Portis, Jordan Nwora, Jrue Holiday, Rodney Hood, Semi Ojeleye",23,"3",77,74,80,80,1888,2026,3,6,-3,138
"22100128","NYK","Immanuel Quickley, Jericho Sims, Kevin Knox II, Obi Toppin, Quentin Grimes",23,"4",112,93,113,95,2797,2853,1,2,-1,56
"22100128","MIL","Bobby Portis, Giannis Antetokounmpo, Jrue Holiday, Rodney Hood, Semi Ojeleye",24,"3",80,80,80,80,2026,2026,0,0,0,0
"22100128","NYK","Jericho Sims, Kevin Knox II, Miles McBride, Obi Toppin, Quentin Grimes",24,"4",113,95,113,98,2853,2880,0,3,-3,27
"22100128","MIL","Bobby Portis, Giannis Antetokounmpo, Pat Connaughton, Rodney Hood, Semi Ojeleye",25,"3",80,80,80,80,2026,2026,0,0,0,0
"22100128","MIL","Bobby Portis, George Hill, Giannis Antetokounmpo, Pat Connaughton, Rodney Hood",26,"3",80,80,81,85,2026,2116,1,5,-4,90
"22100128","MIL","George Hill, Giannis Antetokounmpo, Pat Connaughton, Rodney Hood, Thanasis Antetokounmpo",27,"3",81,85,83,85,2116,2128,2,0,2,12
"22100128","MIL","Giannis Antetokounmpo, Pat Connaughton, Rodney Hood, Semi Ojeleye, Thanasis Antetokounmpo",28,"3",83,85,83,88,2128,2160,0,3,-3,32
"22100128","MIL","George Hill, Giannis Antetokounmpo, Pat Connaughton, Rodney Hood, Thanasis Antetokounmpo",29,"4",83,88,85,91,2160,2228,2,3,-1,68
"22100128","MIL","Bobby Portis, George Hill, Giannis Antetokounmpo, Pat Connaughton, Rodney Hood",30,"4",85,91,87,91,2228,2278,2,0,2,50
"22100128","MIL","Bobby Portis, George Hill, Giannis Antetokounmpo, Grayson Allen, Pat Connaughton",31,"4",87,91,87,93,2278,2326,0,2,-2,48
"22100128","MIL","Bobby Portis, George Hill, Giannis Antetokounmpo, Grayson Allen, Jrue Holiday",32,"4",87,93,87,98,2326,2392,0,5,-5,66
"22100128","MIL","Bobby Portis, Giannis Antetokounmpo, Grayson Allen, Jrue Holiday, Pat Connaughton",33,"4",87,98,88,98,2392,2404,1,0,1,12
"22100128","MIL","Bobby Portis, Giannis Antetokounmpo, Grayson Allen, Jordan Nwora, Jrue Holiday",34,"4",88,98,90,98,2404,2465,2,0,2,61
"22100128","MIL","Bobby Portis, Grayson Allen, Jordan Nwora, Jrue Holiday, Pat Connaughton",35,"4",90,98,90,105,2465,2541,0,7,-7,76
"22100128","MIL","Giannis Antetokounmpo, Grayson Allen, Jordan Nwora, Jrue Holiday, Pat Connaughton",36,"4",90,105,90,105,2541,2541,0,0,0,0
"22100128","MIL","George Hill, Giannis Antetokounmpo, Grayson Allen, Jordan Nwora, Pat Connaughton",37,"4",90,105,90,108,2541,2640,0,3,-3,99
"22100128","MIL","George Hill, Giannis Antetokounmpo, Jordan Nwora, Pat Connaughton, Rodney Hood",38,"4",90,108,90,108,2640,2640,0,0,0,0
"22100128","MIL","George Hill, Giannis Antetokounmpo, Jordan Nwora, Justin Robinson, Rodney Hood",39,"4",90,108,90,108,2640,2640,0,0,0,0
"22100128","MIL","George Hill, Jordan Nwora, Justin Robinson, Rodney Hood, Semi Ojeleye",40,"4",90,108,90,108,2640,2640,0,0,0,0
"22100128","MIL","Jordan Nwora, Justin Robinson, Rodney Hood, Semi Ojeleye, Thanasis Antetokounmpo",41,"4",90,108,98,113,2640,2880,8,5,3,240
"22100129","LAC","Eric Bledsoe, Ivica Zubac, Nicolas Batum, Paul George, Reggie Jackson",0,"1",0,0,11,20,0,408,11,20,-9,408
"22100129","MIN","Anthony Edwards, Jaden McDaniels, Karl-Anthony Towns, Patrick Beverley, Taurean Prince",0,"1",0,0,16,3,0,267,16,3,13,267
"22100129","LAC","Ivica Zubac, Nicolas Batum, Paul George, Reggie Jackson, Terance Mann",1,"1",11,20,13,23,408,519,2,3,-1,111
"22100129","MIN","Anthony Edwards, Karl-Anthony Towns, Malik Beasley, Patrick Beverley, Taurean Prince",1,"1",16,3,20,11,267,408,4,8,-4,141
"22100129","LAC","Isaiah Hartenstein, Ivica Zubac, Nicolas Batum, Reggie Jackson, Terance Mann",2,"1",13,23,13,23,519,519,0,0,0,0
"22100129","MIN","Jarred Vanderbilt, Karl-Anthony Towns, Malik Beasley, Patrick Beverley, Taurean Prince",2,"1",20,11,23,13,408,519,3,2,1,111
"22100129","LAC","Isaiah Hartenstein, Luke Kennard, Nicolas Batum, Reggie Jackson, Terance Mann",3,"1",13,23,18,25,519,599,5,2,3,80
"22100129","MIN","Jarred Vanderbilt, Jordan McLaughlin, Karl-Anthony Towns, Malik Beasley, Taurean Prince",3,"1",23,13,25,17,519,590,2,4,-2,71
"22100129","LAC","Eric Bledsoe, Isaiah Hartenstein, Luke Kennard, Reggie Jackson, Terance Mann",4,"1",18,25,23,33,599,720,5,8,-3,121
"22100129","MIN","Anthony Edwards, Jarred Vanderbilt, Jordan McLaughlin, Karl-Anthony Towns, Malik Beasley",4,"1",25,17,25,18,590,599,0,1,-1,9
"22100129","LAC","Eric Bledsoe, Isaiah Hartenstein, Luke Kennard, Paul George, Terance Mann",5,"2",23,33,29,41,720,881,6,8,-2,161
"22100129","MIN","Anthony Edwards, Jarred Vanderbilt, Jordan McLaughlin, Malik Beasley, Naz Reid",5,"1",25,18,33,23,599,720,8,5,3,121
"22100129","MIN","Anthony Edwards, Jarred Vanderbilt, Jordan McLaughlin, Malik Beasley, Naz Reid",5,"2",33,23,46,29,720,1001,13,6,7,281
"22100129","LAC","Eric Bledsoe, Ivica Zubac, Luke Kennard, Paul George, Terance Mann",6,"2",29,41,29,46,881,951,0,5,-5,70
"22100129","MIN","Anthony Edwards, Jordan McLaughlin, Malik Beasley, Naz Reid, Taurean Prince",6,"2",46,29,46,29,1001,1008,0,0,0,7
"22100129","LAC","Eric Bledsoe, Isaiah Hartenstein, Ivica Zubac, Luke Kennard, Paul George",7,"2",29,46,29,46,951,951,0,0,0,0
"22100129","MIN","Jordan McLaughlin, Malik Beasley, Naz Reid, Patrick Beverley, Taurean Prince",7,"2",46,29,46,29,1008,1035,0,0,0,27
"22100129","LAC","Eric Bledsoe, Ivica Zubac, Luke Kennard, Paul George, Terance Mann",8,"2",29,46,29,46,951,1001,0,0,0,50
"22100129","MIN","Jordan McLaughlin, Karl-Anthony Towns, Malik Beasley, Patrick Beverley, Taurean Prince",8,"2",46,29,49,37,1035,1248,3,8,-5,213
"22100129","LAC","Eric Bledsoe, Ivica Zubac, Nicolas Batum, Paul George, Terance Mann",9,"2",29,46,29,46,1001,1008,0,0,0,7
"22100129","MIN","Jaylen Nowell, Karl-Anthony Towns, Malik Beasley, Patrick Beverley, Taurean Prince",9,"2",49,37,54,44,1248,1366,5,7,-2,118
"22100129","LAC","Eric Bledsoe, Nicolas Batum, Paul George, Reggie Jackson, Terance Mann",10,"2",29,46,31,49,1008,1128,2,3,-1,120
"22100129","MIN","Jaylen Nowell, Malik Beasley, Naz Reid, Patrick Beverley, Taurean Prince",10,"2",54,44,57,47,1366,1440,3,3,0,74
"22100129","LAC","Eric Bledsoe, Ivica Zubac, Nicolas Batum, Paul George, Reggie Jackson",11,"2",31,49,31,49,1128,1128,0,0,0,0
"22100129","MIN","Anthony Edwards, Jaden McDaniels, Karl-Anthony Towns, Patrick Beverley, Taurean Prince",11,"3",57,47,61,54,1440,1702,4,7,-3,262
"22100129","LAC","Ivica Zubac, Luke Kennard, Nicolas Batum, Paul George, Reggie Jackson",12,"2",31,49,43,54,1128,1361,12,5,7,233
"22100129","MIN","Anthony Edwards, Karl-Anthony Towns, Malik Beasley, Patrick Beverley, Taurean Prince",12,"3",61,54,61,60,1702,1778,0,6,-6,76
"22100129","LAC","Ivica Zubac, Luke Kennard, Nicolas Batum, Reggie Jackson, Terance Mann",13,"2",43,54,47,57,1361,1440,4,3,1,79
"22100129","MIN","Anthony Edwards, Jarred Vanderbilt, Karl-Anthony Towns, Malik Beasley, Patrick Beverley",13,"3",61,60,61,62,1778,1800,0,2,-2,22
"22100129","LAC","Eric Bledsoe, Ivica Zubac, Nicolas Batum, Paul George, Reggie Jackson",14,"3",47,57,64,61,1440,1871,17,4,13,431
"22100129","MIN","Anthony Edwards, Jarred Vanderbilt, Jordan McLaughlin, Karl-Anthony Towns, Malik Beasley",14,"3",61,62,61,64,1800,1896,0,2,-2,96
"22100129","LAC","Ivica Zubac, Nicolas Batum, Paul George, Reggie Jackson, Terance Mann",15,"3",64,61,66,61,1871,1955,2,0,2,84
"22100129","MIN","Anthony Edwards, Jarred Vanderbilt, Jordan McLaughlin, Malik Beasley, Naz Reid",15,"3",61,64,72,75,1896,2160,11,11,0,264
"22100129","LAC","Eric Bledsoe, Ivica Zubac, Paul George, Reggie Jackson, Terance Mann",16,"3",66,61,68,64,1955,2027,2,3,-1,72
"22100129","MIN","Jaden McDaniels, Jarred Vanderbilt, Jordan McLaughlin, Karl-Anthony Towns, Malik Beasley",16,"4",72,75,72,77,2160,2186,0,2,-2,26
"22100129","LAC","Eric Bledsoe, Ivica Zubac, Luke Kennard, Reggie Jackson, Terance Mann",17,"3",68,64,68,64,2027,2027,0,0,0,0
"22100129","MIN","Jaden McDaniels, Jarred Vanderbilt, Karl-Anthony Towns, Malik Beasley, Patrick Beverley",17,"4",72,77,72,86,2186,2331,0,9,-9,145
"22100129","LAC","Eric Bledsoe, Isaiah Hartenstein, Luke Kennard, Reggie Jackson, Terance Mann",18,"3",68,64,75,72,2027,2160,7,8,-1,133
"22100129","MIN","Anthony Edwards, Jaden McDaniels, Karl-Anthony Towns, Malik Beasley, Patrick Beverley",18,"4",72,86,76,89,2331,2407,4,3,1,76
"22100129","LAC","Eric Bledsoe, Isaiah Hartenstein, Luke Kennard, Paul George, Terance Mann",19,"4",75,72,86,72,2160,2341,11,0,11,181
"22100129","MIN","Anthony Edwards, Karl-Anthony Towns, Malik Beasley, Patrick Beverley, Taurean Prince",19,"4",76,89,76,94,2407,2490,0,5,-5,83
"22100129","LAC","Isaiah Hartenstein, Luke Kennard, Paul George, Reggie Jackson, Terance Mann",20,"4",86,72,88,74,2341,2374,2,2,0,33
"22100129","MIN","Anthony Edwards, Jarred Vanderbilt, Karl-Anthony Towns, Malik Beasley, Patrick Beverley",20,"4",76,94,76,96,2490,2516,0,2,-2,26
"22100129","LAC","Ivica Zubac, Luke Kennard, Paul George, Reggie Jackson, Terance Mann",21,"4",88,74,94,76,2374,2490,6,2,4,116
"22100129","MIN","Anthony Edwards, Jarred Vanderbilt, Jaylen Nowell, Karl-Anthony Towns, Malik Beasley",21,"4",76,96,82,100,2516,2683,6,4,2,167
"22100129","LAC","Ivica Zubac, Nicolas Batum, Paul George, Reggie Jackson, Terance Mann",22,"4",94,76,100,82,2490,2683,6,6,0,193
"22100129","MIN","Jarred Vanderbilt, Jaylen Nowell, Karl-Anthony Towns, Leandro Bolmaro, Malik Beasley",22,"4",82,100,82,100,2683,2683,0,0,0,0
"22100129","LAC","Ivica Zubac, Justise Winslow, Nicolas Batum, Paul George, Terance Mann",23,"4",100,82,100,82,2683,2683,0,0,0,0
"22100129","MIN","Jake Layman, Jarred Vanderbilt, Jaylen Nowell, Karl-Anthony Towns, Leandro Bolmaro",23,"4",82,100,82,100,2683,2683,0,0,0,0
"22100129","LAC","Isaiah Hartenstein, Ivica Zubac, Justise Winslow, Nicolas Batum, Terance Mann",24,"4",100,82,100,82,2683,2683,0,0,0,0
"22100129","MIN","Jake Layman, Jaylen Nowell, Karl-Anthony Towns, Leandro Bolmaro, Naz Reid",24,"4",82,100,82,100,2683,2683,0,0,0,0
"22100129","LAC","Brandon Boston Jr., Isaiah Hartenstein, Ivica Zubac, Justise Winslow, Terance Mann",25,"4",100,82,100,82,2683,2683,0,0,0,0
"22100129","MIN","Jake Layman, Jaylen Nowell, Leandro Bolmaro, Nathan Knight, Naz Reid",25,"4",82,100,84,104,2683,2880,2,4,-2,197
"22100129","LAC","Amir Coffey, Brandon Boston Jr., Isaiah Hartenstein, Justise Winslow, Terance Mann",26,"4",100,82,104,84,2683,2880,4,2,2,197
"22100130","GSW","Andrew Wiggins, Draymond Green, Jordan Poole, Kevon Looney, Stephen Curry",0,"1",0,0,16,18,0,312,16,18,-2,312
"22100130","NOP","Devonte' Graham, Garrett Temple, Jonas Valanciunas, Josh Hart, Nickeil Alexander-Walker",0,"1",0,0,20,21,0,388,20,21,-1,388
"22100130","GSW","Andrew Wiggins, Draymond Green, Jordan Poole, Nemanja Bjelica, Stephen Curry",1,"1",16,18,21,20,312,388,5,2,3,76
"22100130","NOP","Devonte' Graham, Jonas Valanciunas, Josh Hart, Naji Marshall, Nickeil Alexander-Walker",1,"1",20,21,20,21,388,438,0,0,0,50
"22100130","GSW","Andrew Wiggins, Draymond Green, Gary Payton II, Nemanja Bjelica, Stephen Curry",2,"1",21,20,23,22,388,487,2,2,0,99
"22100130","NOP","Jonas Valanciunas, Josh Hart, Kira Lewis Jr., Naji Marshall, Nickeil Alexander-Walker",2,"1",20,21,22,23,438,487,2,2,0,49
"22100130","GSW","Andre Iguodala, Draymond Green, Gary Payton II, Nemanja Bjelica, Stephen Curry",3,"1",23,22,32,27,487,615,9,5,4,128
"22100130","NOP","Jonas Valanciunas, Josh Hart, Kira Lewis Jr., Naji Marshall, Tomas Satoransky",3,"1",22,23,22,23,487,487,0,0,0,0
"22100130","GSW","Andre Iguodala, Gary Payton II, Nemanja Bjelica, Otto Porter Jr., Stephen Curry",4,"1",32,27,38,31,615,720,6,4,2,105
"22100130","NOP","Jonas Valanciunas, Josh Hart, Kira Lewis Jr., Nickeil Alexander-Walker, Tomas Satoransky",4,"1",22,23,27,32,487,615,5,9,-4,128
"22100130","GSW","Andre Iguodala, Damion Lee, Jordan Poole, Juan Toscano-Anderson, Otto Porter Jr.",5,"2",38,31,48,35,720,1010,10,4,6,290
"22100130","NOP","Jonas Valanciunas, Kira Lewis Jr., Nickeil Alexander-Walker, Tomas Satoransky, Trey Murphy III",5,"1",27,32,27,32,615,615,0,0,0,0
"22100130","GSW","Andre Iguodala, Andrew Wiggins, Damion Lee, Jordan Poole, Juan Toscano-Anderson",6,"2",48,35,50,39,1010,1109,2,4,-2,99
"22100130","NOP","Kira Lewis Jr., Naji Marshall, Nickeil Alexander-Walker, Tomas Satoransky, Trey Murphy III",6,"1",27,32,27,32,615,615,0,0,0,0
"22100130","GSW","Andre Iguodala, Andrew Wiggins, Damion Lee, Juan Toscano-Anderson, Stephen Curry",7,"2",50,39,50,39,1109,1109,0,0,0,0
"22100130","NOP","Garrett Temple, Kira Lewis Jr., Naji Marshall, Tomas Satoransky, Trey Murphy III",7,"1",27,32,31,38,615,720,4,6,-2,105
"22100130","NOP","Garrett Temple, Kira Lewis Jr., Naji Marshall, Tomas Satoransky, Trey Murphy III",7,"2",31,38,33,43,720,864,2,5,-3,144
"22100130","GSW","Andrew Wiggins, Damion Lee, Juan Toscano-Anderson, Otto Porter Jr., Stephen Curry",8,"2",50,39,50,39,1109,1109,0,0,0,0
"22100130","NOP","Devonte' Graham, Garrett Temple, Naji Marshall, Tomas Satoransky, Trey Murphy III",8,"2",33,43,33,45,864,920,0,2,-2,56
"22100130","GSW","Andrew Wiggins, Damion Lee, Draymond Green, Otto Porter Jr., Stephen Curry",9,"2",50,39,54,50,1109,1437,4,11,-7,328
"22100130","NOP","Devonte' Graham, Garrett Temple, Jonas Valanciunas, Naji Marshall, Tomas Satoransky",9,"2",33,45,33,45,920,959,0,0,0,39
"22100130","GSW","Damion Lee, Draymond Green, Jordan Poole, Otto Porter Jr., Stephen Curry",10,"2",54,50,54,50,1437,1440,0,0,0,3
"22100130","NOP","Devonte' Graham, Garrett Temple, Jonas Valanciunas, Naji Marshall, Nickeil Alexander-Walker",10,"2",33,45,35,48,959,1010,2,3,-1,51
"22100130","GSW","Andrew Wiggins, Draymond Green, Jordan Poole, Kevon Looney, Stephen Curry",11,"3",54,50,66,56,1440,1792,12,6,6,352
"22100130","NOP","Devonte' Graham, Jonas Valanciunas, Josh Hart, Naji Marshall, Nickeil Alexander-Walker",11,"2",35,48,39,50,1010,1152,4,2,2,142
"22100130","GSW","Andrew Wiggins, Draymond Green, Gary Payton II, Jordan Poole, Stephen Curry",12,"3",66,56,66,56,1792,1792,0,0,0,0
"22100130","NOP","Devonte' Graham, Garrett Temple, Jonas Valanciunas, Josh Hart, Nickeil Alexander-Walker",12,"2",39,50,50,54,1152,1437,11,4,7,285
"22100130","GSW","Andrew Wiggins, Draymond Green, Gary Payton II, Jordan Poole, Nemanja Bjelica",13,"3",66,56,79,63,1792,1964,13,7,6,172
"22100130","NOP","Devonte' Graham, Garrett Temple, Josh Hart, Naji Marshall, Nickeil Alexander-Walker",13,"2",50,54,50,54,1437,1437,0,0,0,0
"22100130","GSW","Andrew Wiggins, Draymond Green, Gary Payton II, Nemanja Bjelica, Stephen Curry",14,"3",79,63,79,63,1964,1964,0,0,0,0
"22100130","NOP","Garrett Temple, Josh Hart, Naji Marshall, Nickeil Alexander-Walker, Tomas Satoransky",14,"2",50,54,50,54,1437,1440,0,0,0,3
"22100130","GSW","Andre Iguodala, Andrew Wiggins, Gary Payton II, Nemanja Bjelica, Stephen Curry",15,"3",79,63,86,66,1964,2097,7,3,4,133
"22100130","NOP","Devonte' Graham, Garrett Temple, Jonas Valanciunas, Josh Hart, Nickeil Alexander-Walker",15,"3",50,54,52,54,1440,1557,2,0,2,117
"22100130","GSW","Andre Iguodala, Gary Payton II, Nemanja Bjelica, Otto Porter Jr., Stephen Curry",16,"3",86,66,88,66,2097,2160,2,0,2,63
"22100130","NOP","Devonte' Graham, Garrett Temple, Jonas Valanciunas, Josh Hart, Naji Marshall",16,"3",52,54,52,59,1557,1622,0,5,-5,65
"22100130","GSW","Andre Iguodala, Jordan Poole, Nemanja Bjelica, Otto Porter Jr., Stephen Curry",17,"4",88,66,99,72,2160,2346,11,6,5,186
"22100130","NOP","Devonte' Graham, Garrett Temple, Jonas Valanciunas, Josh Hart, Nickeil Alexander-Walker",17,"3",52,59,55,64,1622,1729,3,5,-2,107
"22100130","GSW","Andre Iguodala, Damion Lee, Jordan Poole, Nemanja Bjelica, Otto Porter Jr.",18,"4",99,72,104,72,2346,2386,5,0,5,40
"22100130","NOP","Devonte' Graham, Jonas Valanciunas, Josh Hart, Naji Marshall, Nickeil Alexander-Walker",18,"3",55,64,58,72,1729,1846,3,8,-5,117
"22100130","GSW","Damion Lee, Jordan Poole, Moses Moody, Nemanja Bjelica, Otto Porter Jr.",19,"4",104,72,104,72,2386,2386,0,0,0,0
"22100130","NOP","Jonas Valanciunas, Josh Hart, Kira Lewis Jr., Naji Marshall, Nickeil Alexander-Walker",19,"3",58,72,60,76,1846,1902,2,4,-2,56
"22100130","GSW","Damion Lee, Jordan Poole, Juan Toscano-Anderson, Moses Moody, Nemanja Bjelica",20,"4",104,72,106,72,2386,2446,2,0,2,60
"22100130","NOP","Jonas Valanciunas, Josh Hart, Kira Lewis Jr., Naji Marshall, Tomas Satoransky",20,"3",60,76,63,79,1902,1964,3,3,0,62
"22100130","GSW","Damion Lee, Jonathan Kuminga, Jordan Poole, Juan Toscano-Anderson, Moses Moody",21,"4",106,72,111,75,2446,2527,5,3,2,81
"22100130","NOP","Josh Hart, Kira Lewis Jr., Naji Marshall, Tomas Satoransky, Willy Hernangomez",21,"3",63,79,63,82,1964,2019,0,3,-3,55
"22100130","GSW","Damion Lee, Gary Payton II, Jonathan Kuminga, Juan Toscano-Anderson, Moses Moody",22,"4",111,75,126,85,2527,2880,15,10,5,353
"22100130","NOP","Kira Lewis Jr., Naji Marshall, Tomas Satoransky, Trey Murphy III, Willy Hernangomez",22,"3",63,82,66,88,2019,2160,3,6,-3,141
"22100130","NOP","Devonte' Graham, Jonas Valanciunas, Naji Marshall, Tomas Satoransky, Trey Murphy III",23,"4",66,88,72,97,2160,2325,6,9,-3,165
"22100130","NOP","Devonte' Graham, Jonas Valanciunas, Josh Hart, Tomas Satoransky, Trey Murphy III",24,"4",72,97,72,97,2325,2325,0,0,0,0
"22100130","NOP","Devonte' Graham, Garrett Temple, Jonas Valanciunas, Josh Hart, Tomas Satoransky",25,"4",72,97,72,97,2325,2325,0,0,0,0
"22100130","NOP","Devonte' Graham, Garrett Temple, Jonas Valanciunas, Josh Hart, Nickeil Alexander-Walker",26,"4",72,97,72,104,2325,2386,0,7,-7,61
"22100130","NOP","Devonte' Graham, Garrett Temple, Josh Hart, Nickeil Alexander-Walker, Trey Murphy III",27,"4",72,104,75,111,2386,2527,3,7,-4,141
"22100130","NOP","Devonte' Graham, Didi Louzada, Garrett Temple, Nickeil Alexander-Walker, Trey Murphy III",28,"4",75,111,75,111,2527,2527,0,0,0,0
"22100130","NOP","Didi Louzada, Garrett Temple, Kira Lewis Jr., Nickeil Alexander-Walker, Trey Murphy III",29,"4",75,111,75,111,2527,2527,0,0,0,0
"22100130","NOP","Didi Louzada, Kira Lewis Jr., Nickeil Alexander-Walker, Tomas Satoransky, Trey Murphy III",30,"4",75,111,75,111,2527,2527,0,0,0,0
"22100130","NOP","Didi Louzada, Jose Alvarado, Kira Lewis Jr., Tomas Satoransky, Trey Murphy III",31,"4",75,111,85,126,2527,2880,10,15,-5,353
"22100131","IND","Caris LeVert, Chris Duarte, Domantas Sabonis, Myles Turner, T.J. McConnell",0,"1",0,0,4,15,0,409,4,15,-11,409
"22100131","POR","CJ McCollum, Damian Lillard, Jusuf Nurkic, Norman Powell, Robert Covington",0,"1",0,0,13,4,0,347,13,4,9,347
"22100131","IND","Chris Duarte, Domantas Sabonis, Justin Holiday, Myles Turner, T.J. McConnell",1,"1",4,15,4,15,409,409,0,0,0,0
"22100131","POR","Anfernee Simons, Damian Lillard, Jusuf Nurkic, Norman Powell, Robert Covington",1,"1",13,4,17,6,347,459,4,2,2,112
"22100131","IND","Chris Duarte, Domantas Sabonis, Justin Holiday, T.J. McConnell, Torrey Craig",2,"1",4,15,9,19,409,499,5,4,1,90
"22100131","POR","Anfernee Simons, Cody Zeller, Damian Lillard, Norman Powell, Robert Covington",2,"1",17,6,19,9,459,499,2,3,-1,40
"22100131","IND","Brad Wanamaker, Domantas Sabonis, Justin Holiday, T.J. McConnell, Torrey Craig",3,"1",9,19,9,19,499,499,0,0,0,0
"22100131","POR","Anfernee Simons, Cody Zeller, Damian Lillard, Larry Nance Jr., Robert Covington",3,"1",19,9,19,9,499,499,0,0,0,0
"22100131","IND","Brad Wanamaker, Domantas Sabonis, Justin Holiday, Kelan Martin, Torrey Craig",4,"1",9,19,19,24,499,699,10,5,5,200
"22100131","POR","Anfernee Simons, Cody Zeller, Damian Lillard, Larry Nance Jr., Nassir Little",4,"1",19,9,24,17,499,637,5,8,-3,138
"22100131","IND","Brad Wanamaker, Justin Holiday, Kelan Martin, Myles Turner, Torrey Craig",5,"1",19,24,19,24,699,720,0,0,0,21
"22100131","POR","Anfernee Simons, CJ McCollum, Cody Zeller, Larry Nance Jr., Nassir Little",5,"1",24,17,24,19,637,720,0,2,-2,83
"22100131","IND","Brad Wanamaker, Caris LeVert, Justin Holiday, Kelan Martin, Myles Turner",6,"2",19,24,25,31,720,839,6,7,-1,119
"22100131","POR","Anfernee Simons, CJ McCollum, Larry Nance Jr., Nassir Little, Tony Snell",6,"2",24,19,40,28,720,938,16,9,7,218
"22100131","IND","Brad Wanamaker, Chris Duarte, Justin Holiday, Kelan Martin, Myles Turner",7,"2",25,31,28,40,839,938,3,9,-6,99
"22100131","POR","Anfernee Simons, CJ McCollum, Damian Lillard, Larry Nance Jr., Nassir Little",7,"2",40,28,44,33,938,1019,4,5,-1,81
"22100131","IND","Brad Wanamaker, Caris LeVert, Chris Duarte, Kelan Martin, Myles Turner",8,"2",28,40,28,40,938,938,0,0,0,0
"22100131","POR","CJ McCollum, Damian Lillard, Larry Nance Jr., Nassir Little, Norman Powell",8,"2",44,33,44,33,1019,1019,0,0,0,0
"22100131","IND","Brad Wanamaker, Caris LeVert, Chris Duarte, Myles Turner, Torrey Craig",9,"2",28,40,33,43,938,980,5,3,2,42
"22100131","POR","CJ McCollum, Damian Lillard, Larry Nance Jr., Norman Powell, Robert Covington",9,"2",44,33,55,39,1019,1194,11,6,5,175
"22100131","IND","Brad Wanamaker, Caris LeVert, Myles Turner, T.J. McConnell, Torrey Craig",10,"2",33,43,33,44,980,1019,0,1,-1,39
"22100131","POR","CJ McCollum, Damian Lillard, Jusuf Nurkic, Norman Powell, Robert Covington",10,"2",55,39,59,53,1194,1440,4,14,-10,246
"22100131","POR","CJ McCollum, Damian Lillard, Jusuf Nurkic, Norman Powell, Robert Covington",10,"3",59,53,74,72,1440,1759,15,19,-4,319
"22100131","IND","Brad Wanamaker, Caris LeVert, Domantas Sabonis, T.J. McConnell, Torrey Craig",11,"2",33,44,35,47,1019,1112,2,3,-1,93
"22100131","POR","CJ McCollum, Cody Zeller, Damian Lillard, Norman Powell, Robert Covington",11,"3",74,72,76,77,1759,1902,2,5,-3,143
"22100131","IND","Caris LeVert, Domantas Sabonis, Justin Holiday, T.J. McConnell, Torrey Craig",12,"2",35,47,35,47,1112,1112,0,0,0,0
"22100131","POR","Anfernee Simons, Cody Zeller, Damian Lillard, Norman Powell, Robert Covington",12,"3",76,77,79,81,1902,2037,3,4,-1,135
"22100131","IND","Caris LeVert, Domantas Sabonis, Goga Bitadze, Justin Holiday, T.J. McConnell",13,"2",35,47,48,59,1112,1331,13,12,1,219
"22100131","POR","Anfernee Simons, CJ McCollum, Cody Zeller, Norman Powell, Robert Covington",13,"3",79,81,79,81,2037,2037,0,0,0,0
"22100131","IND","Domantas Sabonis, Goga Bitadze, Justin Holiday, Myles Turner, T.J. McConnell",14,"2",48,59,48,59,1331,1331,0,0,0,0
"22100131","POR","Anfernee Simons, CJ McCollum, Cody Zeller, Nassir Little, Robert Covington",14,"3",79,81,82,83,2037,2152,3,2,1,115
"22100131","IND","Chris Duarte, Domantas Sabonis, Justin Holiday, Myles Turner, T.J. McConnell",15,"2",48,59,53,59,1331,1440,5,0,5,109
"22100131","POR","Anfernee Simons, CJ McCollum, Larry Nance Jr., Nassir Little, Robert Covington",15,"3",82,83,82,83,2152,2160,0,0,0,8
"22100131","IND","Caris LeVert, Chris Duarte, Domantas Sabonis, Myles Turner, T.J. McConnell",16,"3",53,59,72,74,1440,1759,19,15,4,319
"22100131","POR","Anfernee Simons, CJ McCollum, Larry Nance Jr., Nassir Little, Tony Snell",16,"4",82,83,87,86,2160,2340,5,3,2,180
"22100131","IND","Chris Duarte, Domantas Sabonis, Justin Holiday, Myles Turner, T.J. McConnell",17,"3",72,74,72,74,1759,1800,0,0,0,41
"22100131","POR","Anfernee Simons, CJ McCollum, Damian Lillard, Larry Nance Jr., Nassir Little",17,"4",87,86,90,90,2340,2461,3,4,-1,121
"22100131","IND","Chris Duarte, Justin Holiday, Myles Turner, T.J. McConnell, Torrey Craig",18,"3",72,74,77,79,1800,1933,5,5,0,133
"22100131","POR","Anfernee Simons, CJ McCollum, Damian Lillard, Larry Nance Jr., Norman Powell",18,"4",90,90,90,94,2461,2506,0,4,-4,45
"22100131","IND","Caris LeVert, Justin Holiday, Myles Turner, T.J. McConnell, Torrey Craig",19,"3",77,79,77,79,1933,1933,0,0,0,0
"22100131","POR","CJ McCollum, Damian Lillard, Larry Nance Jr., Norman Powell, Robert Covington",19,"4",90,94,90,94,2506,2506,0,0,0,0
"22100131","IND","Brad Wanamaker, Caris LeVert, Justin Holiday, Myles Turner, Torrey Craig",20,"3",77,79,77,79,1933,1933,0,0,0,0
"22100131","POR","CJ McCollum, Damian Lillard, Jusuf Nurkic, Norman Powell, Robert Covington",20,"4",90,94,110,106,2506,2866,20,12,8,360
"22100131","IND","Brad Wanamaker, Caris LeVert, Domantas Sabonis, Justin Holiday, Torrey Craig",21,"3",77,79,83,82,1933,2139,6,3,3,206
"22100131","POR","CJ McCollum, Damian Lillard, Larry Nance Jr., Norman Powell, Robert Covington",21,"4",110,106,110,106,2866,2880,0,0,0,14
"22100131","IND","Brad Wanamaker, Caris LeVert, Domantas Sabonis, Justin Holiday, Kelan Martin",22,"3",83,82,83,82,2139,2152,0,0,0,13
"22100131","IND","Caris LeVert, Chris Duarte, Domantas Sabonis, Justin Holiday, Kelan Martin",23,"3",83,82,83,82,2152,2160,0,0,0,8
"22100131","IND","Brad Wanamaker, Caris LeVert, Domantas Sabonis, Justin Holiday, Torrey Craig",24,"4",83,82,86,87,2160,2340,3,5,-2,180
"22100131","IND","Brad Wanamaker, Caris LeVert, Domantas Sabonis, T.J. McConnell, Torrey Craig",25,"4",86,87,86,87,2340,2340,0,0,0,0
"22100131","IND","Brad Wanamaker, Chris Duarte, Domantas Sabonis, T.J. McConnell, Torrey Craig",26,"4",86,87,86,90,2340,2354,0,3,-3,14
"22100131","IND","Chris Duarte, Domantas Sabonis, Kelan Martin, T.J. McConnell, Torrey Craig",27,"4",86,90,86,90,2354,2354,0,0,0,0
"22100131","IND","Chris Duarte, Kelan Martin, Myles Turner, T.J. McConnell, Torrey Craig",28,"4",86,90,86,90,2354,2354,0,0,0,0
"22100131","IND","Caris LeVert, Chris Duarte, Kelan Martin, Myles Turner, T.J. McConnell",29,"4",86,90,94,90,2354,2506,8,0,8,152
"22100131","IND","Chris Duarte, Justin Holiday, Kelan Martin, Myles Turner, T.J. McConnell",30,"4",94,90,101,98,2506,2647,7,8,-1,141
"22100131","IND","Domantas Sabonis, Justin Holiday, Kelan Martin, Myles Turner, T.J. McConnell",31,"4",101,98,101,98,2647,2647,0,0,0,0
"22100131","IND","Caris LeVert, Domantas Sabonis, Justin Holiday, Myles Turner, T.J. McConnell",32,"4",101,98,106,110,2647,2866,5,12,-7,219
"22100131","IND","Caris LeVert, Chris Duarte, Domantas Sabonis, Justin Holiday, Myles Turner",33,"4",106,110,106,110,2866,2866,0,0,0,0
"22100131","IND","Caris LeVert, Chris Duarte, Domantas Sabonis, Justin Holiday, Kelan Martin",34,"4",106,110,106,110,2866,2880,0,0,0,14
"22100132","CHA","Gordon Hayward, LaMelo Ball, Mason Plumlee, Miles Bridges, Terry Rozier",0,"1",0,0,10,16,0,290,10,16,-6,290
"22100132","SAC","De'Aaron Fox, Harrison Barnes, Maurice Harkless, Richaun Holmes, Tyrese Haliburton",0,"1",0,0,19,10,0,344,19,10,9,344
"22100132","CHA","Gordon Hayward, LaMelo Ball, Miles Bridges, Nick Richards, Terry Rozier",1,"1",10,16,10,19,290,344,0,3,-3,54
"22100132","SAC","Davion Mitchell, De'Aaron Fox, Harrison Barnes, Maurice Harkless, Richaun Holmes",1,"1",19,10,19,10,344,344,0,0,0,0
"22100132","CHA","Gordon Hayward, Kelly Oubre Jr., LaMelo Ball, Miles Bridges, Nick Richards",2,"1",10,19,15,29,344,437,5,10,-5,93
"22100132","SAC","Davion Mitchell, Harrison Barnes, Maurice Harkless, Richaun Holmes, Terence Davis",2,"1",19,10,19,10,344,344,0,0,0,0
"22100132","CHA","Gordon Hayward, Ish Smith, Kelly Oubre Jr., Miles Bridges, Nick Richards",3,"1",15,29,17,37,437,573,2,8,-6,136
"22100132","SAC","Buddy Hield, Davion Mitchell, Harrison Barnes, Richaun Holmes, Terence Davis",3,"1",19,10,19,10,344,344,0,0,0,0
"22100132","CHA","Gordon Hayward, Ish Smith, Kelly Oubre Jr., Miles Bridges, Terry Rozier",4,"1",17,37,17,37,573,573,0,0,0,0
"22100132","SAC","Buddy Hield, Davion Mitchell, Harrison Barnes, Terence Davis, Tristan Thompson",4,"1",19,10,37,17,344,573,18,7,11,229
"22100132","CHA","Ish Smith, Kelly Oubre Jr., Mason Plumlee, Miles Bridges, Terry Rozier",5,"1",17,37,22,38,573,700,5,1,4,127
"22100132","SAC","Buddy Hield, Davion Mitchell, Harrison Barnes, Maurice Harkless, Terence Davis",5,"1",37,17,37,17,573,573,0,0,0,0
"22100132","CHA","Cody Martin, Ish Smith, Kelly Oubre Jr., Miles Bridges, Terry Rozier",6,"1",22,38,22,41,700,720,0,3,-3,20
"22100132","SAC","Buddy Hield, Davion Mitchell, Maurice Harkless, Richaun Holmes, Terence Davis",6,"1",37,17,38,19,573,618,1,2,-1,45
"22100132","CHA","Cody Martin, Ish Smith, Kelly Oubre Jr., Mason Plumlee, Terry Rozier",7,"2",22,41,25,49,720,899,3,8,-5,179
"22100132","SAC","Davion Mitchell, Maurice Harkless, Richaun Holmes, Terence Davis, Tyrese Haliburton",7,"1",38,19,41,22,618,720,3,3,0,102
"22100132","CHA","Cody Martin, Kelly Oubre Jr., LaMelo Ball, Mason Plumlee, Terry Rozier",8,"2",25,49,25,49,899,899,0,0,0,0
"22100132","SAC","Buddy Hield, De'Aaron Fox, Maurice Harkless, Richaun Holmes, Tyrese Haliburton",8,"2",41,22,49,25,720,899,8,3,5,179
"22100132","CHA","Cody Martin, Gordon Hayward, LaMelo Ball, Mason Plumlee, Terry Rozier",9,"2",25,49,25,49,899,899,0,0,0,0
"22100132","SAC","Buddy Hield, De'Aaron Fox, Maurice Harkless, Tristan Thompson, Tyrese Haliburton",9,"2",49,25,49,25,899,899,0,0,0,0
"22100132","CHA","Cody Martin, Gordon Hayward, LaMelo Ball, Nick Richards, Terry Rozier",10,"2",25,49,33,54,899,1029,8,5,3,130
"22100132","SAC","De'Aaron Fox, Harrison Barnes, Maurice Harkless, Tristan Thompson, Tyrese Haliburton",10,"2",49,25,49,25,899,908,0,0,0,9
"22100132","CHA","Cody Martin, Gordon Hayward, LaMelo Ball, Miles Bridges, Nick Richards",11,"2",33,54,45,63,1029,1245,12,9,3,216
"22100132","SAC","Buddy Hield, De'Aaron Fox, Harrison Barnes, Tristan Thompson, Tyrese Haliburton",11,"2",49,25,54,33,908,1029,5,8,-3,121
"22100132","CHA","Cody Martin, Gordon Hayward, LaMelo Ball, Mason Plumlee, Miles Bridges",12,"2",45,63,47,68,1245,1306,2,5,-3,61
"22100132","SAC","Buddy Hield, Davion Mitchell, De'Aaron Fox, Harrison Barnes, Tristan Thompson",12,"2",54,33,56,37,1029,1117,2,4,-2,88
"22100132","CHA","Gordon Hayward, LaMelo Ball, Mason Plumlee, Miles Bridges, Terry Rozier",13,"2",47,68,53,74,1306,1440,6,6,0,134
"22100132","CHA","Gordon Hayward, LaMelo Ball, Mason Plumlee, Miles Bridges, Terry Rozier",13,"3",53,74,64,83,1440,1577,11,9,2,137
"22100132","SAC","Buddy Hield, Davion Mitchell, De'Aaron Fox, Harrison Barnes, Richaun Holmes",13,"2",56,37,56,37,1117,1117,0,0,0,0
"22100132","CHA","Gordon Hayward, LaMelo Ball, Miles Bridges, Nick Richards, Terry Rozier",14,"3",64,83,68,93,1577,1752,4,10,-6,175
"22100132","SAC","Buddy Hield, Davion Mitchell, Harrison Barnes, Richaun Holmes, Tyrese Haliburton",14,"2",56,37,56,39,1117,1125,0,2,-2,8
"22100132","CHA","Gordon Hayward, Jalen McDaniels, LaMelo Ball, Nick Richards, Terry Rozier",15,"3",68,93,79,97,1752,1886,11,4,7,134
"22100132","SAC","Buddy Hield, Harrison Barnes, Richaun Holmes, Terence Davis, Tyrese Haliburton",15,"2",56,39,68,53,1125,1352,12,14,-2,227
"22100132","CHA","Gordon Hayward, Jalen McDaniels, Kelly Oubre Jr., LaMelo Ball, Nick Richards",16,"3",79,97,79,97,1886,1886,0,0,0,0
"22100132","SAC","Harrison Barnes, Maurice Harkless, Richaun Holmes, Terence Davis, Tyrese Haliburton",16,"2",68,53,74,53,1352,1440,6,0,6,88
"22100132","CHA","Gordon Hayward, Jalen McDaniels, Kelly Oubre Jr., LaMelo Ball, Miles Bridges",17,"3",79,97,83,98,1886,1961,4,1,3,75
"22100132","SAC","De'Aaron Fox, Harrison Barnes, Maurice Harkless, Richaun Holmes, Tyrese Haliburton",17,"3",74,53,93,68,1440,1752,19,15,4,312
"22100132","CHA","Gordon Hayward, Jalen McDaniels, Kelly Oubre Jr., Miles Bridges, Terry Rozier",18,"3",83,98,89,106,1961,2160,6,8,-2,199
"22100132","SAC","Buddy Hield, De'Aaron Fox, Harrison Barnes, Richaun Holmes, Tyrese Haliburton",18,"3",93,68,97,76,1752,1862,4,8,-4,110
"22100132","CHA","Cody Martin, Ish Smith, Jalen McDaniels, Mason Plumlee, Miles Bridges",19,"4",89,106,96,114,2160,2421,7,8,-1,261
"22100132","SAC","Buddy Hield, De'Aaron Fox, Harrison Barnes, Richaun Holmes, Tristan Thompson",19,"3",97,76,97,76,1862,1862,0,0,0,0
"22100132","CHA","Cody Martin, Gordon Hayward, Ish Smith, Mason Plumlee, Miles Bridges",20,"4",96,114,96,114,2421,2421,0,0,0,0
"22100132","SAC","Buddy Hield, Davion Mitchell, De'Aaron Fox, Harrison Barnes, Tristan Thompson",20,"3",97,76,104,87,1862,2045,7,11,-4,183
"22100132","CHA","Cody Martin, Gordon Hayward, Mason Plumlee, Miles Bridges, Terry Rozier",21,"4",96,114,96,114,2421,2421,0,0,0,0
"22100132","SAC","Buddy Hield, Davion Mitchell, Harrison Barnes, Tristan Thompson, Tyrese Haliburton",21,"3",104,87,106,89,2045,2131,2,2,0,86
"22100132","CHA","Gordon Hayward, LaMelo Ball, Mason Plumlee, Miles Bridges, Terry Rozier",22,"4",96,114,102,124,2421,2543,6,10,-4,122
"22100132","SAC","Buddy Hield, Davion Mitchell, Harrison Barnes, Richaun Holmes, Tyrese Haliburton",22,"3",106,89,106,89,2131,2160,0,0,0,29
"22100132","CHA","Cody Martin, Gordon Hayward, LaMelo Ball, Miles Bridges, Terry Rozier",23,"4",102,124,104,129,2543,2669,2,5,-3,126
"22100132","SAC","Davion Mitchell, Maurice Harkless, Richaun Holmes, Terence Davis, Tyrese Haliburton",23,"4",106,89,108,95,2160,2368,2,6,-4,208
"22100132","CHA","Cody Martin, Gordon Hayward, Jalen McDaniels, LaMelo Ball, Terry Rozier",24,"4",104,129,104,129,2669,2669,0,0,0,0
"22100132","SAC","Davion Mitchell, Maurice Harkless, Terence Davis, Tristan Thompson, Tyrese Haliburton",24,"4",108,95,108,95,2368,2368,0,0,0,0
"22100132","CHA","Cody Martin, Jalen McDaniels, James Bouknight, LaMelo Ball, Terry Rozier",25,"4",104,129,106,131,2669,2696,2,2,0,27
"22100132","SAC","Davion Mitchell, De'Aaron Fox, Maurice Harkless, Tristan Thompson, Tyrese Haliburton",25,"4",108,95,108,95,2368,2368,0,0,0,0
"22100132","CHA","Cody Martin, Jalen McDaniels, James Bouknight, LaMelo Ball, Nick Richards",26,"4",106,131,108,137,2696,2764,2,6,-4,68
"22100132","SAC","Davion Mitchell, De'Aaron Fox, Harrison Barnes, Tristan Thompson, Tyrese Haliburton",26,"4",108,95,108,95,2368,2382,0,0,0,14
"22100132","CHA","Cody Martin, Jalen McDaniels, James Bouknight, Kai Jones, Nick Richards",27,"4",108,137,110,140,2764,2880,2,3,-1,116
"22100132","SAC","Buddy Hield, Davion Mitchell, De'Aaron Fox, Harrison Barnes, Tristan Thompson",27,"4",108,95,114,96,2382,2421,6,1,5,39
"22100132","SAC","Buddy Hield, Davion Mitchell, De'Aaron Fox, Harrison Barnes, Richaun Holmes",28,"4",114,96,131,108,2421,2725,17,12,5,304
"22100132","SAC","Buddy Hield, Chimezie Metu, Davion Mitchell, De'Aaron Fox, Richaun Holmes",29,"4",131,108,137,108,2725,2764,6,0,6,39
"22100132","SAC","Buddy Hield, Chimezie Metu, Davion Mitchell, Richaun Holmes, Terence Davis",30,"4",137,108,137,108,2764,2764,0,0,0,0
"22100132","SAC","Buddy Hield, Chimezie Metu, Damian Jones, Davion Mitchell, Terence Davis",31,"4",137,108,140,110,2764,2880,3,2,1,116
"22100133","DEN","Aaron Gordon, Michael Porter Jr., Monte Morris, Nikola Jokic, Will Barton",0,"1",0,0,16,8,0,430,16,8,8,430
"22100133","HOU","Christian Wood, Daniel Theis, Jae'Sean Tate, Jalen Green, Kevin Porter Jr.",0,"1",0,0,8,16,0,430,8,16,-8,430
"22100133","DEN","Aaron Gordon, Monte Morris, Nikola Jokic, P.J. Dozier, Will Barton",1,"1",16,8,20,17,430,550,4,9,-5,120
"22100133","HOU","Christian Wood, Daniel Theis, Jae'Sean Tate, Kenyon Martin Jr., Kevin Porter Jr.",1,"1",8,16,8,16,430,430,0,0,0,0
"22100133","DEN","Aaron Gordon, JaMychal Green, Nikola Jokic, P.J. Dozier, Will Barton",2,"1",20,17,20,17,550,550,0,0,0,0
"22100133","HOU","Christian Wood, Daniel Theis, Eric Gordon, Kenyon Martin Jr., Kevin Porter Jr.",2,"1",8,16,17,20,430,550,9,4,5,120
"22100133","DEN","Aaron Gordon, Bones Hyland, JaMychal Green, P.J. Dozier, Will Barton",3,"1",20,17,20,17,550,550,0,0,0,0
"22100133","HOU","Christian Wood, D.J. Augustin, Daniel Theis, Eric Gordon, Kenyon Martin Jr.",3,"1",17,20,17,20,550,550,0,0,0,0
"22100133","DEN","Bones Hyland, JaMychal Green, Jeff Green, P.J. Dozier, Will Barton",4,"1",20,17,22,17,550,571,2,0,2,21
"22100133","HOU","Alperen Sengun, Christian Wood, D.J. Augustin, Eric Gordon, Kenyon Martin Jr.",4,"1",17,20,23,24,550,640,6,4,2,90
"22100133","DEN","Bones Hyland, Facundo Campazzo, JaMychal Green, Jeff Green, P.J. Dozier",5,"1",22,17,26,27,571,720,4,10,-6,149
"22100133","DEN","Bones Hyland, Facundo Campazzo, JaMychal Green, Jeff Green, P.J. Dozier",5,"2",26,27,28,32,720,850,2,5,-3,130
"22100133","HOU","Alperen Sengun, Armoni Brooks, D.J. Augustin, Eric Gordon, Kenyon Martin Jr.",5,"1",23,24,27,26,640,720,4,2,2,80
"22100133","HOU","Alperen Sengun, Armoni Brooks, D.J. Augustin, Eric Gordon, Kenyon Martin Jr.",5,"2",27,26,32,28,720,850,5,2,3,130
"22100133","DEN","Facundo Campazzo, JaMychal Green, Jeff Green, P.J. Dozier, Will Barton",6,"2",28,32,28,32,850,850,0,0,0,0
"22100133","HOU","Alperen Sengun, Armoni Brooks, David Nwaba, Eric Gordon, Kenyon Martin Jr.",6,"2",32,28,32,28,850,850,0,0,0,0
"22100133","DEN","Facundo Campazzo, JaMychal Green, Jeff Green, Monte Morris, Will Barton",7,"2",28,32,31,34,850,940,3,2,1,90
"22100133","HOU","Alperen Sengun, David Nwaba, Eric Gordon, Jalen Green, Kenyon Martin Jr.",7,"2",32,28,34,30,850,909,2,2,0,59
"22100133","DEN","Facundo Campazzo, Jeff Green, Monte Morris, Nikola Jokic, Will Barton",8,"2",31,34,33,34,940,997,2,0,2,57
"22100133","HOU","Daniel Theis, David Nwaba, Eric Gordon, Jalen Green, Kenyon Martin Jr.",8,"2",34,30,34,31,909,940,0,1,-1,31
"22100133","DEN","Aaron Gordon, Facundo Campazzo, Monte Morris, Nikola Jokic, Will Barton",9,"2",33,34,33,41,997,1145,0,7,-7,148
"22100133","HOU","Daniel Theis, David Nwaba, Jalen Green, Kenyon Martin Jr., Kevin Porter Jr.",9,"2",34,31,34,33,940,997,0,2,-2,57
"22100133","DEN","Aaron Gordon, Monte Morris, Nikola Jokic, P.J. Dozier, Will Barton",10,"2",33,41,46,47,1145,1440,13,6,7,295
"22100133","DEN","Aaron Gordon, Monte Morris, Nikola Jokic, P.J. Dozier, Will Barton",10,"3",46,47,59,57,1440,1835,13,10,3,395
"22100133","HOU","Daniel Theis, Jae'Sean Tate, Jalen Green, Kenyon Martin Jr., Kevin Porter Jr.",10,"2",34,33,34,33,997,997,0,0,0,0
"22100133","DEN","Aaron Gordon, Bones Hyland, Monte Morris, Nikola Jokic, Will Barton",11,"3",59,57,59,57,1835,1835,0,0,0,0
"22100133","HOU","Christian Wood, Daniel Theis, Jae'Sean Tate, Jalen Green, Kevin Porter Jr.",11,"2",34,33,43,36,997,1206,9,3,6,209
"22100133","DEN","Bones Hyland, Jeff Green, Monte Morris, Nikola Jokic, Will Barton",12,"3",59,57,64,57,1835,1915,5,0,5,80
"22100133","HOU","Christian Wood, Daniel Theis, Eric Gordon, Jalen Green, Kevin Porter Jr.",12,"2",43,36,45,42,1206,1321,2,6,-4,115
"22100133","DEN","Bones Hyland, Facundo Campazzo, Jeff Green, Nikola Jokic, Will Barton",13,"3",64,57,67,65,1915,2050,3,8,-5,135
"22100133","HOU","Alperen Sengun, Christian Wood, Eric Gordon, Jalen Green, Kevin Porter Jr.",13,"2",45,42,47,46,1321,1423,2,4,-2,102
"22100133","DEN","Austin Rivers, Bones Hyland, Facundo Campazzo, Jeff Green, Nikola Jokic",14,"3",67,65,69,69,2050,2133,2,4,-2,83
"22100133","HOU","Alperen Sengun, Christian Wood, Eric Gordon, Jae'Sean Tate, Kevin Porter Jr.",14,"2",47,46,47,46,1423,1440,0,0,0,17
"22100133","DEN","Austin Rivers, Bones Hyland, Facundo Campazzo, JaMychal Green, Jeff Green",15,"3",69,69,72,71,2133,2160,3,2,1,27
"22100133","DEN","Austin Rivers, Bones Hyland, Facundo Campazzo, JaMychal Green, Jeff Green",15,"4",72,71,83,83,2160,2440,11,12,-1,280
"22100133","HOU","Christian Wood, Daniel Theis, Jae'Sean Tate, Jalen Green, Kevin Porter Jr.",15,"3",47,46,57,59,1440,1819,10,13,-3,379
"22100133","DEN","Austin Rivers, Bones Hyland, Facundo Campazzo, Jeff Green, Monte Morris",16,"4",83,83,83,83,2440,2440,0,0,0,0
"22100133","HOU","Christian Wood, Daniel Theis, Eric Gordon, Jalen Green, Kevin Porter Jr.",16,"3",57,59,57,59,1819,1819,0,0,0,0
"22100133","DEN","Austin Rivers, Facundo Campazzo, Jeff Green, Monte Morris, Nikola Jokic",17,"4",83,83,83,83,2440,2440,0,0,0,0
"22100133","HOU","Alperen Sengun, Christian Wood, Eric Gordon, Jalen Green, Kevin Porter Jr.",17,"3",57,59,57,59,1819,1819,0,0,0,0
"22100133","DEN","Austin Rivers, Jeff Green, Monte Morris, Nikola Jokic, Will Barton",18,"4",83,83,88,87,2440,2606,5,4,1,166
"22100133","HOU","Alperen Sengun, Christian Wood, Eric Gordon, Kenyon Martin Jr., Kevin Porter Jr.",18,"3",57,59,65,67,1819,2050,8,8,0,231
"22100133","DEN","Aaron Gordon, Jeff Green, Monte Morris, Nikola Jokic, Will Barton",19,"4",88,87,88,87,2606,2606,0,0,0,0
"22100133","HOU","Alperen Sengun, Christian Wood, D.J. Augustin, Eric Gordon, Kenyon Martin Jr.",19,"3",65,67,65,67,2050,2050,0,0,0,0
"22100133","DEN","Aaron Gordon, Monte Morris, Nikola Jokic, P.J. Dozier, Will Barton",20,"4",88,87,95,94,2606,2880,7,7,0,274
"22100133","HOU","Christian Wood, D.J. Augustin, Daniel Theis, Eric Gordon, Kenyon Martin Jr.",20,"3",65,67,65,67,2050,2050,0,0,0,0
"22100133","HOU","D.J. Augustin, Daniel Theis, Eric Gordon, Jae'Sean Tate, Kenyon Martin Jr.",21,"3",65,67,69,69,2050,2133,4,2,2,83
"22100133","HOU","Daniel Theis, David Nwaba, Eric Gordon, Jae'Sean Tate, Kenyon Martin Jr.",22,"3",69,69,71,72,2133,2160,2,3,-1,27
"22100133","HOU","D.J. Augustin, David Nwaba, Eric Gordon, Jae'Sean Tate, Kenyon Martin Jr.",23,"4",71,72,73,74,2160,2238,2,2,0,78
"22100133","HOU","D.J. Augustin, Eric Gordon, Jae'Sean Tate, Jalen Green, Kenyon Martin Jr.",24,"4",73,74,76,79,2238,2316,3,5,-2,78
"22100133","HOU","Alperen Sengun, Eric Gordon, Jae'Sean Tate, Jalen Green, Kenyon Martin Jr.",25,"4",76,79,76,83,2316,2367,0,4,-4,51
"22100133","HOU","Alperen Sengun, Christian Wood, Eric Gordon, Jae'Sean Tate, Jalen Green",26,"4",76,83,83,83,2367,2440,7,0,7,73
"22100133","HOU","Christian Wood, Daniel Theis, Eric Gordon, Jae'Sean Tate, Jalen Green",27,"4",83,83,87,88,2440,2606,4,5,-1,166
"22100133","HOU","Christian Wood, Daniel Theis, Jae'Sean Tate, Jalen Green, Kevin Porter Jr.",28,"4",87,88,91,89,2606,2691,4,1,3,85
"22100133","HOU","Christian Wood, Daniel Theis, Eric Gordon, Jae'Sean Tate, Kevin Porter Jr.",29,"4",91,89,94,95,2691,2880,3,6,-3,189
"22100134","MIA","Bam Adebayo, Duncan Robinson, Jimmy Butler, Kyle Lowry, P.J. Tucker",0,"1",0,0,12,9,0,332,12,9,3,332
"22100134","UTA","Bojan Bogdanovic, Donovan Mitchell, Mike Conley, Royce O'Neale, Rudy Gobert",0,"1",0,0,9,12,0,305,9,12,-3,305
"22100134","MIA","Bam Adebayo, Duncan Robinson, Jimmy Butler, P.J. Tucker, Tyler Herro",1,"1",12,9,19,15,332,460,7,6,1,128
"22100134","UTA","Bojan Bogdanovic, Donovan Mitchell, Hassan Whiteside, Royce O'Neale, Rudy Gobert",1,"1",9,12,9,12,305,305,0,0,0,0
"22100134","MIA","Dewayne Dedmon, Duncan Robinson, Jimmy Butler, P.J. Tucker, Tyler Herro",2,"1",19,15,21,22,460,556,2,7,-5,96
"22100134","UTA","Bojan Bogdanovic, Donovan Mitchell, Hassan Whiteside, Joe Ingles, Royce O'Neale",2,"1",9,12,22,21,305,556,13,9,4,251
"22100134","MIA","Dewayne Dedmon, Duncan Robinson, Jimmy Butler, Markieff Morris, Tyler Herro",3,"1",21,22,21,22,556,556,0,0,0,0
"22100134","UTA","Bojan Bogdanovic, Donovan Mitchell, Joe Ingles, Jordan Clarkson, Royce O'Neale",3,"1",22,21,22,21,556,556,0,0,0,0
"22100134","MIA","Dewayne Dedmon, Jimmy Butler, Kyle Lowry, Markieff Morris, Tyler Herro",4,"1",21,22,23,22,556,620,2,0,2,64
"22100134","UTA","Bojan Bogdanovic, Donovan Mitchell, Eric Paschall, Joe Ingles, Jordan Clarkson",4,"1",22,21,22,21,556,556,0,0,0,0
"22100134","MIA","Caleb Martin, Dewayne Dedmon, Kyle Lowry, Markieff Morris, Tyler Herro",5,"1",23,22,27,24,620,720,4,2,2,100
"22100134","MIA","Caleb Martin, Dewayne Dedmon, Kyle Lowry, Markieff Morris, Tyler Herro",5,"2",27,24,29,29,720,803,2,5,-3,83
"22100134","UTA","Donovan Mitchell, Eric Paschall, Joe Ingles, Jordan Clarkson, Mike Conley",5,"1",22,21,22,21,556,556,0,0,0,0
"22100134","MIA","Bam Adebayo, Caleb Martin, Kyle Lowry, Markieff Morris, Tyler Herro",6,"2",29,29,43,34,803,1029,14,5,9,226
"22100134","UTA","Eric Paschall, Joe Ingles, Jordan Clarkson, Mike Conley, Rudy Gobert",6,"1",22,21,24,27,556,720,2,6,-4,164
"22100134","UTA","Eric Paschall, Joe Ingles, Jordan Clarkson, Mike Conley, Rudy Gobert",6,"2",24,27,32,39,720,943,8,12,-4,223
"22100134","MIA","Bam Adebayo, Jimmy Butler, Kyle Lowry, Markieff Morris, Tyler Herro",7,"2",43,34,43,34,1029,1066,0,0,0,37
"22100134","UTA","Bojan Bogdanovic, Joe Ingles, Jordan Clarkson, Mike Conley, Rudy Gobert",7,"2",32,39,32,39,943,943,0,0,0,0
"22100134","MIA","Bam Adebayo, Caleb Martin, Jimmy Butler, Markieff Morris, Tyler Herro",8,"2",43,34,45,34,1066,1108,2,0,2,42
"22100134","UTA","Bojan Bogdanovic, Hassan Whiteside, Joe Ingles, Jordan Clarkson, Mike Conley",8,"2",32,39,32,39,943,943,0,0,0,0
"22100134","MIA","Bam Adebayo, Caleb Martin, Duncan Robinson, Jimmy Butler, Tyler Herro",9,"2",45,34,45,34,1108,1108,0,0,0,0
"22100134","UTA","Bojan Bogdanovic, Donovan Mitchell, Hassan Whiteside, Joe Ingles, Jordan Clarkson",9,"2",32,39,34,43,943,1029,2,4,-2,86
"22100134","MIA","Bam Adebayo, Duncan Robinson, Jimmy Butler, P.J. Tucker, Tyler Herro",10,"2",45,34,47,40,1108,1197,2,6,-4,89
"22100134","UTA","Bojan Bogdanovic, Donovan Mitchell, Hassan Whiteside, Jordan Clarkson, Royce O'Neale",10,"2",34,43,34,43,1029,1066,0,0,0,37
"22100134","MIA","Dewayne Dedmon, Duncan Robinson, Jimmy Butler, P.J. Tucker, Tyler Herro",11,"2",47,40,51,42,1197,1265,4,2,2,68
"22100134","UTA","Bojan Bogdanovic, Donovan Mitchell, Hassan Whiteside, Joe Ingles, Royce O'Neale",11,"2",34,43,36,47,1066,1155,2,4,-2,89
"22100134","MIA","Dewayne Dedmon, Duncan Robinson, Jimmy Butler, Kyle Lowry, P.J. Tucker",12,"2",51,42,51,47,1265,1319,0,5,-5,54
"22100134","UTA","Bojan Bogdanovic, Donovan Mitchell, Joe Ingles, Royce O'Neale, Rudy Gobert",12,"2",36,47,40,47,1155,1197,4,0,4,42
"22100134","MIA","Bam Adebayo, Duncan Robinson, Jimmy Butler, Kyle Lowry, P.J. Tucker",13,"2",51,47,55,49,1319,1380,4,2,2,61
"22100134","UTA","Bojan Bogdanovic, Donovan Mitchell, Mike Conley, Royce O'Neale, Rudy Gobert",13,"2",40,47,52,55,1197,1440,12,8,4,243
"22100134","UTA","Bojan Bogdanovic, Donovan Mitchell, Mike Conley, Royce O'Neale, Rudy Gobert",13,"3",52,55,59,66,1440,1722,7,11,-4,282
"22100134","MIA","Bam Adebayo, Jimmy Butler, Kyle Lowry, P.J. Tucker, Tyler Herro",14,"2",55,49,55,52,1380,1437,0,3,-3,57
"22100134","UTA","Bojan Bogdanovic, Donovan Mitchell, Joe Ingles, Royce O'Neale, Rudy Gobert",14,"3",59,66,59,66,1722,1722,0,0,0,0
"22100134","MIA","Bam Adebayo, Caleb Martin, Jimmy Butler, Kyle Lowry, P.J. Tucker",15,"2",55,52,55,52,1437,1440,0,0,0,3
"22100134","UTA","Bojan Bogdanovic, Donovan Mitchell, Hassan Whiteside, Joe Ingles, Royce O'Neale",15,"3",59,66,72,74,1722,1968,13,8,5,246
"22100134","MIA","Bam Adebayo, Duncan Robinson, Jimmy Butler, Kyle Lowry, P.J. Tucker",16,"3",55,52,70,63,1440,1797,15,11,4,357
"22100134","UTA","Donovan Mitchell, Hassan Whiteside, Joe Ingles, Jordan Clarkson, Royce O'Neale",16,"3",72,74,74,77,1968,2005,2,3,-1,37
"22100134","MIA","Bam Adebayo, Duncan Robinson, Jimmy Butler, P.J. Tucker, Tyler Herro",17,"3",70,63,72,69,1797,1888,2,6,-4,91
"22100134","UTA","Donovan Mitchell, Joe Ingles, Jordan Clarkson, Royce O'Neale, Rudy Gobert",17,"3",74,77,74,77,2005,2005,0,0,0,0
"22100134","MIA","Dewayne Dedmon, Duncan Robinson, Jimmy Butler, P.J. Tucker, Tyler Herro",18,"3",72,69,74,72,1888,1968,2,3,-1,80
"22100134","UTA","Donovan Mitchell, Eric Paschall, Joe Ingles, Jordan Clarkson, Rudy Gobert",18,"3",74,77,74,79,2005,2066,0,2,-2,61
"22100134","MIA","Caleb Martin, Dewayne Dedmon, Jimmy Butler, P.J. Tucker, Tyler Herro",19,"3",74,72,77,74,1968,2005,3,2,1,37
"22100134","UTA","Eric Paschall, Joe Ingles, Jordan Clarkson, Mike Conley, Rudy Gobert",19,"3",74,79,78,87,2066,2160,4,8,-4,94
"22100134","UTA","Eric Paschall, Joe Ingles, Jordan Clarkson, Mike Conley, Rudy Gobert",19,"4",78,87,86,98,2160,2356,8,11,-3,196
"22100134","MIA","Caleb Martin, Dewayne Dedmon, Jimmy Butler, Markieff Morris, Tyler Herro",20,"3",77,74,79,74,2005,2066,2,0,2,61
"22100134","UTA","Donovan Mitchell, Joe Ingles, Jordan Clarkson, Mike Conley, Rudy Gobert",20,"4",86,98,91,104,2356,2434,5,6,-1,78
"22100134","MIA","Dewayne Dedmon, Jimmy Butler, Kyle Lowry, Markieff Morris, Tyler Herro",21,"3",79,74,87,78,2066,2160,8,4,4,94
"22100134","UTA","Bojan Bogdanovic, Donovan Mitchell, Joe Ingles, Jordan Clarkson, Rudy Gobert",21,"4",91,104,91,104,2434,2450,0,0,0,16
"22100134","MIA","Bam Adebayo, Caleb Martin, Kyle Lowry, Markieff Morris, Tyler Herro",22,"4",87,78,107,91,2160,2473,20,13,7,313
"22100134","UTA","Bojan Bogdanovic, Donovan Mitchell, Jordan Clarkson, Royce O'Neale, Rudy Gobert",22,"4",91,104,91,107,2450,2473,0,3,-3,23
"22100134","MIA","Bam Adebayo, Jimmy Butler, Kyle Lowry, Markieff Morris, Tyler Herro",23,"4",107,91,112,101,2473,2640,5,10,-5,167
"22100134","UTA","Bojan Bogdanovic, Donovan Mitchell, Hassan Whiteside, Jordan Clarkson, Royce O'Neale",23,"4",91,107,91,110,2473,2525,0,3,-3,52
"22100134","MIA","Bam Adebayo, Caleb Martin, Jimmy Butler, Kyle Lowry, Tyler Herro",24,"4",112,101,115,113,2640,2862,3,12,-9,222
"22100134","UTA","Bojan Bogdanovic, Donovan Mitchell, Hassan Whiteside, Mike Conley, Royce O'Neale",24,"4",91,110,113,116,2525,2863,22,6,16,338
"22100134","MIA","Bam Adebayo, Duncan Robinson, Jimmy Butler, Kyle Lowry, Tyler Herro",25,"4",115,113,116,113,2862,2863,1,0,1,1
"22100134","UTA","Bojan Bogdanovic, Donovan Mitchell, Hassan Whiteside, Royce O'Neale, Rudy Gobert",25,"4",113,116,113,116,2863,2863,0,0,0,0
"22100134","MIA","Bam Adebayo, Caleb Martin, Jimmy Butler, Kyle Lowry, Tyler Herro",26,"4",116,113,118,115,2863,2870,2,2,0,7
"22100134","UTA","Bojan Bogdanovic, Donovan Mitchell, Mike Conley, Royce O'Neale, Rudy Gobert",26,"4",113,116,113,116,2863,2863,0,0,0,0
"22100134","MIA","Bam Adebayo, Caleb Martin, Jimmy Butler, Kyle Lowry, P.J. Tucker",27,"4",118,115,118,115,2870,2880,0,0,0,10
"22100134","UTA","Bojan Bogdanovic, Donovan Mitchell, Joe Ingles, Mike Conley, Rudy Gobert",27,"4",113,116,115,118,2863,2870,2,2,0,7
"22100134","UTA","Bojan Bogdanovic, Donovan Mitchell, Joe Ingles, Royce O'Neale, Rudy Gobert",28,"4",115,118,115,118,2870,2870,0,0,0,0
"22100134","UTA","Bojan Bogdanovic, Donovan Mitchell, Hassan Whiteside, Royce O'Neale, Rudy Gobert",29,"4",115,118,115,118,2870,2870,0,0,0,0
"22100134","UTA","Bojan Bogdanovic, Donovan Mitchell, Mike Conley, Royce O'Neale, Rudy Gobert",30,"4",115,118,115,118,2870,2870,0,0,0,0
"22100134","UTA","Bojan Bogdanovic, Donovan Mitchell, Joe Ingles, Mike Conley, Rudy Gobert",31,"4",115,118,115,118,2870,2870,0,0,0,0
"22100134","UTA","Bojan Bogdanovic, Donovan Mitchell, Joe Ingles, Jordan Clarkson, Mike Conley",32,"4",115,118,115,118,2870,2880,0,0,0,10
"22100135","CHI","DeMar DeRozan, Javonte Green, Lonzo Ball, Nikola Vucevic, Zach LaVine",0,"1",0,0,13,8,0,378,13,8,5,378
"22100135","PHI","Joel Embiid, Paul Reed, Seth Curry, Shake Milton, Tyrese Maxey",0,"1",0,0,12,17,0,508,12,17,-5,508
"22100135","CHI","Alex Caruso, DeMar DeRozan, Javonte Green, Nikola Vucevic, Zach LaVine",1,"1",13,8,17,12,378,508,4,4,0,130
"22100135","PHI","Georges Niang, Joel Embiid, Paul Reed, Seth Curry, Shake Milton",1,"1",12,17,12,17,508,508,0,0,0,0
"22100135","CHI","Alex Caruso, Ayo Dosunmu, Javonte Green, Nikola Vucevic, Zach LaVine",2,"1",17,12,17,12,508,508,0,0,0,0
"22100135","PHI","Furkan Korkmaz, Georges Niang, Joel Embiid, Seth Curry, Shake Milton",2,"1",12,17,15,17,508,559,3,0,3,51
"22100135","CHI","Alex Caruso, Ayo Dosunmu, Derrick Jones Jr., Nikola Vucevic, Zach LaVine",3,"1",17,12,19,18,508,655,2,6,-4,147
"22100135","PHI","Furkan Korkmaz, Georges Niang, Joel Embiid, Shake Milton, Tyrese Maxey",3,"1",15,17,18,19,559,655,3,2,1,96
"22100135","CHI","Alex Caruso, Ayo Dosunmu, Derrick Jones Jr., Nikola Vucevic, Tony Bradley",4,"1",19,18,19,18,655,655,0,0,0,0
"22100135","PHI","Andre Drummond, Furkan Korkmaz, Georges Niang, Shake Milton, Tyrese Maxey",4,"1",18,19,18,19,655,672,0,0,0,17
"22100135","CHI","Alex Caruso, Ayo Dosunmu, DeMar DeRozan, Derrick Jones Jr., Tony Bradley",5,"1",19,18,21,22,655,720,2,4,-2,65
"22100135","PHI","Andre Drummond, Furkan Korkmaz, Georges Niang, Paul Reed, Tyrese Maxey",5,"1",18,19,19,21,672,696,1,2,-1,24
"22100135","CHI","Ayo Dosunmu, DeMar DeRozan, Derrick Jones Jr., Lonzo Ball, Tony Bradley",6,"2",21,22,30,30,720,852,9,8,1,132
"22100135","PHI","Andre Drummond, Furkan Korkmaz, Georges Niang, Seth Curry, Tyrese Maxey",6,"1",19,21,22,21,696,720,3,0,3,24
"22100135","CHI","Alex Caruso, Ayo Dosunmu, DeMar DeRozan, Lonzo Ball, Tony Bradley",7,"2",30,30,38,32,852,1010,8,2,6,158
"22100135","PHI","Andre Drummond, Furkan Korkmaz, Georges Niang, Paul Reed, Tyrese Maxey",7,"2",22,21,32,38,720,1010,10,17,-7,290
"22100135","CHI","Alex Caruso, Ayo Dosunmu, Lonzo Ball, Tony Bradley, Zach LaVine",8,"2",38,32,38,36,1010,1073,0,4,-4,63
"22100135","PHI","Furkan Korkmaz, Georges Niang, Joel Embiid, Paul Reed, Tyrese Maxey",8,"2",32,38,32,38,1010,1010,0,0,0,0
"22100135","CHI","Alex Caruso, Javonte Green, Lonzo Ball, Tony Bradley, Zach LaVine",9,"2",38,36,38,36,1073,1073,0,0,0,0
"22100135","PHI","Furkan Korkmaz, Georges Niang, Joel Embiid, Shake Milton, Tyrese Maxey",9,"2",32,38,36,38,1010,1073,4,0,4,63
"22100135","CHI","Alex Caruso, Javonte Green, Lonzo Ball, Nikola Vucevic, Zach LaVine",10,"2",38,36,38,47,1073,1195,0,11,-11,122
"22100135","PHI","Furkan Korkmaz, Joel Embiid, Seth Curry, Shake Milton, Tyrese Maxey",10,"2",36,38,57,47,1073,1440,21,9,12,367
"22100135","CHI","Alex Caruso, DeMar DeRozan, Javonte Green, Nikola Vucevic, Zach LaVine",11,"2",38,47,41,52,1195,1258,3,5,-2,63
"22100135","PHI","Joel Embiid, Paul Reed, Seth Curry, Shake Milton, Tyrese Maxey",11,"3",57,47,69,59,1440,1749,12,12,0,309
"22100135","CHI","Alex Caruso, DeMar DeRozan, Lonzo Ball, Nikola Vucevic, Zach LaVine",12,"2",41,52,47,57,1258,1440,6,5,1,182
"22100135","PHI","Furkan Korkmaz, Joel Embiid, Seth Curry, Shake Milton, Tyrese Maxey",12,"3",69,59,69,63,1749,1789,0,4,-4,40
"22100135","CHI","DeMar DeRozan, Javonte Green, Lonzo Ball, Nikola Vucevic, Zach LaVine",13,"3",47,57,63,72,1440,1840,16,15,1,400
"22100135","PHI","Furkan Korkmaz, Georges Niang, Joel Embiid, Seth Curry, Shake Milton",13,"3",69,63,75,66,1789,1921,6,3,3,132
"22100135","CHI","Alex Caruso, DeMar DeRozan, Lonzo Ball, Nikola Vucevic, Zach LaVine",14,"3",63,72,66,75,1840,1921,3,3,0,81
"22100135","PHI","Andre Drummond, Furkan Korkmaz, Georges Niang, Seth Curry, Shake Milton",14,"3",75,66,75,66,1921,1965,0,0,0,44
"22100135","CHI","Alex Caruso, Derrick Jones Jr., Lonzo Ball, Nikola Vucevic, Zach LaVine",15,"3",66,75,66,75,1921,1965,0,0,0,44
"22100135","PHI","Andre Drummond, Furkan Korkmaz, Georges Niang, Shake Milton, Tyrese Maxey",15,"3",75,66,84,77,1965,2160,9,11,-2,195
"22100135","CHI","Alex Caruso, Ayo Dosunmu, Derrick Jones Jr., Nikola Vucevic, Zach LaVine",16,"3",66,75,73,79,1965,2082,7,4,3,117
"22100135","PHI","Andre Drummond, Furkan Korkmaz, Georges Niang, Paul Reed, Tyrese Maxey",16,"4",84,77,93,87,2160,2324,9,10,-1,164
"22100135","CHI","Alex Caruso, Ayo Dosunmu, Derrick Jones Jr., Nikola Vucevic, Tony Bradley",17,"3",73,79,73,79,2082,2082,0,0,0,0
"22100135","PHI","Andre Drummond, Furkan Korkmaz, Georges Niang, Shake Milton, Tyrese Maxey",17,"4",93,87,96,88,2324,2361,3,1,2,37
"22100135","CHI","Alex Caruso, Ayo Dosunmu, DeMar DeRozan, Derrick Jones Jr., Tony Bradley",18,"3",73,79,77,84,2082,2160,4,5,-1,78
"22100135","PHI","Andre Drummond, Furkan Korkmaz, Seth Curry, Shake Milton, Tyrese Maxey",18,"4",96,88,96,89,2361,2404,0,1,-1,43
"22100135","CHI","Alex Caruso, DeMar DeRozan, Derrick Jones Jr., Lonzo Ball, Tony Bradley",19,"4",77,84,87,93,2160,2324,10,9,1,164
"22100135","PHI","Furkan Korkmaz, Joel Embiid, Seth Curry, Shake Milton, Tyrese Maxey",19,"4",96,89,96,94,2404,2516,0,5,-5,112
"22100135","CHI","DeMar DeRozan, Derrick Jones Jr., Lonzo Ball, Tony Bradley, Zach LaVine",20,"4",87,93,88,96,2324,2361,1,3,-2,37
"22100135","PHI","Georges Niang, Joel Embiid, Seth Curry, Shake Milton, Tyrese Maxey",20,"4",96,94,99,99,2516,2633,3,5,-2,117
"22100135","CHI","Alex Caruso, Derrick Jones Jr., Lonzo Ball, Tony Bradley, Zach LaVine",21,"4",88,96,89,96,2361,2404,1,0,1,43
"22100135","PHI","Furkan Korkmaz, Georges Niang, Joel Embiid, Seth Curry, Tyrese Maxey",21,"4",99,99,114,105,2633,2880,15,6,9,247
"22100135","CHI","Alex Caruso, Derrick Jones Jr., Lonzo Ball, Nikola Vucevic, Zach LaVine",22,"4",89,96,99,99,2404,2633,10,3,7,229
"22100135","CHI","Alex Caruso, DeMar DeRozan, Lonzo Ball, Nikola Vucevic, Zach LaVine",23,"4",99,99,105,114,2633,2880,6,15,-9,247
"22100136","BOS","Al Horford, Dennis Schroder, Jayson Tatum, Marcus Smart, Robert Williams III",0,"1",0,0,5,17,0,330,5,17,-12,330
"22100136","DAL","Dorian Finney-Smith, Dwight Powell, Kristaps Porzingis, Luka Doncic, Tim Hardaway Jr.",0,"1",0,0,17,5,0,330,17,5,12,330
"22100136","BOS","Aaron Nesmith, Dennis Schroder, Jayson Tatum, Marcus Smart, Robert Williams III",1,"1",5,17,5,17,330,370,0,0,0,40
"22100136","DAL","Dorian Finney-Smith, Dwight Powell, Jalen Brunson, Luka Doncic, Tim Hardaway Jr.",1,"1",17,5,17,5,330,330,0,0,0,0
"22100136","BOS","Aaron Nesmith, Dennis Schroder, Grant Williams, Marcus Smart, Robert Williams III",2,"1",5,17,5,17,370,370,0,0,0,0
"22100136","DAL","Dorian Finney-Smith, Dwight Powell, Jalen Brunson, Luka Doncic, Reggie Bullock",2,"1",17,5,20,9,330,457,3,4,-1,127
"22100136","BOS","Aaron Nesmith, Dennis Schroder, Grant Williams, Josh Richardson, Robert Williams III",3,"1",5,17,11,23,370,534,6,6,0,164
"22100136","DAL","Dorian Finney-Smith, Jalen Brunson, Luka Doncic, Reggie Bullock, Willie Cauley-Stein",3,"1",20,9,23,11,457,534,3,2,1,77
"22100136","BOS","Aaron Nesmith, Dennis Schroder, Grant Williams, Josh Richardson, Payton Pritchard",4,"1",11,23,11,23,534,534,0,0,0,0
"22100136","DAL","Jalen Brunson, Luka Doncic, Reggie Bullock, Sterling Brown, Willie Cauley-Stein",4,"1",23,11,23,11,534,534,0,0,0,0
"22100136","BOS","Aaron Nesmith, Al Horford, Grant Williams, Josh Richardson, Payton Pritchard",5,"1",11,23,11,25,534,607,0,2,-2,73
"22100136","DAL","Frank Ntilikina, Jalen Brunson, Reggie Bullock, Sterling Brown, Willie Cauley-Stein",5,"1",23,11,29,15,534,720,6,4,2,186
"22100136","BOS","Aaron Nesmith, Al Horford, Grant Williams, Jayson Tatum, Payton Pritchard",6,"1",11,25,15,25,607,663,4,0,4,56
"22100136","DAL","Frank Ntilikina, Jalen Brunson, Kristaps Porzingis, Sterling Brown, Tim Hardaway Jr.",6,"2",29,15,38,26,720,978,9,11,-2,258
"22100136","BOS","Aaron Nesmith, Al Horford, Jayson Tatum, Josh Richardson, Payton Pritchard",7,"1",15,25,15,29,663,720,0,4,-4,57
"22100136","DAL","Frank Ntilikina, Jalen Brunson, Kristaps Porzingis, Reggie Bullock, Tim Hardaway Jr.",7,"2",38,26,42,32,978,1096,4,6,-2,118
"22100136","BOS","Al Horford, Jayson Tatum, Josh Richardson, Marcus Smart, Payton Pritchard",8,"2",15,29,19,31,720,837,4,2,2,117
"22100136","DAL","Dwight Powell, Frank Ntilikina, Jalen Brunson, Reggie Bullock, Tim Hardaway Jr.",8,"2",42,32,42,32,1096,1096,0,0,0,0
"22100136","BOS","Jayson Tatum, Josh Richardson, Marcus Smart, Payton Pritchard, Robert Williams III",9,"2",19,31,26,36,837,946,7,5,2,109
"22100136","DAL","Dwight Powell, Frank Ntilikina, Luka Doncic, Reggie Bullock, Tim Hardaway Jr.",9,"2",42,32,42,32,1096,1096,0,0,0,0
"22100136","BOS","Aaron Nesmith, Jayson Tatum, Marcus Smart, Payton Pritchard, Robert Williams III",10,"2",26,36,26,36,946,946,0,0,0,0
"22100136","DAL","Dorian Finney-Smith, Dwight Powell, Luka Doncic, Reggie Bullock, Tim Hardaway Jr.",10,"2",42,32,46,34,1096,1202,4,2,2,106
"22100136","BOS","Aaron Nesmith, Dennis Schroder, Jayson Tatum, Marcus Smart, Robert Williams III",11,"2",26,36,34,46,946,1202,8,10,-2,256
"22100136","DAL","Dorian Finney-Smith, Dwight Powell, Jalen Brunson, Luka Doncic, Tim Hardaway Jr.",11,"2",46,34,57,38,1202,1394,11,4,7,192
"22100136","BOS","Aaron Nesmith, Al Horford, Dennis Schroder, Marcus Smart, Robert Williams III",12,"2",34,46,34,46,1202,1202,0,0,0,0
"22100136","DAL","Dorian Finney-Smith, Jalen Brunson, Kristaps Porzingis, Luka Doncic, Tim Hardaway Jr.",12,"2",57,38,57,40,1394,1440,0,2,-2,46
"22100136","BOS","Aaron Nesmith, Al Horford, Dennis Schroder, Josh Richardson, Marcus Smart",13,"2",34,46,40,57,1202,1440,6,11,-5,238
"22100136","DAL","Dorian Finney-Smith, Dwight Powell, Kristaps Porzingis, Luka Doncic, Tim Hardaway Jr.",13,"3",57,40,61,54,1440,1736,4,14,-10,296
"22100136","BOS","Al Horford, Dennis Schroder, Jayson Tatum, Marcus Smart, Robert Williams III",14,"3",40,57,57,61,1440,1796,17,4,13,356
"22100136","DAL","Dorian Finney-Smith, Dwight Powell, Jalen Brunson, Luka Doncic, Tim Hardaway Jr.",14,"3",61,54,61,54,1736,1736,0,0,0,0
"22100136","BOS","Aaron Nesmith, Dennis Schroder, Jayson Tatum, Marcus Smart, Robert Williams III",15,"3",57,61,59,61,1796,1803,2,0,2,7
"22100136","DAL","Dorian Finney-Smith, Dwight Powell, Jalen Brunson, Luka Doncic, Reggie Bullock",15,"3",61,54,61,57,1736,1796,0,3,-3,60
"22100136","BOS","Aaron Nesmith, Jayson Tatum, Josh Richardson, Marcus Smart, Robert Williams III",16,"3",59,61,63,70,1803,1945,4,9,-5,142
"22100136","DAL","Dorian Finney-Smith, Jalen Brunson, Luka Doncic, Reggie Bullock, Willie Cauley-Stein",16,"3",61,57,75,67,1796,2043,14,10,4,247
"22100136","BOS","Aaron Nesmith, Dennis Schroder, Josh Richardson, Marcus Smart, Robert Williams III",17,"3",63,70,65,70,1945,1956,2,0,2,11
"22100136","DAL","Dorian Finney-Smith, Jalen Brunson, Kristaps Porzingis, Luka Doncic, Reggie Bullock",17,"3",75,67,77,67,2043,2078,2,0,2,35
"22100136","BOS","Aaron Nesmith, Al Horford, Dennis Schroder, Josh Richardson, Marcus Smart",18,"3",65,70,67,75,1956,2043,2,5,-3,87
"22100136","DAL","Dorian Finney-Smith, Jalen Brunson, Kristaps Porzingis, Luka Doncic, Tim Hardaway Jr.",18,"3",77,67,77,67,2078,2078,0,0,0,0
"22100136","BOS","Aaron Nesmith, Al Horford, Dennis Schroder, Jayson Tatum, Josh Richardson",19,"3",67,75,72,79,2043,2160,5,4,1,117
"22100136","DAL","Dorian Finney-Smith, Frank Ntilikina, Jalen Brunson, Kristaps Porzingis, Tim Hardaway Jr.",19,"3",77,67,79,72,2078,2160,2,5,-3,82
"22100136","BOS","Al Horford, Dennis Schroder, Jayson Tatum, Josh Richardson, Payton Pritchard",20,"4",72,79,81,86,2160,2292,9,7,2,132
"22100136","DAL","Frank Ntilikina, Jalen Brunson, Kristaps Porzingis, Reggie Bullock, Tim Hardaway Jr.",20,"4",79,72,86,81,2160,2292,7,9,-2,132
"22100136","BOS","Dennis Schroder, Jayson Tatum, Josh Richardson, Payton Pritchard, Robert Williams III",21,"4",81,86,86,93,2292,2393,5,7,-2,101
"22100136","DAL","Jalen Brunson, Kristaps Porzingis, Luka Doncic, Reggie Bullock, Tim Hardaway Jr.",21,"4",86,81,93,86,2292,2393,7,5,2,101
"22100136","BOS","Dennis Schroder, Jayson Tatum, Josh Richardson, Marcus Smart, Robert Williams III",22,"4",86,93,104,107,2393,2880,18,14,4,487
"22100136","DAL","Dwight Powell, Jalen Brunson, Luka Doncic, Reggie Bullock, Tim Hardaway Jr.",22,"4",93,86,96,90,2393,2474,3,4,-1,81
"22100136","DAL","Dorian Finney-Smith, Dwight Powell, Luka Doncic, Reggie Bullock, Tim Hardaway Jr.",23,"4",96,90,96,92,2474,2546,0,2,-2,72
"22100136","DAL","Dorian Finney-Smith, Dwight Powell, Jalen Brunson, Luka Doncic, Reggie Bullock",24,"4",96,92,96,94,2546,2605,0,2,-2,59
"22100136","DAL","Dwight Powell, Jalen Brunson, Luka Doncic, Reggie Bullock, Tim Hardaway Jr.",25,"4",96,94,96,94,2605,2605,0,0,0,0
"22100136","DAL","Dwight Powell, Jalen Brunson, Kristaps Porzingis, Luka Doncic, Tim Hardaway Jr.",26,"4",96,94,98,97,2605,2639,2,3,-1,34
"22100136","DAL","Dorian Finney-Smith, Jalen Brunson, Kristaps Porzingis, Luka Doncic, Tim Hardaway Jr.",27,"4",98,97,102,101,2639,2716,4,4,0,77
"22100136","DAL","Jalen Brunson, Kristaps Porzingis, Luka Doncic, Reggie Bullock, Tim Hardaway Jr.",28,"4",102,101,107,104,2716,2880,5,3,2,164
"22100137","ATL","Bogdan Bogdanovic, Clint Capela, De'Andre Hunter, John Collins, Trae Young",0,"1",0,0,13,15,0,437,13,15,-2,437
"22100137","PHX","Chris Paul, Devin Booker, Jae Crowder, JaVale McGee, Mikal Bridges",0,"1",0,0,2,3,0,127,2,3,-1,127
"22100137","ATL","Clint Capela, De'Andre Hunter, John Collins, Kevin Huerter, Trae Young",1,"1",13,15,13,15,437,437,0,0,0,0
"22100137","PHX","Chris Paul, Devin Booker, Frank Kaminsky, Jae Crowder, Mikal Bridges",1,"1",2,3,15,13,127,437,13,10,3,310
"22100137","ATL","Danilo Gallinari, De'Andre Hunter, John Collins, Kevin Huerter, Trae Young",2,"1",13,15,15,17,437,510,2,2,0,73
"22100137","PHX","Cameron Payne, Devin Booker, Frank Kaminsky, Jae Crowder, Mikal Bridges",2,"1",15,13,15,13,437,437,0,0,0,0
"22100137","ATL","Cam Reddish, Danilo Gallinari, John Collins, Kevin Huerter, Trae Young",3,"1",15,17,15,17,510,510,0,0,0,0
"22100137","PHX","Cameron Johnson, Cameron Payne, Devin Booker, Frank Kaminsky, Mikal Bridges",3,"1",15,13,17,15,437,510,2,2,0,73
"22100137","ATL","Cam Reddish, Danilo Gallinari, Gorgui Dieng, Kevin Huerter, Trae Young",4,"1",15,17,19,21,510,626,4,4,0,116
"22100137","PHX","Abdel Nader, Cameron Johnson, Cameron Payne, Devin Booker, Mikal Bridges",4,"1",17,15,17,15,510,510,0,0,0,0
"22100137","ATL","Cam Reddish, Danilo Gallinari, Gorgui Dieng, Kevin Huerter, Lou Williams",5,"1",19,21,23,25,626,704,4,4,0,78
"22100137","PHX","Abdel Nader, Cameron Johnson, Cameron Payne, Devin Booker, JaVale McGee",5,"1",17,15,21,19,510,626,4,4,0,116
"22100137","ATL","Cam Reddish, Clint Capela, Danilo Gallinari, Kevin Huerter, Lou Williams",6,"1",23,25,26,25,704,720,3,0,3,16
"22100137","ATL","Cam Reddish, Clint Capela, Danilo Gallinari, Kevin Huerter, Lou Williams",6,"2",26,25,33,35,720,932,7,10,-3,212
"22100137","PHX","Abdel Nader, Cameron Johnson, Cameron Payne, JaVale McGee, Landry Shamet",6,"1",21,19,25,26,626,720,4,7,-3,94
"22100137","ATL","Cam Reddish, Clint Capela, Danilo Gallinari, Kevin Huerter, Trae Young",7,"2",33,35,33,35,932,932,0,0,0,0
"22100137","PHX","Abdel Nader, Cameron Johnson, Chris Paul, JaVale McGee, Landry Shamet",7,"2",25,26,30,31,720,833,5,5,0,113
"22100137","ATL","Cam Reddish, Danilo Gallinari, John Collins, Kevin Huerter, Trae Young",8,"2",33,35,35,35,932,993,2,0,2,61
"22100137","PHX","Abdel Nader, Cameron Johnson, Chris Paul, Frank Kaminsky, Landry Shamet",8,"2",30,31,35,33,833,932,5,2,3,99
"22100137","ATL","Bogdan Bogdanovic, Cam Reddish, Danilo Gallinari, John Collins, Trae Young",9,"2",35,35,41,41,993,1133,6,6,0,140
"22100137","PHX","Cameron Johnson, Chris Paul, Frank Kaminsky, Jae Crowder, Landry Shamet",9,"2",35,33,35,35,932,993,0,2,-2,61
"22100137","ATL","Bogdan Bogdanovic, Cam Reddish, De'Andre Hunter, John Collins, Trae Young",10,"2",41,41,47,48,1133,1226,6,7,-1,93
"22100137","PHX","Cameron Johnson, Chris Paul, Devin Booker, Frank Kaminsky, Jae Crowder",10,"2",35,35,35,35,993,993,0,0,0,0
"22100137","ATL","Bogdan Bogdanovic, Clint Capela, De'Andre Hunter, John Collins, Trae Young",11,"2",47,48,58,59,1226,1436,11,11,0,210
"22100137","PHX","Chris Paul, Devin Booker, Frank Kaminsky, Jae Crowder, Mikal Bridges",11,"2",35,35,48,47,993,1226,13,12,1,233
"22100137","ATL","Bogdan Bogdanovic, Cam Reddish, De'Andre Hunter, John Collins, Trae Young",12,"2",58,59,58,59,1436,1440,0,0,0,4
"22100137","PHX","Chris Paul, Devin Booker, Jae Crowder, JaVale McGee, Mikal Bridges",12,"2",48,47,48,47,1226,1226,0,0,0,0
"22100137","ATL","Bogdan Bogdanovic, Clint Capela, De'Andre Hunter, John Collins, Trae Young",13,"3",58,59,78,80,1440,1884,20,21,-1,444
"22100137","PHX","Cameron Payne, Devin Booker, Jae Crowder, JaVale McGee, Mikal Bridges",13,"2",48,47,52,56,1226,1345,4,9,-5,119
"22100137","ATL","Clint Capela, Danilo Gallinari, De'Andre Hunter, John Collins, Trae Young",14,"3",78,80,78,80,1884,1884,0,0,0,0
"22100137","PHX","Cameron Payne, Devin Booker, Frank Kaminsky, Jae Crowder, Mikal Bridges",14,"2",52,56,52,56,1345,1345,0,0,0,0
"22100137","ATL","Danilo Gallinari, De'Andre Hunter, John Collins, Kevin Huerter, Trae Young",15,"3",78,80,86,84,1884,2015,8,4,4,131
"22100137","PHX","Chris Paul, Devin Booker, Frank Kaminsky, Jae Crowder, Mikal Bridges",15,"2",52,56,54,56,1345,1354,2,0,2,9
"22100137","ATL","Cam Reddish, Danilo Gallinari, John Collins, Kevin Huerter, Trae Young",16,"3",86,84,98,86,2015,2160,12,2,10,145
"22100137","PHX","Cameron Johnson, Chris Paul, Devin Booker, Frank Kaminsky, Mikal Bridges",16,"2",54,56,59,58,1354,1440,5,2,3,86
"22100137","ATL","Cam Reddish, Clint Capela, Danilo Gallinari, Kevin Huerter, Lou Williams",17,"4",98,86,102,95,2160,2380,4,9,-5,220
"22100137","PHX","Chris Paul, Devin Booker, Jae Crowder, JaVale McGee, Mikal Bridges",17,"3",59,58,64,64,1440,1551,5,6,-1,111
"22100137","ATL","Cam Reddish, Clint Capela, Danilo Gallinari, Kevin Huerter, Trae Young",18,"4",102,95,106,97,2380,2454,4,2,2,74
"22100137","PHX","Chris Paul, Devin Booker, Frank Kaminsky, Jae Crowder, Mikal Bridges",18,"3",64,64,80,78,1551,1884,16,14,2,333
"22100137","ATL","Bogdan Bogdanovic, Cam Reddish, Clint Capela, Danilo Gallinari, Trae Young",19,"4",106,97,106,103,2454,2547,0,6,-6,93
"22100137","PHX","Cameron Payne, Chris Paul, Devin Booker, Frank Kaminsky, Jae Crowder",19,"3",80,78,80,78,1884,1884,0,0,0,0
"22100137","ATL","Bogdan Bogdanovic, Cam Reddish, Clint Capela, John Collins, Trae Young",20,"4",106,103,106,103,2547,2547,0,0,0,0
"22100137","PHX","Cameron Johnson, Cameron Payne, Chris Paul, Devin Booker, Frank Kaminsky",20,"3",80,78,80,78,1884,1884,0,0,0,0
"22100137","ATL","Bogdan Bogdanovic, Cam Reddish, De'Andre Hunter, John Collins, Trae Young",21,"4",106,103,117,121,2547,2880,11,18,-7,333
"22100137","PHX","Cameron Johnson, Cameron Payne, Devin Booker, Frank Kaminsky, Mikal Bridges",21,"3",80,78,84,86,1884,1993,4,8,-4,109
"22100137","PHX","Cameron Johnson, Cameron Payne, Devin Booker, Frank Kaminsky, Landry Shamet",22,"3",84,86,84,90,1993,2080,0,4,-4,87
"22100137","PHX","Abdel Nader, Cameron Johnson, Cameron Payne, Frank Kaminsky, Landry Shamet",23,"3",84,90,86,98,2080,2160,2,8,-6,80
"22100137","PHX","Abdel Nader, Cameron Johnson, Cameron Payne, JaVale McGee, Landry Shamet",24,"4",86,98,88,100,2160,2235,2,2,0,75
"22100137","PHX","Abdel Nader, Cameron Johnson, Chris Paul, JaVale McGee, Landry Shamet",25,"4",88,100,91,102,2235,2322,3,2,1,87
"22100137","PHX","Cameron Johnson, Chris Paul, Jae Crowder, JaVale McGee, Landry Shamet",26,"4",91,102,95,102,2322,2380,4,0,4,58
"22100137","PHX","Chris Paul, Jae Crowder, JaVale McGee, Landry Shamet, Mikal Bridges",27,"4",95,102,103,106,2380,2547,8,4,4,167
"22100137","PHX","Chris Paul, Devin Booker, Jae Crowder, JaVale McGee, Landry Shamet",28,"4",103,106,103,109,2547,2559,0,3,-3,12
"22100137","PHX","Chris Paul, Devin Booker, Frank Kaminsky, Jae Crowder, Landry Shamet",29,"4",103,109,111,113,2559,2698,8,4,4,139
"22100137","PHX","Chris Paul, Devin Booker, Frank Kaminsky, Jae Crowder, Mikal Bridges",30,"4",111,113,116,115,2698,2845,5,2,3,147
"22100137","PHX","Cameron Johnson, Chris Paul, Devin Booker, Jae Crowder, Mikal Bridges",31,"4",116,115,121,117,2845,2880,5,2,3,35
"22100138","LAL","Anthony Davis, Avery Bradley, DeAndre Jordan, Kent Bazemore, Russell Westbrook",0,"1",0,0,10,19,0,360,10,19,-9,360
"22100138","POR","CJ McCollum, Damian Lillard, Jusuf Nurkic, Norman Powell, Robert Covington",0,"1",0,0,19,10,0,360,19,10,9,360
"22100138","LAL","Anthony Davis, Avery Bradley, Carmelo Anthony, Kent Bazemore, Russell Westbrook",1,"1",10,19,10,19,360,360,0,0,0,0
"22100138","POR","Anfernee Simons, Damian Lillard, Jusuf Nurkic, Norman Powell, Robert Covington",1,"1",19,10,21,10,360,429,2,0,2,69
"22100138","LAL","Anthony Davis, Avery Bradley, Carmelo Anthony, Kent Bazemore, Rajon Rondo",2,"1",10,19,10,21,360,429,0,2,-2,69
"22100138","POR","Anfernee Simons, Damian Lillard, Jusuf Nurkic, Nassir Little, Robert Covington",2,"1",21,10,25,10,429,472,4,0,4,43
"22100138","LAL","Anthony Davis, Avery Bradley, Carmelo Anthony, Rajon Rondo, Wayne Ellington",3,"1",10,21,10,21,429,429,0,0,0,0
"22100138","POR","Anfernee Simons, Damian Lillard, Larry Nance Jr., Nassir Little, Robert Covington",3,"1",25,10,25,10,472,472,0,0,0,0
"22100138","LAL","Avery Bradley, Carmelo Anthony, Dwight Howard, Rajon Rondo, Wayne Ellington",4,"1",10,21,12,27,429,593,2,6,-4,164
"22100138","POR","Anfernee Simons, Cody Zeller, Damian Lillard, Larry Nance Jr., Nassir Little",4,"1",25,10,27,12,472,593,2,2,0,121
"22100138","LAL","Carmelo Anthony, Dwight Howard, Rajon Rondo, Russell Westbrook, Wayne Ellington",5,"1",12,27,14,36,593,720,2,9,-7,127
"22100138","POR","Anfernee Simons, CJ McCollum, Cody Zeller, Larry Nance Jr., Nassir Little",5,"1",27,12,36,14,593,720,9,2,7,127
"22100138","POR","Anfernee Simons, CJ McCollum, Cody Zeller, Larry Nance Jr., Nassir Little",5,"2",36,14,40,21,720,881,4,7,-3,161
"22100138","LAL","Austin Reaves, Carmelo Anthony, Dwight Howard, Malik Monk, Russell Westbrook",6,"2",14,36,23,40,720,960,9,4,5,240
"22100138","POR","Anfernee Simons, CJ McCollum, Jusuf Nurkic, Larry Nance Jr., Nassir Little",6,"2",40,21,40,23,881,905,0,2,-2,24
"22100138","LAL","Austin Reaves, Dwight Howard, Kent Bazemore, Malik Monk, Russell Westbrook",7,"2",23,40,26,40,960,1004,3,0,3,44
"22100138","POR","CJ McCollum, Jusuf Nurkic, Larry Nance Jr., Nassir Little, Norman Powell",7,"2",40,23,40,23,905,905,0,0,0,0
"22100138","LAL","Austin Reaves, Dwight Howard, Kent Bazemore, Malik Monk, Rajon Rondo",8,"2",26,40,26,40,1004,1035,0,0,0,31
"22100138","POR","CJ McCollum, Damian Lillard, Jusuf Nurkic, Larry Nance Jr., Norman Powell",8,"2",40,23,40,23,905,921,0,0,0,16
"22100138","LAL","Austin Reaves, DeAndre Jordan, Kent Bazemore, Malik Monk, Rajon Rondo",9,"2",26,40,26,40,1035,1035,0,0,0,0
"22100138","POR","CJ McCollum, Damian Lillard, Jusuf Nurkic, Norman Powell, Robert Covington",9,"2",40,23,42,26,921,1080,2,3,-1,159
"22100138","LAL","Austin Reaves, Avery Bradley, DeAndre Jordan, Kent Bazemore, Rajon Rondo",10,"2",26,40,26,44,1035,1121,0,4,-4,86
"22100138","POR","Anfernee Simons, Damian Lillard, Jusuf Nurkic, Norman Powell, Robert Covington",10,"2",42,26,47,35,1080,1266,5,9,-4,186
"22100138","LAL","Avery Bradley, DeAndre Jordan, Kent Bazemore, Rajon Rondo, Russell Westbrook",11,"2",26,44,26,44,1121,1121,0,0,0,0
"22100138","POR","Anfernee Simons, Damian Lillard, Larry Nance Jr., Norman Powell, Robert Covington",11,"2",47,35,47,35,1266,1266,0,0,0,0
"22100138","LAL","Avery Bradley, Carmelo Anthony, DeAndre Jordan, Kent Bazemore, Russell Westbrook",12,"2",26,44,36,51,1121,1440,10,7,3,319
"22100138","LAL","Avery Bradley, Carmelo Anthony, DeAndre Jordan, Kent Bazemore, Russell Westbrook",12,"3",36,51,44,64,1440,1678,8,13,-5,238
"22100138","POR","CJ McCollum, Damian Lillard, Larry Nance Jr., Norman Powell, Robert Covington",12,"2",47,35,51,36,1266,1440,4,1,3,174
"22100138","LAL","Avery Bradley, Carmelo Anthony, DeAndre Jordan, Russell Westbrook, Wayne Ellington",13,"3",44,64,46,74,1678,1808,2,10,-8,130
"22100138","POR","CJ McCollum, Damian Lillard, Jusuf Nurkic, Norman Powell, Robert Covington",13,"3",51,36,77,48,1440,1882,26,12,14,442
"22100138","LAL","Austin Reaves, Carmelo Anthony, DeAndre Jordan, Russell Westbrook, Wayne Ellington",14,"3",46,74,48,77,1808,1882,2,3,-1,74
"22100138","POR","Cody Zeller, Damian Lillard, Jusuf Nurkic, Norman Powell, Robert Covington",14,"3",77,48,77,48,1882,1882,0,0,0,0
"22100138","LAL","Austin Reaves, Carmelo Anthony, DeAndre Jordan, Dwight Howard, Wayne Ellington",15,"3",48,77,48,77,1882,1882,0,0,0,0
"22100138","POR","Anfernee Simons, Cody Zeller, Damian Lillard, Norman Powell, Robert Covington",15,"3",77,48,91,59,1882,2118,14,11,3,236
"22100138","LAL","Austin Reaves, DeAndre Jordan, Dwight Howard, Malik Monk, Wayne Ellington",16,"3",48,77,48,77,1882,1882,0,0,0,0
"22100138","POR","Anfernee Simons, Cody Zeller, Damian Lillard, Nassir Little, Robert Covington",16,"3",91,59,93,62,2118,2160,2,3,-1,42
"22100138","LAL","Austin Reaves, Dwight Howard, Malik Monk, Rajon Rondo, Wayne Ellington",17,"3",48,77,62,93,1882,2160,14,16,-2,278
"22100138","POR","Anfernee Simons, Dennis Smith Jr., Larry Nance Jr., Nassir Little, Robert Covington",17,"4",93,62,100,68,2160,2397,7,6,1,237
"22100138","LAL","Austin Reaves, Carmelo Anthony, Malik Monk, Russell Westbrook, Wayne Ellington",18,"4",62,93,68,100,2160,2397,6,7,-1,237
"22100138","POR","Anfernee Simons, Dennis Smith Jr., Larry Nance Jr., Nassir Little, Tony Snell",18,"4",100,68,100,72,2397,2554,0,4,-4,157
"22100138","LAL","Austin Reaves, Carmelo Anthony, Malik Monk, Sekou Doumbouya, Wayne Ellington",19,"4",68,100,68,100,2397,2397,0,0,0,0
"22100138","POR","CJ Elleby, Dennis Smith Jr., Larry Nance Jr., Nassir Little, Tony Snell",19,"4",100,72,100,72,2554,2554,0,0,0,0
"22100138","LAL","Austin Reaves, Jay Huff, Malik Monk, Sekou Doumbouya, Wayne Ellington",20,"4",68,100,90,105,2397,2880,22,5,17,483
"22100138","POR","Ben McLemore, CJ Elleby, Dennis Smith Jr., Larry Nance Jr., Tony Snell",20,"4",100,72,100,72,2554,2554,0,0,0,0
"22100138","POR","Ben McLemore, CJ Elleby, Dennis Smith Jr., Greg Brown III, Tony Snell",21,"4",100,72,105,90,2554,2880,5,18,-13,326
"22100139","BKN","Blake Griffin, Bruce Brown, James Harden, Joe Harris, Kevin Durant",0,"1",0,0,20,16,0,505,20,16,4,505
"22100139","TOR","Fred VanVleet, Gary Trent Jr., OG Anunoby, Pascal Siakam, Scottie Barnes",0,"1",0,0,12,8,0,301,12,8,4,301
"22100139","BKN","Blake Griffin, Bruce Brown, James Harden, Jevon Carter, Kevin Durant",1,"1",20,16,29,26,505,720,9,10,-1,215
"22100139","TOR","Fred VanVleet, Gary Trent Jr., OG Anunoby, Precious Achiuwa, Scottie Barnes",1,"1",12,8,16,20,301,505,4,12,-8,204
"22100139","BKN","DeAndre' Bembry, Joe Harris, LaMarcus Aldridge, Patty Mills, Paul Millsap",2,"2",29,26,40,39,720,1026,11,13,-2,306
"22100139","TOR","Gary Trent Jr., OG Anunoby, Precious Achiuwa, Scottie Barnes, Svi Mykhailiuk",2,"1",16,20,16,20,505,505,0,0,0,0
"22100139","BKN","Bruce Brown, DeAndre' Bembry, LaMarcus Aldridge, Patty Mills, Paul Millsap",3,"2",40,39,40,39,1026,1026,0,0,0,0
"22100139","TOR","Dalano Banton, OG Anunoby, Precious Achiuwa, Scottie Barnes, Svi Mykhailiuk",3,"1",16,20,26,29,505,720,10,9,1,215
"22100139","BKN","Bruce Brown, DeAndre' Bembry, Kevin Durant, LaMarcus Aldridge, Patty Mills",4,"2",40,39,43,45,1026,1143,3,6,-3,117
"22100139","TOR","Dalano Banton, Fred VanVleet, Pascal Siakam, Precious Achiuwa, Svi Mykhailiuk",4,"2",26,29,34,37,720,931,8,8,0,211
"22100139","BKN","Bruce Brown, James Harden, Kevin Durant, LaMarcus Aldridge, Patty Mills",5,"2",43,45,47,52,1143,1266,4,7,-3,123
"22100139","TOR","Dalano Banton, Fred VanVleet, Gary Trent Jr., Pascal Siakam, Precious Achiuwa",5,"2",34,37,39,40,931,1026,5,3,2,95
"22100139","BKN","Bruce Brown, James Harden, Joe Harris, Kevin Durant, Patty Mills",6,"2",47,52,53,60,1266,1440,6,8,-2,174
"22100139","TOR","Dalano Banton, Fred VanVleet, Gary Trent Jr., OG Anunoby, Precious Achiuwa",6,"2",39,40,39,40,1026,1026,0,0,0,0
"22100139","BKN","Blake Griffin, Bruce Brown, James Harden, Joe Harris, Kevin Durant",7,"3",53,60,71,65,1440,1829,18,5,13,389
"22100139","TOR","Fred VanVleet, Gary Trent Jr., OG Anunoby, Precious Achiuwa, Scottie Barnes",7,"2",39,40,45,43,1026,1143,6,3,3,117
"22100139","BKN","Blake Griffin, DeAndre' Bembry, James Harden, Joe Harris, Kevin Durant",8,"3",71,65,77,73,1829,2017,6,8,-2,188
"22100139","TOR","Chris Boucher, Fred VanVleet, Gary Trent Jr., OG Anunoby, Scottie Barnes",8,"2",45,43,60,53,1143,1440,15,10,5,297
"22100139","BKN","DeAndre' Bembry, James Harden, Joe Harris, Kevin Durant, LaMarcus Aldridge",9,"3",77,73,77,73,2017,2017,0,0,0,0
"22100139","TOR","Fred VanVleet, Gary Trent Jr., OG Anunoby, Pascal Siakam, Scottie Barnes",9,"3",60,53,62,64,1440,1648,2,11,-9,208
"22100139","BKN","DeAndre' Bembry, Joe Harris, Kevin Durant, LaMarcus Aldridge, Patty Mills",10,"3",77,73,80,75,2017,2063,3,2,1,46
"22100139","TOR","Fred VanVleet, Gary Trent Jr., OG Anunoby, Pascal Siakam, Precious Achiuwa",10,"3",62,64,65,71,1648,1829,3,7,-4,181
"22100139","BKN","Bruce Brown, DeAndre' Bembry, Kevin Durant, LaMarcus Aldridge, Patty Mills",11,"3",80,75,88,77,2063,2160,8,2,6,97
"22100139","TOR","Fred VanVleet, Gary Trent Jr., OG Anunoby, Precious Achiuwa, Svi Mykhailiuk",11,"3",65,71,69,77,1829,1945,4,6,-2,116
"22100139","BKN","Bruce Brown, DeAndre' Bembry, James Harden, LaMarcus Aldridge, Patty Mills",12,"4",88,77,99,90,2160,2521,11,13,-2,361
"22100139","TOR","Dalano Banton, Gary Trent Jr., OG Anunoby, Precious Achiuwa, Svi Mykhailiuk",12,"3",69,77,77,88,1945,2160,8,11,-3,215
"22100139","BKN","DeAndre' Bembry, James Harden, Kevin Durant, LaMarcus Aldridge, Patty Mills",13,"4",99,90,99,90,2521,2521,0,0,0,0
"22100139","TOR","Fred VanVleet, Pascal Siakam, Precious Achiuwa, Scottie Barnes, Svi Mykhailiuk",13,"4",77,88,86,99,2160,2441,9,11,-2,281
"22100139","BKN","Blake Griffin, DeAndre' Bembry, James Harden, Kevin Durant, Patty Mills",14,"4",99,90,101,93,2521,2555,2,3,-1,34
"22100139","TOR","Fred VanVleet, OG Anunoby, Pascal Siakam, Scottie Barnes, Svi Mykhailiuk",14,"4",86,99,86,99,2441,2441,0,0,0,0
"22100139","BKN","Blake Griffin, DeAndre' Bembry, James Harden, Joe Harris, Kevin Durant",15,"4",101,93,108,96,2555,2667,7,3,4,112
"22100139","TOR","Fred VanVleet, Gary Trent Jr., OG Anunoby, Pascal Siakam, Svi Mykhailiuk",15,"4",86,99,96,108,2441,2667,10,9,1,226
"22100139","BKN","Blake Griffin, James Harden, Joe Harris, Kevin Durant, Patty Mills",16,"4",108,96,116,103,2667,2880,8,7,1,213
"22100139","TOR","Chris Boucher, Fred VanVleet, Gary Trent Jr., OG Anunoby, Pascal Siakam",16,"4",96,108,96,108,2667,2667,0,0,0,0
"22100139","TOR","Chris Boucher, Fred VanVleet, Gary Trent Jr., OG Anunoby, Scottie Barnes",17,"4",96,108,103,116,2667,2880,7,8,-1,213
"22100140","CLE","Collin Sexton, Darius Garland, Dean Wade, Evan Mobley, Jarrett Allen",0,"1",0,0,15,7,0,331,15,7,8,331
"22100140","NYK","Derrick Rose, Evan Fournier, Julius Randle, Mitchell Robinson, RJ Barrett",0,"1",0,0,17,17,0,470,17,17,0,470
"22100140","CLE","Collin Sexton, Darius Garland, Dean Wade, Jarrett Allen, Ricky Rubio",1,"1",15,7,15,7,331,331,0,0,0,0
"22100140","NYK","Alec Burks, Evan Fournier, Julius Randle, Mitchell Robinson, RJ Barrett",1,"1",17,17,17,17,470,470,0,0,0,0
"22100140","CLE","Cedi Osman, Collin Sexton, Dean Wade, Jarrett Allen, Ricky Rubio",2,"1",15,7,17,17,331,470,2,10,-8,139
"22100140","NYK","Alec Burks, Evan Fournier, Julius Randle, Nerlens Noel, RJ Barrett",2,"1",17,17,28,27,470,655,11,10,1,185
"22100140","CLE","Cedi Osman, Collin Sexton, Dean Wade, Evan Mobley, Ricky Rubio",3,"1",17,17,17,17,470,470,0,0,0,0
"22100140","NYK","Alec Burks, Evan Fournier, Immanuel Quickley, Julius Randle, Nerlens Noel",3,"1",28,27,28,27,655,655,0,0,0,0
"22100140","CLE","Cedi Osman, Collin Sexton, Evan Mobley, Lamar Stevens, Ricky Rubio",4,"1",17,17,17,17,470,470,0,0,0,0
"22100140","NYK","Alec Burks, Evan Fournier, Immanuel Quickley, Nerlens Noel, Obi Toppin",4,"1",28,27,30,29,655,720,2,2,0,65
"22100140","NYK","Alec Burks, Evan Fournier, Immanuel Quickley, Nerlens Noel, Obi Toppin",4,"2",30,29,35,31,720,769,5,2,3,49
"22100140","CLE","Cedi Osman, Darius Garland, Evan Mobley, Lamar Stevens, Ricky Rubio",5,"1",17,17,29,30,470,720,12,13,-1,250
"22100140","NYK","Alec Burks, Immanuel Quickley, Nerlens Noel, Obi Toppin, RJ Barrett",5,"2",35,31,37,36,769,901,2,5,-3,132
"22100140","CLE","Cedi Osman, Dylan Windler, Evan Mobley, Lamar Stevens, Ricky Rubio",6,"2",29,30,36,37,720,901,7,7,0,181
"22100140","NYK","Alec Burks, Derrick Rose, Immanuel Quickley, Nerlens Noel, RJ Barrett",6,"2",37,36,37,36,901,901,0,0,0,0
"22100140","CLE","Cedi Osman, Dylan Windler, Evan Mobley, Jarrett Allen, Lamar Stevens",7,"2",36,37,36,37,901,901,0,0,0,0
"22100140","NYK","Alec Burks, Derrick Rose, Julius Randle, Nerlens Noel, RJ Barrett",7,"2",37,36,46,47,901,1182,9,11,-2,281
"22100140","CLE","Cedi Osman, Darius Garland, Dylan Windler, Jarrett Allen, Lamar Stevens",8,"2",36,37,36,37,901,901,0,0,0,0
"22100140","NYK","Derrick Rose, Evan Fournier, Julius Randle, Nerlens Noel, RJ Barrett",8,"2",46,47,51,51,1182,1283,5,4,1,101
"22100140","CLE","Cedi Osman, Darius Garland, Dean Wade, Dylan Windler, Jarrett Allen",9,"2",36,37,36,37,901,901,0,0,0,0
"22100140","NYK","Derrick Rose, Evan Fournier, Julius Randle, Mitchell Robinson, RJ Barrett",9,"2",51,51,57,56,1283,1440,6,5,1,157
"22100140","NYK","Derrick Rose, Evan Fournier, Julius Randle, Mitchell Robinson, RJ Barrett",9,"3",57,56,66,77,1440,1829,9,21,-12,389
"22100140","CLE","Cedi Osman, Collin Sexton, Darius Garland, Dean Wade, Jarrett Allen",10,"2",36,37,36,37,901,931,0,0,0,30
"22100140","NYK","Derrick Rose, Evan Fournier, Julius Randle, Nerlens Noel, RJ Barrett",10,"3",66,77,66,77,1829,1868,0,0,0,39
"22100140","CLE","Collin Sexton, Darius Garland, Dean Wade, Dylan Windler, Jarrett Allen",11,"2",36,37,47,46,931,1182,11,9,2,251
"22100140","NYK","Evan Fournier, Immanuel Quickley, Julius Randle, Nerlens Noel, RJ Barrett",11,"3",66,77,66,77,1868,1906,0,0,0,38
"22100140","CLE","Darius Garland, Dean Wade, Dylan Windler, Evan Mobley, Jarrett Allen",12,"2",47,46,47,46,1182,1182,0,0,0,0
"22100140","NYK","Alec Burks, Evan Fournier, Immanuel Quickley, Julius Randle, Nerlens Noel",12,"3",66,77,75,89,1906,2160,9,12,-3,254
"22100140","CLE","Darius Garland, Dean Wade, Evan Mobley, Jarrett Allen, Ricky Rubio",13,"2",47,46,47,51,1182,1230,0,5,-5,48
"22100140","NYK","Alec Burks, Immanuel Quickley, Nerlens Noel, Obi Toppin, Quentin Grimes",13,"4",75,89,99,106,2160,2511,24,17,7,351
"22100140","CLE","Cedi Osman, Darius Garland, Evan Mobley, Jarrett Allen, Ricky Rubio",14,"2",47,51,56,57,1230,1434,9,6,3,204
"22100140","NYK","Derrick Rose, Immanuel Quickley, Nerlens Noel, Obi Toppin, Quentin Grimes",14,"4",99,106,99,106,2511,2511,0,0,0,0
"22100140","CLE","Cedi Osman, Evan Mobley, Jarrett Allen, Lamar Stevens, Ricky Rubio",15,"2",56,57,56,57,1434,1434,0,0,0,0
"22100140","NYK","Derrick Rose, Immanuel Quickley, Julius Randle, Nerlens Noel, Quentin Grimes",15,"4",99,106,109,124,2511,2812,10,18,-8,301
"22100140","CLE","Cedi Osman, Dean Wade, Evan Mobley, Jarrett Allen, Lamar Stevens",16,"2",56,57,56,57,1434,1440,0,0,0,6
"22100140","NYK","Immanuel Quickley, Julius Randle, Nerlens Noel, Obi Toppin, Quentin Grimes",16,"4",109,124,109,124,2812,2812,0,0,0,0
"22100140","CLE","Darius Garland, Dean Wade, Evan Mobley, Jarrett Allen, Ricky Rubio",17,"3",56,57,65,59,1440,1647,9,2,7,207
"22100140","NYK","Immanuel Quickley, Miles McBride, Nerlens Noel, Obi Toppin, Quentin Grimes",17,"4",109,124,109,124,2812,2818,0,0,0,6
"22100140","CLE","Cedi Osman, Dean Wade, Evan Mobley, Jarrett Allen, Ricky Rubio",18,"3",65,59,77,66,1647,1829,12,7,5,182
"22100140","NYK","Immanuel Quickley, Kevin Knox II, Miles McBride, Obi Toppin, Quentin Grimes",18,"4",109,124,109,124,2818,2828,0,0,0,10
"22100140","CLE","Cedi Osman, Dean Wade, Dylan Windler, Jarrett Allen, Ricky Rubio",19,"3",77,66,77,66,1829,1868,0,0,0,39
"22100140","NYK","Jericho Sims, Kevin Knox II, Miles McBride, Obi Toppin, Quentin Grimes",19,"4",109,124,109,126,2828,2880,0,2,-2,52
"22100140","CLE","Cedi Osman, Dylan Windler, Jarrett Allen, Lamar Stevens, Ricky Rubio",20,"3",77,66,77,66,1868,1906,0,0,0,38
"22100140","CLE","Cedi Osman, Darius Garland, Dylan Windler, Lamar Stevens, Ricky Rubio",21,"3",77,66,77,66,1906,1906,0,0,0,0
"22100140","CLE","Cedi Osman, Darius Garland, Dylan Windler, Evan Mobley, Lamar Stevens",22,"3",77,66,89,75,1906,2160,12,9,3,254
"22100140","CLE","Cedi Osman, Darius Garland, Dylan Windler, Evan Mobley, Lamar Stevens",22,"4",89,75,89,79,2160,2220,0,4,-4,60
"22100140","CLE","Cedi Osman, Darius Garland, Dylan Windler, Evan Mobley, Ricky Rubio",23,"4",89,79,89,79,2220,2220,0,0,0,0
"22100140","CLE","Cedi Osman, Darius Garland, Dean Wade, Evan Mobley, Ricky Rubio",24,"4",89,79,89,79,2220,2220,0,0,0,0
"22100140","CLE","Darius Garland, Dean Wade, Evan Mobley, Jarrett Allen, Ricky Rubio",25,"4",89,79,94,82,2220,2332,5,3,2,112
"22100140","CLE","Cedi Osman, Darius Garland, Dean Wade, Jarrett Allen, Ricky Rubio",26,"4",94,82,97,89,2332,2401,3,7,-4,69
"22100140","CLE","Cedi Osman, Dean Wade, Dylan Windler, Jarrett Allen, Ricky Rubio",27,"4",97,89,106,99,2401,2511,9,10,-1,110
"22100140","CLE","Cedi Osman, Dylan Windler, Evan Mobley, Jarrett Allen, Ricky Rubio",28,"4",106,99,106,99,2511,2511,0,0,0,0
"22100140","CLE","Cedi Osman, Darius Garland, Evan Mobley, Jarrett Allen, Ricky Rubio",29,"4",106,99,124,109,2511,2812,18,10,8,301
"22100140","CLE","Cedi Osman, Darius Garland, Evan Mobley, Jarrett Allen, Tacko Fall",30,"4",124,109,124,109,2812,2812,0,0,0,0
"22100140","CLE","Cedi Osman, Darius Garland, Denzel Valentine, Evan Mobley, Tacko Fall",31,"4",124,109,124,109,2812,2812,0,0,0,0
"22100140","CLE","Darius Garland, Denzel Valentine, Evan Mobley, Lamar Stevens, Tacko Fall",32,"4",124,109,124,109,2812,2812,0,0,0,0
"22100140","CLE","Darius Garland, Denzel Valentine, Dylan Windler, Lamar Stevens, Tacko Fall",33,"4",124,109,124,109,2812,2812,0,0,0,0
"22100140","CLE","Dean Wade, Denzel Valentine, Dylan Windler, Lamar Stevens, Tacko Fall",34,"4",124,109,126,109,2812,2880,2,0,2,68
"22100141","ORL","Cole Anthony, Franz Wagner, Jalen Suggs, Mo Bamba, Wendell Carter Jr.",0,"1",0,0,17,8,0,284,17,8,9,284
"22100141","UTA","Bojan Bogdanovic, Donovan Mitchell, Joe Ingles, Royce O'Neale, Rudy Gobert",0,"1",0,0,8,17,0,284,8,17,-9,284
"22100141","ORL","Cole Anthony, Franz Wagner, Mo Bamba, Terrence Ross, Wendell Carter Jr.",1,"1",17,8,22,11,284,389,5,3,2,105
"22100141","UTA","Bojan Bogdanovic, Donovan Mitchell, Joe Ingles, Jordan Clarkson, Royce O'Neale",1,"1",8,17,8,17,284,284,0,0,0,0
"22100141","ORL","Cole Anthony, Franz Wagner, Gary Harris, Terrence Ross, Wendell Carter Jr.",2,"1",22,11,22,11,389,389,0,0,0,0
"22100141","UTA","Bojan Bogdanovic, Donovan Mitchell, Hassan Whiteside, Jordan Clarkson, Royce O'Neale",2,"1",8,17,15,24,284,517,7,7,0,233
"22100141","ORL","Chuma Okeke, Cole Anthony, Gary Harris, Terrence Ross, Wendell Carter Jr.",3,"1",22,11,24,15,389,517,2,4,-2,128
"22100141","UTA","Donovan Mitchell, Eric Paschall, Hassan Whiteside, Jordan Clarkson, Royce O'Neale",3,"1",15,24,15,24,517,548,0,0,0,31
"22100141","ORL","Chuma Okeke, Gary Harris, Jalen Suggs, Terrence Ross, Wendell Carter Jr.",4,"1",24,15,24,15,517,548,0,0,0,31
"22100141","UTA","Donovan Mitchell, Eric Paschall, Joe Ingles, Jordan Clarkson, Royce O'Neale",4,"1",15,24,15,24,548,548,0,0,0,0
"22100141","ORL","Chuma Okeke, Gary Harris, Jalen Suggs, Mo Bamba, Terrence Ross",5,"1",24,15,28,15,548,720,4,0,4,172
"22100141","UTA","Donovan Mitchell, Eric Paschall, Joe Ingles, Jordan Clarkson, Trent Forrest",5,"1",15,24,15,24,548,548,0,0,0,0
"22100141","ORL","Franz Wagner, Gary Harris, Jalen Suggs, Mo Bamba, R.J. Hampton",6,"2",28,15,32,24,720,863,4,9,-5,143
"22100141","UTA","Eric Paschall, Joe Ingles, Jordan Clarkson, Rudy Gobert, Trent Forrest",6,"1",15,24,15,28,548,720,0,4,-4,172
"22100141","UTA","Eric Paschall, Joe Ingles, Jordan Clarkson, Rudy Gobert, Trent Forrest",6,"2",15,28,26,34,720,959,11,6,5,239
"22100141","ORL","Cole Anthony, Franz Wagner, Gary Harris, Mo Bamba, R.J. Hampton",7,"2",32,24,34,26,863,959,2,2,0,96
"22100141","UTA","Joe Ingles, Jordan Clarkson, Royce O'Neale, Rudy Gobert, Trent Forrest",7,"2",26,34,26,34,959,959,0,0,0,0
"22100141","ORL","Cole Anthony, Franz Wagner, Mo Bamba, R.J. Hampton, Terrence Ross",8,"2",34,26,36,29,959,981,2,3,-1,22
"22100141","UTA","Hassan Whiteside, Jordan Clarkson, Royce O'Neale, Rudy Gobert, Trent Forrest",8,"2",26,34,26,34,959,959,0,0,0,0
"22100141","ORL","Cole Anthony, Franz Wagner, R.J. Hampton, Terrence Ross, Wendell Carter Jr.",9,"2",36,29,43,33,981,1181,7,4,3,200
"22100141","UTA","Donovan Mitchell, Hassan Whiteside, Jordan Clarkson, Royce O'Neale, Rudy Gobert",9,"2",26,34,26,34,959,959,0,0,0,0
"22100141","ORL","Cole Anthony, Franz Wagner, Gary Harris, Terrence Ross, Wendell Carter Jr.",10,"2",43,33,45,39,1181,1269,2,6,-4,88
"22100141","UTA","Bojan Bogdanovic, Donovan Mitchell, Hassan Whiteside, Jordan Clarkson, Royce O'Neale",10,"2",26,34,33,43,959,1181,7,9,-2,222
"22100141","ORL","Cole Anthony, Franz Wagner, Gary Harris, Moritz Wagner, Terrence Ross",11,"2",45,39,45,39,1269,1269,0,0,0,0
"22100141","UTA","Bojan Bogdanovic, Donovan Mitchell, Hassan Whiteside, Royce O'Neale, Rudy Gobert",11,"2",33,43,33,43,1181,1181,0,0,0,0
"22100141","ORL","Franz Wagner, Gary Harris, Jalen Suggs, Moritz Wagner, Terrence Ross",12,"2",45,39,50,52,1269,1440,5,13,-8,171
"22100141","UTA","Bojan Bogdanovic, Donovan Mitchell, Joe Ingles, Royce O'Neale, Rudy Gobert",12,"2",33,43,52,50,1181,1440,19,7,12,259
"22100141","UTA","Bojan Bogdanovic, Donovan Mitchell, Joe Ingles, Royce O'Neale, Rudy Gobert",12,"3",52,50,68,62,1440,1727,16,12,4,287
"22100141","ORL","Cole Anthony, Franz Wagner, Jalen Suggs, Mo Bamba, Wendell Carter Jr.",13,"3",50,52,59,61,1440,1622,9,9,0,182
"22100141","UTA","Bojan Bogdanovic, Donovan Mitchell, Jordan Clarkson, Royce O'Neale, Rudy Gobert",13,"3",68,62,68,62,1727,1727,0,0,0,0
"22100141","ORL","Chuma Okeke, Cole Anthony, Franz Wagner, Jalen Suggs, Mo Bamba",14,"3",59,61,62,68,1622,1727,3,7,-4,105
"22100141","UTA","Bojan Bogdanovic, Donovan Mitchell, Hassan Whiteside, Jordan Clarkson, Royce O'Neale",14,"3",68,62,75,72,1727,1909,7,10,-3,182
"22100141","ORL","Chuma Okeke, Cole Anthony, Franz Wagner, Mo Bamba, Terrence Ross",15,"3",62,68,70,74,1727,1846,8,6,2,119
"22100141","UTA","Donovan Mitchell, Eric Paschall, Hassan Whiteside, Jordan Clarkson, Royce O'Neale",15,"3",75,72,75,72,1909,1909,0,0,0,0
"22100141","ORL","Chuma Okeke, Cole Anthony, Gary Harris, Mo Bamba, Terrence Ross",16,"3",70,74,72,78,1846,1999,2,4,-2,153
"22100141","UTA","Eric Paschall, Hassan Whiteside, Jordan Clarkson, Royce O'Neale, Trent Forrest",16,"3",75,72,78,72,1909,1999,3,0,3,90
"22100141","ORL","Chuma Okeke, Cole Anthony, Gary Harris, Terrence Ross, Wendell Carter Jr.",17,"3",72,78,72,78,1999,1999,0,0,0,0
"22100141","UTA","Eric Paschall, Joe Ingles, Jordan Clarkson, Royce O'Neale, Trent Forrest",17,"3",78,72,78,72,1999,1999,0,0,0,0
"22100141","ORL","Chuma Okeke, Gary Harris, Jalen Suggs, Terrence Ross, Wendell Carter Jr.",18,"3",72,78,75,85,1999,2160,3,7,-4,161
"22100141","UTA","Joe Ingles, Jordan Clarkson, Royce O'Neale, Rudy Gobert, Trent Forrest",18,"3",78,72,78,72,1999,2007,0,0,0,8
"22100141","ORL","Chuma Okeke, Gary Harris, Jalen Suggs, R.J. Hampton, Wendell Carter Jr.",19,"4",75,85,87,91,2160,2428,12,6,6,268
"22100141","UTA","Eric Paschall, Joe Ingles, Jordan Clarkson, Rudy Gobert, Trent Forrest",19,"3",78,72,85,75,2007,2160,7,3,4,153
"22100141","UTA","Eric Paschall, Joe Ingles, Jordan Clarkson, Rudy Gobert, Trent Forrest",19,"4",85,75,89,83,2160,2325,4,8,-4,165
"22100141","ORL","Chuma Okeke, Cole Anthony, Gary Harris, R.J. Hampton, Wendell Carter Jr.",20,"4",87,91,88,91,2428,2484,1,0,1,56
"22100141","UTA","Donovan Mitchell, Eric Paschall, Joe Ingles, Jordan Clarkson, Rudy Gobert",20,"4",89,83,91,87,2325,2428,2,4,-2,103
"22100141","ORL","Cole Anthony, Franz Wagner, Gary Harris, R.J. Hampton, Wendell Carter Jr.",21,"4",88,91,107,100,2484,2880,19,9,10,396
"22100141","UTA","Donovan Mitchell, Hassan Whiteside, Joe Ingles, Jordan Clarkson, Rudy Gobert",21,"4",91,87,91,87,2428,2428,0,0,0,0
"22100141","UTA","Bojan Bogdanovic, Donovan Mitchell, Hassan Whiteside, Jordan Clarkson, Rudy Gobert",22,"4",91,87,91,87,2428,2428,0,0,0,0
"22100141","UTA","Bojan Bogdanovic, Donovan Mitchell, Hassan Whiteside, Jordan Clarkson, Royce O'Neale",23,"4",91,87,91,87,2428,2428,0,0,0,0
"22100141","UTA","Bojan Bogdanovic, Hassan Whiteside, Jordan Clarkson, Royce O'Neale, Trent Forrest",24,"4",91,87,91,88,2428,2484,0,1,-1,56
"22100141","UTA","Bojan Bogdanovic, Hassan Whiteside, Joe Ingles, Royce O'Neale, Trent Forrest",25,"4",91,88,91,90,2484,2520,0,2,-2,36
"22100141","UTA","Bojan Bogdanovic, Hassan Whiteside, Joe Ingles, Royce O'Neale, Rudy Gobert",26,"4",91,90,91,90,2520,2520,0,0,0,0
"22100141","UTA","Bojan Bogdanovic, Donovan Mitchell, Joe Ingles, Royce O'Neale, Rudy Gobert",27,"4",91,90,100,107,2520,2880,9,17,-8,360
"22100142","MIL","Bobby Portis, George Hill, Giannis Antetokounmpo, Grayson Allen, Jrue Holiday",0,"1",0,0,12,12,0,398,12,12,0,398
"22100142","WAS","Bradley Beal, Daniel Gafford, Kentavious Caldwell-Pope, Kyle Kuzma, Spencer Dinwiddie",0,"1",0,0,12,12,0,398,12,12,0,398
"22100142","MIL","Bobby Portis, George Hill, Grayson Allen, Jrue Holiday, Thanasis Antetokounmpo",1,"1",12,12,12,12,398,398,0,0,0,0
"22100142","WAS","Bradley Beal, Daniel Gafford, Kentavious Caldwell-Pope, Kyle Kuzma, Montrezl Harrell",1,"1",12,12,12,12,398,398,0,0,0,0
"22100142","MIL","George Hill, Grayson Allen, Jrue Holiday, Pat Connaughton, Thanasis Antetokounmpo",2,"1",12,12,12,12,398,398,0,0,0,0
"22100142","WAS","Bradley Beal, Daniel Gafford, Kyle Kuzma, Montrezl Harrell, Raul Neto",2,"1",12,12,12,12,398,398,0,0,0,0
"22100142","MIL","George Hill, Grayson Allen, Pat Connaughton, Semi Ojeleye, Thanasis Antetokounmpo",3,"1",12,12,18,17,398,488,6,5,1,90
"22100142","WAS","Bradley Beal, Deni Avdija, Kyle Kuzma, Montrezl Harrell, Raul Neto",3,"1",12,12,17,15,398,479,5,3,2,81
"22100142","MIL","George Hill, Justin Robinson, Pat Connaughton, Semi Ojeleye, Thanasis Antetokounmpo",4,"1",18,17,21,21,488,618,3,4,-1,130
"22100142","WAS","Bradley Beal, Corey Kispert, Deni Avdija, Montrezl Harrell, Raul Neto",4,"1",17,15,21,21,479,618,4,6,-2,139
"22100142","MIL","Giannis Antetokounmpo, Justin Robinson, Pat Connaughton, Semi Ojeleye, Thanasis Antetokounmpo",5,"1",21,21,21,21,618,618,0,0,0,0
"22100142","WAS","Aaron Holiday, Corey Kispert, Deni Avdija, Montrezl Harrell, Raul Neto",5,"1",21,21,21,21,618,645,0,0,0,27
"22100142","MIL","Giannis Antetokounmpo, Jordan Nwora, Justin Robinson, Pat Connaughton, Semi Ojeleye",6,"1",21,21,24,26,618,719,3,5,-2,101
"22100142","WAS","Aaron Holiday, Corey Kispert, Deni Avdija, Montrezl Harrell, Spencer Dinwiddie",6,"1",21,21,26,24,645,720,5,3,2,75
"22100142","MIL","Giannis Antetokounmpo, Jordan Nwora, Pat Connaughton, Semi Ojeleye, Thanasis Antetokounmpo",7,"1",24,26,24,26,719,720,0,0,0,1
"22100142","WAS","Aaron Holiday, Deni Avdija, Kentavious Caldwell-Pope, Montrezl Harrell, Spencer Dinwiddie",7,"2",26,24,31,31,720,900,5,7,-2,180
"22100142","MIL","Bobby Portis, Giannis Antetokounmpo, Jordan Nwora, Jrue Holiday, Pat Connaughton",8,"2",24,26,31,31,720,900,7,5,2,180
"22100142","WAS","Bradley Beal, Deni Avdija, Kentavious Caldwell-Pope, Montrezl Harrell, Spencer Dinwiddie",8,"2",31,31,33,33,900,940,2,2,0,40
"22100142","MIL","Bobby Portis, Giannis Antetokounmpo, Grayson Allen, Jordan Nwora, Jrue Holiday",9,"2",31,31,33,35,900,964,2,4,-2,64
"22100142","WAS","Bradley Beal, Deni Avdija, Kentavious Caldwell-Pope, Montrezl Harrell, Raul Neto",9,"2",33,33,40,36,940,1104,7,3,4,164
"22100142","MIL","Bobby Portis, George Hill, Giannis Antetokounmpo, Grayson Allen, Jrue Holiday",10,"2",33,35,36,40,964,1104,3,5,-2,140
"22100142","WAS","Bradley Beal, Corey Kispert, Deni Avdija, Montrezl Harrell, Raul Neto",10,"2",40,36,40,36,1104,1104,0,0,0,0
"22100142","MIL","Bobby Portis, George Hill, Giannis Antetokounmpo, Grayson Allen, Pat Connaughton",11,"2",36,40,36,40,1104,1104,0,0,0,0
"22100142","WAS","Bradley Beal, Corey Kispert, Daniel Gafford, Deni Avdija, Raul Neto",11,"2",40,36,40,36,1104,1104,0,0,0,0
"22100142","MIL","Bobby Portis, George Hill, Grayson Allen, Pat Connaughton, Semi Ojeleye",12,"2",36,40,44,42,1104,1276,8,2,6,172
"22100142","WAS","Bradley Beal, Corey Kispert, Daniel Gafford, Kyle Kuzma, Raul Neto",12,"2",40,36,47,52,1104,1425,7,16,-9,321
"22100142","MIL","George Hill, Grayson Allen, Jrue Holiday, Pat Connaughton, Semi Ojeleye",13,"2",44,42,44,42,1276,1276,0,0,0,0
"22100142","WAS","Bradley Beal, Corey Kispert, Kentavious Caldwell-Pope, Kyle Kuzma, Raul Neto",13,"2",47,52,49,52,1425,1440,2,0,2,15
"22100142","MIL","George Hill, Giannis Antetokounmpo, Grayson Allen, Jrue Holiday, Semi Ojeleye",14,"2",44,42,52,47,1276,1425,8,5,3,149
"22100142","WAS","Bradley Beal, Daniel Gafford, Kentavious Caldwell-Pope, Kyle Kuzma, Spencer Dinwiddie",14,"3",49,52,68,65,1440,1849,19,13,6,409
"22100142","MIL","George Hill, Giannis Antetokounmpo, Jrue Holiday, Pat Connaughton, Semi Ojeleye",15,"2",52,47,52,49,1425,1440,0,2,-2,15
"22100142","WAS","Bradley Beal, Daniel Gafford, Kyle Kuzma, Raul Neto, Spencer Dinwiddie",15,"3",68,65,68,65,1849,1849,0,0,0,0
"22100142","MIL","Bobby Portis, George Hill, Giannis Antetokounmpo, Grayson Allen, Jrue Holiday",16,"3",52,49,63,60,1440,1695,11,11,0,255
"22100142","WAS","Bradley Beal, Deni Avdija, Kyle Kuzma, Raul Neto, Spencer Dinwiddie",16,"3",68,65,68,65,1849,1849,0,0,0,0
"22100142","MIL","Bobby Portis, Giannis Antetokounmpo, Grayson Allen, Jrue Holiday, Semi Ojeleye",17,"3",63,60,63,60,1695,1695,0,0,0,0
"22100142","WAS","Bradley Beal, Deni Avdija, Kyle Kuzma, Montrezl Harrell, Raul Neto",17,"3",68,65,73,67,1849,1934,5,2,3,85
"22100142","MIL","Bobby Portis, Grayson Allen, Jrue Holiday, Pat Connaughton, Semi Ojeleye",18,"3",63,60,63,60,1695,1695,0,0,0,0
"22100142","WAS","Bradley Beal, Corey Kispert, Deni Avdija, Montrezl Harrell, Raul Neto",18,"3",73,67,77,67,1934,1986,4,0,4,52
"22100142","MIL","Giannis Antetokounmpo, Grayson Allen, Jrue Holiday, Pat Connaughton, Semi Ojeleye",19,"3",63,60,63,64,1695,1739,0,4,-4,44
"22100142","WAS","Aaron Holiday, Corey Kispert, Deni Avdija, Montrezl Harrell, Raul Neto",19,"3",77,67,80,71,1986,2063,3,4,-1,77
"22100142","MIL","George Hill, Giannis Antetokounmpo, Grayson Allen, Pat Connaughton, Semi Ojeleye",20,"3",63,64,65,68,1739,1849,2,4,-2,110
"22100142","WAS","Aaron Holiday, Deni Avdija, Montrezl Harrell, Raul Neto, Spencer Dinwiddie",20,"3",80,71,82,71,2063,2160,2,0,2,97
"22100142","MIL","George Hill, Grayson Allen, Pat Connaughton, Semi Ojeleye, Thanasis Antetokounmpo",21,"3",65,68,67,73,1849,1934,2,5,-3,85
"22100142","WAS","Aaron Holiday, Deni Avdija, Kentavious Caldwell-Pope, Montrezl Harrell, Spencer Dinwiddie",21,"4",82,71,86,76,2160,2341,4,5,-1,181
"22100142","MIL","Grayson Allen, Jordan Nwora, Pat Connaughton, Semi Ojeleye, Thanasis Antetokounmpo",22,"3",67,73,67,73,1934,1934,0,0,0,0
"22100142","WAS","Aaron Holiday, Bradley Beal, Deni Avdija, Kentavious Caldwell-Pope, Montrezl Harrell",22,"4",86,76,88,79,2341,2389,2,3,-1,48
"22100142","MIL","Jordan Nwora, Justin Robinson, Pat Connaughton, Semi Ojeleye, Thanasis Antetokounmpo",23,"3",67,73,67,77,1934,1986,0,4,-4,52
"22100142","WAS","Bradley Beal, Deni Avdija, Kentavious Caldwell-Pope, Montrezl Harrell, Raul Neto",23,"4",88,79,88,79,2389,2406,0,0,0,17
"22100142","MIL","Giannis Antetokounmpo, Jordan Nwora, Justin Robinson, Pat Connaughton, Semi Ojeleye",24,"3",67,77,71,82,1986,2097,4,5,-1,111
"22100142","WAS","Bradley Beal, Kentavious Caldwell-Pope, Kyle Kuzma, Montrezl Harrell, Raul Neto",24,"4",88,79,90,83,2406,2500,2,4,-2,94
"22100142","MIL","Bobby Portis, Giannis Antetokounmpo, Jordan Nwora, Justin Robinson, Pat Connaughton",25,"3",71,82,71,82,2097,2160,0,0,0,63
"22100142","WAS","Bradley Beal, Daniel Gafford, Kyle Kuzma, Montrezl Harrell, Raul Neto",25,"4",90,83,90,83,2500,2500,0,0,0,0
"22100142","MIL","Bobby Portis, Giannis Antetokounmpo, Grayson Allen, Jordan Nwora, Jrue Holiday",26,"4",71,82,76,85,2160,2313,5,3,2,153
"22100142","WAS","Bradley Beal, Daniel Gafford, Deni Avdija, Kyle Kuzma, Raul Neto",26,"4",90,83,96,88,2500,2672,6,5,1,172
"22100142","MIL","Giannis Antetokounmpo, Grayson Allen, Jordan Nwora, Jrue Holiday, Pat Connaughton",27,"4",76,85,79,88,2313,2389,3,3,0,76
"22100142","WAS","Bradley Beal, Daniel Gafford, Deni Avdija, Kyle Kuzma, Spencer Dinwiddie",27,"4",96,88,96,88,2672,2672,0,0,0,0
"22100142","MIL","George Hill, Giannis Antetokounmpo, Grayson Allen, Jrue Holiday, Pat Connaughton",28,"4",79,88,79,90,2389,2457,0,2,-2,68
"22100142","WAS","Bradley Beal, Deni Avdija, Kyle Kuzma, Montrezl Harrell, Spencer Dinwiddie",28,"4",96,88,101,94,2672,2880,5,6,-1,208
"22100142","MIL","Bobby Portis, George Hill, Giannis Antetokounmpo, Jrue Holiday, Pat Connaughton",29,"4",79,90,83,90,2457,2500,4,0,4,43
"22100142","MIL","Bobby Portis, George Hill, Giannis Antetokounmpo, Grayson Allen, Pat Connaughton",30,"4",83,90,88,96,2500,2672,5,6,-1,172
"22100142","MIL","Bobby Portis, Giannis Antetokounmpo, Grayson Allen, Jrue Holiday, Pat Connaughton",31,"4",88,96,92,98,2672,2734,4,2,2,62
"22100142","MIL","Bobby Portis, George Hill, Giannis Antetokounmpo, Jrue Holiday, Pat Connaughton",32,"4",92,98,94,101,2734,2873,2,3,-1,139
"22100142","MIL","George Hill, Giannis Antetokounmpo, Grayson Allen, Jrue Holiday, Pat Connaughton",33,"4",94,101,94,101,2873,2880,0,0,0,7
"22100143","IND","Caris LeVert, Chris Duarte, Domantas Sabonis, Myles Turner, T.J. McConnell",0,"1",0,0,10,6,0,309,10,6,4,309
"22100143","SAC","De'Aaron Fox, Harrison Barnes, Maurice Harkless, Richaun Holmes, Tyrese Haliburton",0,"1",0,0,6,10,0,309,6,10,-4,309
"22100143","IND","Caris LeVert, Chris Duarte, Justin Holiday, Myles Turner, T.J. McConnell",1,"1",10,6,10,6,309,309,0,0,0,0
"22100143","SAC","Davion Mitchell, De'Aaron Fox, Harrison Barnes, Richaun Holmes, Tyrese Haliburton",1,"1",6,10,6,10,309,309,0,0,0,0
"22100143","IND","Chris Duarte, Justin Holiday, Myles Turner, T.J. McConnell, Torrey Craig",2,"1",10,6,17,11,309,465,7,5,2,156
"22100143","SAC","Buddy Hield, Davion Mitchell, De'Aaron Fox, Harrison Barnes, Tyrese Haliburton",2,"1",6,10,6,10,309,309,0,0,0,0
"22100143","IND","Brad Wanamaker, Chris Duarte, Justin Holiday, Myles Turner, Torrey Craig",3,"1",17,11,22,11,465,560,5,0,5,95
"22100143","SAC","Alex Len, Buddy Hield, Davion Mitchell, De'Aaron Fox, Harrison Barnes",3,"1",6,10,11,22,309,535,5,12,-7,226
"22100143","IND","Brad Wanamaker, Caris LeVert, Justin Holiday, Myles Turner, Torrey Craig",4,"1",22,11,22,11,560,560,0,0,0,0
"22100143","SAC","Alex Len, Buddy Hield, Davion Mitchell, Harrison Barnes, Tyrese Haliburton",4,"1",11,22,11,22,535,535,0,0,0,0
"22100143","IND","Brad Wanamaker, Caris LeVert, Domantas Sabonis, Justin Holiday, Torrey Craig",5,"1",22,11,24,16,560,662,2,5,-3,102
"22100143","SAC","Alex Len, Buddy Hield, Davion Mitchell, Maurice Harkless, Tyrese Haliburton",5,"1",11,22,13,24,535,607,2,2,0,72
"22100143","IND","Brad Wanamaker, Domantas Sabonis, Jeremy Lamb, Justin Holiday, Torrey Craig",6,"1",24,16,27,19,662,720,3,3,0,58
"22100143","IND","Brad Wanamaker, Domantas Sabonis, Jeremy Lamb, Justin Holiday, Torrey Craig",6,"2",27,19,27,19,720,748,0,0,0,28
"22100143","SAC","Buddy Hield, Davion Mitchell, Maurice Harkless, Richaun Holmes, Tyrese Haliburton",6,"1",13,24,19,27,607,720,6,3,3,113
"22100143","SAC","Buddy Hield, Davion Mitchell, Maurice Harkless, Richaun Holmes, Tyrese Haliburton",6,"2",19,27,22,29,720,843,3,2,1,123
"22100143","IND","Brad Wanamaker, Domantas Sabonis, Goga Bitadze, Jeremy Lamb, Justin Holiday",7,"2",27,19,27,22,748,777,0,3,-3,29
"22100143","SAC","Alex Len, Buddy Hield, Davion Mitchell, Maurice Harkless, Tyrese Haliburton",7,"2",22,29,24,31,843,920,2,2,0,77
"22100143","IND","Brad Wanamaker, Domantas Sabonis, Goga Bitadze, Jeremy Lamb, Kelan Martin",8,"2",27,22,29,22,777,843,2,0,2,66
"22100143","SAC","Alex Len, Buddy Hield, Davion Mitchell, De'Aaron Fox, Maurice Harkless",8,"2",24,31,24,31,920,920,0,0,0,0
"22100143","IND","Domantas Sabonis, Goga Bitadze, Jeremy Lamb, Kelan Martin, T.J. McConnell",9,"2",29,22,31,24,843,920,2,2,0,77
"22100143","SAC","Alex Len, Davion Mitchell, De'Aaron Fox, Harrison Barnes, Maurice Harkless",9,"2",24,31,32,31,920,1018,8,0,8,98
"22100143","IND","Domantas Sabonis, Jeremy Lamb, Kelan Martin, T.J. McConnell, Torrey Craig",10,"2",31,24,31,32,920,1018,0,8,-8,98
"22100143","SAC","Davion Mitchell, De'Aaron Fox, Harrison Barnes, Maurice Harkless, Richaun Holmes",10,"2",32,31,34,35,1018,1129,2,4,-2,111
"22100143","IND","Chris Duarte, Domantas Sabonis, Jeremy Lamb, Kelan Martin, Torrey Craig",11,"2",31,32,31,32,1018,1018,0,0,0,0
"22100143","SAC","Davion Mitchell, De'Aaron Fox, Harrison Barnes, Richaun Holmes, Tyrese Haliburton",11,"2",34,35,34,35,1129,1129,0,0,0,0
"22100143","IND","Chris Duarte, Jeremy Lamb, Justin Holiday, Kelan Martin, Torrey Craig",12,"2",31,32,31,32,1018,1018,0,0,0,0
"22100143","SAC","Buddy Hield, De'Aaron Fox, Harrison Barnes, Richaun Holmes, Tyrese Haliburton",12,"2",34,35,39,44,1129,1349,5,9,-4,220
"22100143","IND","Caris LeVert, Chris Duarte, Jeremy Lamb, Justin Holiday, Torrey Craig",13,"2",31,32,31,32,1018,1018,0,0,0,0
"22100143","SAC","Alex Len, Buddy Hield, De'Aaron Fox, Harrison Barnes, Tyrese Haliburton",13,"2",39,44,43,48,1349,1440,4,4,0,91
"22100143","IND","Caris LeVert, Chris Duarte, Justin Holiday, Myles Turner, Torrey Craig",14,"2",31,32,42,35,1018,1263,11,3,8,245
"22100143","SAC","De'Aaron Fox, Harrison Barnes, Maurice Harkless, Richaun Holmes, Tyrese Haliburton",14,"3",43,48,43,56,1440,1553,0,8,-8,113
"22100143","IND","Chris Duarte, Justin Holiday, Myles Turner, T.J. McConnell, Torrey Craig",15,"2",42,35,44,39,1263,1349,2,4,-2,86
"22100143","SAC","Buddy Hield, De'Aaron Fox, Harrison Barnes, Maurice Harkless, Tyrese Haliburton",15,"3",43,56,43,56,1553,1553,0,0,0,0
"22100143","IND","Chris Duarte, Domantas Sabonis, Justin Holiday, T.J. McConnell, Torrey Craig",16,"2",44,39,48,43,1349,1440,4,4,0,91
"22100143","SAC","Alex Len, Buddy Hield, De'Aaron Fox, Harrison Barnes, Tyrese Haliburton",16,"3",43,56,52,66,1553,1781,9,10,-1,228
"22100143","IND","Caris LeVert, Chris Duarte, Domantas Sabonis, Myles Turner, T.J. McConnell",17,"3",48,43,66,54,1440,1868,18,11,7,428
"22100143","SAC","Alex Len, Buddy Hield, De'Aaron Fox, Harrison Barnes, Terence Davis",17,"3",52,66,54,69,1781,1889,2,3,-1,108
"22100143","IND","Caris LeVert, Chris Duarte, Justin Holiday, Myles Turner, T.J. McConnell",18,"3",66,54,66,54,1868,1868,0,0,0,0
"22100143","SAC","Buddy Hield, De'Aaron Fox, Harrison Barnes, Richaun Holmes, Terence Davis",18,"3",54,69,62,69,1889,1980,8,0,8,91
"22100143","IND","Chris Duarte, Justin Holiday, Myles Turner, T.J. McConnell, Torrey Craig",19,"3",66,54,69,59,1868,1931,3,5,-2,63
"22100143","SAC","Buddy Hield, Davion Mitchell, Harrison Barnes, Richaun Holmes, Terence Davis",19,"3",62,69,62,73,1980,2082,0,4,-4,102
"22100143","IND","Caris LeVert, Justin Holiday, Myles Turner, T.J. McConnell, Torrey Craig",20,"3",69,59,69,62,1931,1980,0,3,-3,49
"22100143","SAC","Buddy Hield, Davion Mitchell, Harrison Barnes, Richaun Holmes, Tyrese Haliburton",20,"3",62,73,67,74,2082,2160,5,1,4,78
"22100143","IND","Brad Wanamaker, Caris LeVert, Justin Holiday, Myles Turner, Torrey Craig",21,"3",69,62,74,67,1980,2133,5,5,0,153
"22100143","SAC","Alex Len, Buddy Hield, Davion Mitchell, Maurice Harkless, Tyrese Haliburton",21,"4",67,74,75,75,2160,2389,8,1,7,229
"22100143","IND","Brad Wanamaker, Caris LeVert, Domantas Sabonis, Justin Holiday, Myles Turner",22,"3",74,67,74,67,2133,2133,0,0,0,0
"22100143","SAC","Alex Len, Buddy Hield, Davion Mitchell, De'Aaron Fox, Tyrese Haliburton",22,"4",75,75,75,75,2389,2389,0,0,0,0
"22100143","IND","Brad Wanamaker, Caris LeVert, Chris Duarte, Domantas Sabonis, Justin Holiday",23,"3",74,67,74,67,2133,2160,0,0,0,27
"22100143","SAC","Alex Len, Davion Mitchell, De'Aaron Fox, Harrison Barnes, Tyrese Haliburton",23,"4",75,75,78,81,2389,2472,3,6,-3,83
"22100143","IND","Brad Wanamaker, Chris Duarte, Domantas Sabonis, Justin Holiday, Torrey Craig",24,"4",74,67,74,73,2160,2272,0,6,-6,112
"22100143","SAC","Davion Mitchell, De'Aaron Fox, Harrison Barnes, Richaun Holmes, Tyrese Haliburton",24,"4",78,81,78,85,2472,2542,0,4,-4,70
"22100143","IND","Brad Wanamaker, Domantas Sabonis, Justin Holiday, T.J. McConnell, Torrey Craig",25,"4",74,73,74,73,2272,2272,0,0,0,0
"22100143","SAC","Buddy Hield, Davion Mitchell, De'Aaron Fox, Harrison Barnes, Richaun Holmes",25,"4",78,85,82,87,2542,2664,4,2,2,122
"22100143","IND","Caris LeVert, Domantas Sabonis, Justin Holiday, T.J. McConnell, Torrey Craig",26,"4",74,73,75,75,2272,2340,1,2,-1,68
"22100143","SAC","Buddy Hield, De'Aaron Fox, Harrison Barnes, Richaun Holmes, Tyrese Haliburton",26,"4",82,87,84,87,2664,2678,2,0,2,14
"22100143","IND","Caris LeVert, Chris Duarte, Domantas Sabonis, T.J. McConnell, Torrey Craig",27,"4",75,75,75,75,2340,2389,0,0,0,49
"22100143","SAC","Davion Mitchell, De'Aaron Fox, Harrison Barnes, Richaun Holmes, Tyrese Haliburton",27,"4",84,87,91,93,2678,2858,7,6,1,180
"22100143","IND","Caris LeVert, Chris Duarte, Domantas Sabonis, Myles Turner, T.J. McConnell",28,"4",75,75,85,78,2389,2542,10,3,7,153
"22100143","SAC","Buddy Hield, Davion Mitchell, De'Aaron Fox, Harrison Barnes, Tyrese Haliburton",28,"4",91,93,91,93,2858,2872,0,0,0,14
"22100143","IND","Chris Duarte, Domantas Sabonis, Justin Holiday, Myles Turner, T.J. McConnell",29,"4",85,78,85,82,2542,2608,0,4,-4,66
"22100143","SAC","Davion Mitchell, De'Aaron Fox, Harrison Barnes, Richaun Holmes, Tyrese Haliburton",29,"4",91,93,91,93,2872,2875,0,0,0,3
"22100143","IND","Caris LeVert, Chris Duarte, Justin Holiday, Myles Turner, T.J. McConnell",30,"4",85,82,85,82,2608,2608,0,0,0,0
"22100143","SAC","Buddy Hield, De'Aaron Fox, Harrison Barnes, Richaun Holmes, Tyrese Haliburton",30,"4",91,93,91,93,2875,2878,0,0,0,3
"22100143","IND","Caris LeVert, Justin Holiday, Myles Turner, T.J. McConnell, Torrey Craig",31,"4",85,82,93,91,2608,2872,8,9,-1,264
"22100143","SAC","Alex Len, Buddy Hield, De'Aaron Fox, Harrison Barnes, Richaun Holmes",31,"4",91,93,91,94,2878,2880,0,1,-1,2
"22100143","IND","Domantas Sabonis, Justin Holiday, Myles Turner, T.J. McConnell, Torrey Craig",32,"4",93,91,93,91,2872,2875,0,0,0,3
"22100143","IND","Caris LeVert, Justin Holiday, Myles Turner, T.J. McConnell, Torrey Craig",33,"4",93,91,94,91,2875,2880,1,0,1,5
"22100144","OKC","Darius Bazley, Jeremiah Robinson-Earl, Josh Giddey, Luguentz Dort, Shai Gilgeous-Alexander",0,"1",0,0,12,21,0,573,12,21,-9,573
"22100144","SAS","Dejounte Murray, Derrick White, Doug McDermott, Drew Eubanks, Keldon Johnson",0,"1",0,0,16,12,0,402,16,12,4,402
"22100144","OKC","Aleksej Pokusevski, Darius Bazley, Jeremiah Robinson-Earl, Luguentz Dort, Shai Gilgeous-Alexander",1,"1",12,21,12,21,573,573,0,0,0,0
"22100144","SAS","Dejounte Murray, Derrick White, Devin Vassell, Doug McDermott, Keldon Johnson",1,"1",16,12,16,12,402,402,0,0,0,0
"22100144","OKC","Aleksej Pokusevski, Darius Bazley, Jeremiah Robinson-Earl, Shai Gilgeous-Alexander, Ty Jerome",2,"1",12,21,12,21,573,573,0,0,0,0
"22100144","SAS","Dejounte Murray, Derrick White, Devin Vassell, Keldon Johnson, Lonnie Walker IV",2,"1",16,12,16,12,402,402,0,0,0,0
"22100144","OKC","Aleksej Pokusevski, Derrick Favors, Jeremiah Robinson-Earl, Shai Gilgeous-Alexander, Ty Jerome",3,"1",12,21,12,21,573,573,0,0,0,0
"22100144","SAS","Dejounte Murray, Devin Vassell, Keldon Johnson, Lonnie Walker IV, Thaddeus Young",3,"1",16,12,21,12,402,573,5,0,5,171
"22100144","OKC","Aleksej Pokusevski, Derrick Favors, Kenrich Williams, Shai Gilgeous-Alexander, Ty Jerome",4,"1",12,21,12,25,573,636,0,4,-4,63
"22100144","SAS","Dejounte Murray, Devin Vassell, Lonnie Walker IV, Thaddeus Young, Tre Jones",4,"1",21,12,21,12,573,573,0,0,0,0
"22100144","OKC","Aleksej Pokusevski, Derrick Favors, Kenrich Williams, Theo Maledon, Ty Jerome",5,"1",12,25,14,28,636,720,2,3,-1,84
"22100144","OKC","Aleksej Pokusevski, Derrick Favors, Kenrich Williams, Theo Maledon, Ty Jerome",5,"2",14,28,21,36,720,1014,7,8,-1,294
"22100144","SAS","Devin Vassell, Keita Bates-Diop, Lonnie Walker IV, Thaddeus Young, Tre Jones",5,"1",21,12,28,14,573,720,7,2,5,147
"22100144","SAS","Devin Vassell, Keita Bates-Diop, Lonnie Walker IV, Thaddeus Young, Tre Jones",5,"2",28,14,28,18,720,784,0,4,-4,64
"22100144","OKC","Aleksej Pokusevski, Kenrich Williams, Mike Muscala, Theo Maledon, Ty Jerome",6,"2",21,36,23,36,1014,1059,2,0,2,45
"22100144","SAS","Derrick White, Devin Vassell, Keita Bates-Diop, Lonnie Walker IV, Tre Jones",6,"2",28,18,28,18,784,784,0,0,0,0
"22100144","OKC","Aleksej Pokusevski, Kenrich Williams, Mike Muscala, Shai Gilgeous-Alexander, Ty Jerome",7,"2",23,36,23,36,1059,1059,0,0,0,0
"22100144","SAS","Derrick White, Devin Vassell, Drew Eubanks, Keita Bates-Diop, Lonnie Walker IV",7,"2",28,18,32,21,784,866,4,3,1,82
"22100144","OKC","Kenrich Williams, Luguentz Dort, Mike Muscala, Shai Gilgeous-Alexander, Ty Jerome",8,"2",23,36,24,38,1059,1091,1,2,-1,32
"22100144","SAS","Derrick White, Devin Vassell, Drew Eubanks, Keldon Johnson, Lonnie Walker IV",8,"2",32,21,34,21,866,945,2,0,2,79
"22100144","OKC","Josh Giddey, Kenrich Williams, Luguentz Dort, Mike Muscala, Shai Gilgeous-Alexander",9,"2",24,38,27,41,1091,1138,3,3,0,47
"22100144","SAS","Dejounte Murray, Derrick White, Drew Eubanks, Keldon Johnson, Lonnie Walker IV",9,"2",34,21,36,21,945,1014,2,0,2,69
"22100144","OKC","Darius Bazley, Josh Giddey, Luguentz Dort, Mike Muscala, Shai Gilgeous-Alexander",10,"2",27,41,45,55,1138,1440,18,14,4,302
"22100144","SAS","Dejounte Murray, Derrick White, Doug McDermott, Drew Eubanks, Keldon Johnson",10,"2",36,21,38,24,1014,1091,2,3,-1,77
"22100144","OKC","Darius Bazley, Jeremiah Robinson-Earl, Josh Giddey, Luguentz Dort, Shai Gilgeous-Alexander",11,"3",45,55,61,65,1440,1748,16,10,6,308
"22100144","SAS","Dejounte Murray, Doug McDermott, Drew Eubanks, Keldon Johnson, Lonnie Walker IV",11,"2",38,24,38,24,1091,1091,0,0,0,0
"22100144","OKC","Aleksej Pokusevski, Darius Bazley, Jeremiah Robinson-Earl, Luguentz Dort, Shai Gilgeous-Alexander",12,"3",61,65,72,67,1748,1987,11,2,9,239
"22100144","SAS","Dejounte Murray, Doug McDermott, Keldon Johnson, Lonnie Walker IV, Thaddeus Young",12,"2",38,24,51,38,1091,1338,13,14,-1,247
"22100144","OKC","Aleksej Pokusevski, Jeremiah Robinson-Earl, Luguentz Dort, Mike Muscala, Shai Gilgeous-Alexander",13,"3",72,67,72,67,1987,1987,0,0,0,0
"22100144","SAS","Dejounte Murray, Devin Vassell, Doug McDermott, Keldon Johnson, Thaddeus Young",13,"2",51,38,51,38,1338,1338,0,0,0,0
"22100144","OKC","Aleksej Pokusevski, Kenrich Williams, Luguentz Dort, Mike Muscala, Shai Gilgeous-Alexander",14,"3",72,67,73,67,1987,2048,1,0,1,61
"22100144","SAS","Dejounte Murray, Derrick White, Devin Vassell, Keldon Johnson, Thaddeus Young",14,"2",51,38,55,45,1338,1440,4,7,-3,102
"22100144","OKC","Aleksej Pokusevski, Kenrich Williams, Mike Muscala, Shai Gilgeous-Alexander, Ty Jerome",15,"3",73,67,79,69,2048,2155,6,2,4,107
"22100144","SAS","Dejounte Murray, Derrick White, Doug McDermott, Drew Eubanks, Keldon Johnson",15,"3",55,45,65,61,1440,1748,10,16,-6,308
"22100144","OKC","Aleksej Pokusevski, Kenrich Williams, Mike Muscala, Shai Gilgeous-Alexander, Vit Krejci",16,"3",79,69,79,69,2155,2160,0,0,0,5
"22100144","SAS","Dejounte Murray, Derrick White, Doug McDermott, Keldon Johnson, Thaddeus Young",16,"3",65,61,65,66,1748,1850,0,5,-5,102
"22100144","OKC","Aleksej Pokusevski, Derrick Favors, Josh Giddey, Kenrich Williams, Ty Jerome",17,"4",79,69,81,78,2160,2367,2,9,-7,207
"22100144","SAS","Dejounte Murray, Devin Vassell, Doug McDermott, Keldon Johnson, Thaddeus Young",17,"3",65,66,65,66,1850,1850,0,0,0,0
"22100144","OKC","Aleksej Pokusevski, Derrick Favors, Josh Giddey, Kenrich Williams, Luguentz Dort",18,"4",81,78,81,78,2367,2367,0,0,0,0
"22100144","SAS","Dejounte Murray, Devin Vassell, Keldon Johnson, Lonnie Walker IV, Thaddeus Young",18,"3",65,66,65,66,1850,1873,0,0,0,23
"22100144","OKC","Darius Bazley, Derrick Favors, Josh Giddey, Kenrich Williams, Luguentz Dort",19,"4",81,78,83,84,2367,2465,2,6,-4,98
"22100144","SAS","Dejounte Murray, Devin Vassell, Keita Bates-Diop, Lonnie Walker IV, Thaddeus Young",19,"3",65,66,67,70,1873,1968,2,4,-2,95
"22100144","OKC","Darius Bazley, Derrick Favors, Kenrich Williams, Luguentz Dort, Shai Gilgeous-Alexander",20,"4",83,84,83,84,2465,2465,0,0,0,0
"22100144","SAS","Dejounte Murray, Devin Vassell, Drew Eubanks, Keita Bates-Diop, Lonnie Walker IV",20,"3",67,70,67,72,1968,1987,0,2,-2,19
"22100144","OKC","Darius Bazley, Jeremiah Robinson-Earl, Kenrich Williams, Luguentz Dort, Shai Gilgeous-Alexander",21,"4",83,84,93,86,2465,2628,10,2,8,163
"22100144","SAS","Devin Vassell, Drew Eubanks, Keita Bates-Diop, Keldon Johnson, Lonnie Walker IV",21,"3",67,72,67,72,1987,1987,0,0,0,0
"22100144","OKC","Darius Bazley, Jeremiah Robinson-Earl, Luguentz Dort, Mike Muscala, Shai Gilgeous-Alexander",22,"4",93,86,95,88,2628,2761,2,2,0,133
"22100144","SAS","Derrick White, Devin Vassell, Drew Eubanks, Keldon Johnson, Lonnie Walker IV",22,"3",67,72,67,76,1987,2098,0,4,-4,111
"22100144","OKC","Darius Bazley, Josh Giddey, Luguentz Dort, Mike Muscala, Shai Gilgeous-Alexander",23,"4",95,88,97,94,2761,2858,2,6,-4,97
"22100144","SAS","Devin Vassell, Drew Eubanks, Keldon Johnson, Lonnie Walker IV, Tre Jones",23,"3",67,76,69,79,2098,2160,2,3,-1,62
"22100144","OKC","Darius Bazley, Kenrich Williams, Luguentz Dort, Mike Muscala, Shai Gilgeous-Alexander",24,"4",97,94,99,94,2858,2880,2,0,2,22
"22100144","SAS","Bryn Forbes, Devin Vassell, Drew Eubanks, Lonnie Walker IV, Tre Jones",24,"4",69,79,73,79,2160,2283,4,0,4,123
"22100144","SAS","Bryn Forbes, Devin Vassell, Lonnie Walker IV, Thaddeus Young, Tre Jones",25,"4",73,79,78,81,2283,2367,5,2,3,84
"22100144","SAS","Bryn Forbes, Dejounte Murray, Lonnie Walker IV, Thaddeus Young, Tre Jones",26,"4",78,81,78,81,2367,2367,0,0,0,0
"22100144","SAS","Bryn Forbes, Dejounte Murray, Derrick White, Lonnie Walker IV, Thaddeus Young",27,"4",78,81,78,81,2367,2367,0,0,0,0
"22100144","SAS","Bryn Forbes, Dejounte Murray, Derrick White, Keldon Johnson, Thaddeus Young",28,"4",78,81,86,88,2367,2555,8,7,1,188
"22100144","SAS","Dejounte Murray, Derrick White, Devin Vassell, Keldon Johnson, Thaddeus Young",29,"4",86,88,86,93,2555,2628,0,5,-5,73
"22100144","SAS","Dejounte Murray, Devin Vassell, Keldon Johnson, Lonnie Walker IV, Thaddeus Young",30,"4",86,93,94,97,2628,2858,8,4,4,230
"22100144","SAS","Bryn Forbes, Dejounte Murray, Devin Vassell, Keldon Johnson, Lonnie Walker IV",31,"4",94,97,94,99,2858,2880,0,2,-2,22
"22100145","GSW","Andrew Wiggins, Draymond Green, Jordan Poole, Kevon Looney, Stephen Curry",0,"1",0,0,18,11,0,350,18,11,7,350
"22100145","HOU","Christian Wood, Daniel Theis, Jae'Sean Tate, Jalen Green, Kevin Porter Jr.",0,"1",0,0,11,18,0,350,11,18,-7,350
"22100145","GSW","Andrew Wiggins, Jordan Poole, Juan Toscano-Anderson, Kevon Looney, Stephen Curry",1,"1",18,11,20,16,350,445,2,5,-3,95
"22100145","HOU","Daniel Theis, David Nwaba, Jae'Sean Tate, Jalen Green, Kevin Porter Jr.",1,"1",11,18,22,24,350,508,11,6,5,158
"22100145","GSW","Andrew Wiggins, Jordan Poole, Juan Toscano-Anderson, Nemanja Bjelica, Stephen Curry",2,"1",20,16,20,16,445,445,0,0,0,0
"22100145","HOU","D.J. Augustin, Daniel Theis, David Nwaba, Jae'Sean Tate, Jalen Green",2,"1",22,24,22,24,508,508,0,0,0,0
"22100145","GSW","Andrew Wiggins, Gary Payton II, Jordan Poole, Juan Toscano-Anderson, Nemanja Bjelica",3,"1",20,16,24,22,445,508,4,6,-2,63
"22100145","HOU","Alperen Sengun, D.J. Augustin, David Nwaba, Jae'Sean Tate, Jalen Green",3,"1",22,24,25,29,508,569,3,5,-2,61
"22100145","GSW","Gary Payton II, Jordan Poole, Juan Toscano-Anderson, Nemanja Bjelica, Otto Porter Jr.",4,"1",24,22,26,22,508,517,2,0,2,9
"22100145","HOU","Alperen Sengun, Christian Wood, D.J. Augustin, David Nwaba, Jae'Sean Tate",4,"1",25,29,27,31,569,595,2,2,0,26
"22100145","GSW","Damion Lee, Gary Payton II, Jordan Poole, Nemanja Bjelica, Otto Porter Jr.",5,"1",26,22,29,25,517,569,3,3,0,52
"22100145","HOU","Alperen Sengun, Christian Wood, D.J. Augustin, Jae'Sean Tate, Josh Christopher",5,"1",27,31,27,31,595,595,0,0,0,0
"22100145","GSW","Damion Lee, Gary Payton II, Nemanja Bjelica, Otto Porter Jr., Stephen Curry",6,"1",29,25,37,32,569,719,8,7,1,150
"22100145","HOU","Alperen Sengun, Christian Wood, D.J. Augustin, Josh Christopher, Kenyon Martin Jr.",6,"1",27,31,32,37,595,720,5,6,-1,125
"22100145","GSW","Gary Payton II, Kevon Looney, Nemanja Bjelica, Otto Porter Jr., Stephen Curry",7,"1",37,32,37,32,719,720,0,0,0,1
"22100145","HOU","Alperen Sengun, Christian Wood, D.J. Augustin, Jae'Sean Tate, Josh Christopher",7,"2",32,37,35,40,720,799,3,3,0,79
"22100145","GSW","Damion Lee, Draymond Green, Jordan Poole, Moses Moody, Otto Porter Jr.",8,"2",37,32,45,42,720,954,8,10,-2,234
"22100145","HOU","Alperen Sengun, Christian Wood, Jae'Sean Tate, Josh Christopher, Kevin Porter Jr.",8,"2",35,40,38,43,799,853,3,3,0,54
"22100145","GSW","Damion Lee, Draymond Green, Moses Moody, Otto Porter Jr., Stephen Curry",9,"2",45,42,45,42,954,975,0,0,0,21
"22100145","HOU","Alperen Sengun, Armoni Brooks, Christian Wood, Jae'Sean Tate, Kevin Porter Jr.",9,"2",38,43,42,45,853,954,4,2,2,101
"22100145","GSW","Andrew Wiggins, Damion Lee, Draymond Green, Otto Porter Jr., Stephen Curry",10,"2",45,42,45,45,975,1017,0,3,-3,42
"22100145","HOU","Alperen Sengun, Armoni Brooks, David Nwaba, Jae'Sean Tate, Kevin Porter Jr.",10,"2",42,45,49,45,954,1051,7,0,7,97
"22100145","GSW","Andrew Wiggins, Damion Lee, Draymond Green, Juan Toscano-Anderson, Stephen Curry",11,"2",45,45,45,49,1017,1051,0,4,-4,34
"22100145","HOU","Armoni Brooks, Daniel Theis, David Nwaba, Jae'Sean Tate, Kevin Porter Jr.",11,"2",49,45,49,49,1051,1106,0,4,-4,55
"22100145","GSW","Andrew Wiggins, Draymond Green, Gary Payton II, Juan Toscano-Anderson, Stephen Curry",12,"2",45,49,45,49,1051,1051,0,0,0,0
"22100145","HOU","Daniel Theis, David Nwaba, Jae'Sean Tate, Jalen Green, Kevin Porter Jr.",12,"2",49,49,54,56,1106,1247,5,7,-2,141
"22100145","GSW","Andrew Wiggins, Gary Payton II, Juan Toscano-Anderson, Nemanja Bjelica, Stephen Curry",13,"2",45,49,56,54,1051,1247,11,5,6,196
"22100145","HOU","Daniel Theis, Jae'Sean Tate, Jalen Green, Kenyon Martin Jr., Kevin Porter Jr.",13,"2",54,56,61,69,1247,1440,7,13,-6,193
"22100145","GSW","Andrew Wiggins, Gary Payton II, Jordan Poole, Juan Toscano-Anderson, Nemanja Bjelica",14,"2",56,54,60,57,1247,1291,4,3,1,44
"22100145","HOU","Christian Wood, Daniel Theis, Jae'Sean Tate, Jalen Green, Kevin Porter Jr.",14,"3",61,69,76,83,1440,1823,15,14,1,383
"22100145","GSW","Andrew Wiggins, Gary Payton II, Jordan Poole, Juan Toscano-Anderson, Kevon Looney",15,"2",60,57,60,57,1291,1291,0,0,0,0
"22100145","HOU","Christian Wood, Daniel Theis, David Nwaba, Jalen Green, Kevin Porter Jr.",15,"3",76,83,76,83,1823,1823,0,0,0,0
"22100145","GSW","Andrew Wiggins, Gary Payton II, Jordan Poole, Kevon Looney, Otto Porter Jr.",16,"2",60,57,69,59,1291,1387,9,2,7,96
"22100145","HOU","Alperen Sengun, Christian Wood, David Nwaba, Jalen Green, Kevin Porter Jr.",16,"3",76,83,80,87,1823,1912,4,4,0,89
"22100145","GSW","Andrew Wiggins, Damion Lee, Jordan Poole, Kevon Looney, Otto Porter Jr.",17,"2",69,59,69,59,1387,1387,0,0,0,0
"22100145","HOU","Alperen Sengun, Christian Wood, D.J. Augustin, David Nwaba, Jalen Green",17,"3",80,87,80,98,1912,2026,0,11,-11,114
"22100145","GSW","Andrew Wiggins, Chris Chiozza, Damion Lee, Kevon Looney, Otto Porter Jr.",18,"2",69,59,69,61,1387,1440,0,2,-2,53
"22100145","HOU","Alperen Sengun, Christian Wood, D.J. Augustin, David Nwaba, Kevin Porter Jr.",18,"3",80,98,80,98,2026,2026,0,0,0,0
"22100145","GSW","Andrew Wiggins, Draymond Green, Jordan Poole, Kevon Looney, Stephen Curry",19,"3",69,61,83,76,1440,1823,14,15,-1,383
"22100145","HOU","Alperen Sengun, Christian Wood, D.J. Augustin, David Nwaba, Josh Christopher",19,"3",80,98,83,103,2026,2141,3,5,-2,115
"22100145","GSW","Andrew Wiggins, Draymond Green, Jordan Poole, Nemanja Bjelica, Stephen Curry",20,"3",83,76,83,76,1823,1823,0,0,0,0
"22100145","HOU","Alperen Sengun, D.J. Augustin, David Nwaba, Josh Christopher, Kenyon Martin Jr.",20,"3",83,103,83,103,2141,2160,0,0,0,19
"22100145","GSW","Andrew Wiggins, Draymond Green, Gary Payton II, Nemanja Bjelica, Stephen Curry",21,"3",83,76,87,80,1823,1912,4,4,0,89
"22100145","HOU","Alperen Sengun, Armoni Brooks, D.J. Augustin, Josh Christopher, Kenyon Martin Jr.",21,"4",83,103,89,106,2160,2266,6,3,3,106
"22100145","GSW","Damion Lee, Draymond Green, Gary Payton II, Nemanja Bjelica, Stephen Curry",22,"3",87,80,100,82,1912,2102,13,2,11,190
"22100145","HOU","Armoni Brooks, D.J. Augustin, Jae'Sean Tate, Josh Christopher, Kenyon Martin Jr.",22,"4",89,106,91,108,2266,2297,2,2,0,31
"22100145","GSW","Damion Lee, Gary Payton II, Juan Toscano-Anderson, Nemanja Bjelica, Stephen Curry",23,"3",100,82,103,83,2102,2141,3,1,2,39
"22100145","HOU","Armoni Brooks, Jae'Sean Tate, Jalen Green, Josh Christopher, Kenyon Martin Jr.",23,"4",91,108,96,112,2297,2542,5,4,1,245
"22100145","GSW","Damion Lee, Jordan Poole, Juan Toscano-Anderson, Nemanja Bjelica, Stephen Curry",24,"3",103,83,103,83,2141,2160,0,0,0,19
"22100145","HOU","Armoni Brooks, David Nwaba, Jalen Green, Josh Christopher, Kenyon Martin Jr.",24,"4",96,112,98,112,2542,2605,2,0,2,63
"22100145","GSW","Damion Lee, Jordan Poole, Juan Toscano-Anderson, Moses Moody, Otto Porter Jr.",25,"4",103,83,110,94,2160,2449,7,11,-4,289
"22100145","HOU","Armoni Brooks, David Nwaba, Josh Christopher, Kenyon Martin Jr., Usman Garuba",25,"4",98,112,107,120,2605,2880,9,8,1,275
"22100145","GSW","Andrew Wiggins, Jordan Poole, Juan Toscano-Anderson, Moses Moody, Otto Porter Jr.",26,"4",110,94,112,96,2449,2542,2,2,0,93
"22100145","GSW","Andrew Wiggins, Gary Payton II, Jordan Poole, Juan Toscano-Anderson, Otto Porter Jr.",27,"4",112,96,112,98,2542,2605,0,2,-2,63
"22100145","GSW","Andrew Wiggins, Chris Chiozza, Gary Payton II, Juan Toscano-Anderson, Otto Porter Jr.",28,"4",112,98,112,98,2605,2605,0,0,0,0
"22100145","GSW","Andrew Wiggins, Chris Chiozza, Damion Lee, Gary Payton II, Juan Toscano-Anderson",29,"4",112,98,118,103,2605,2791,6,5,1,186
"22100145","GSW","Andrew Wiggins, Chris Chiozza, Damion Lee, Jonathan Kuminga, Juan Toscano-Anderson",30,"4",118,103,118,103,2791,2792,0,0,0,1
"22100145","GSW","Chris Chiozza, Damion Lee, Jonathan Kuminga, Juan Toscano-Anderson, Moses Moody",31,"4",118,103,120,107,2792,2880,2,4,-2,88
"22100146","CHA","Gordon Hayward, LaMelo Ball, Mason Plumlee, Miles Bridges, Terry Rozier",0,"1",0,0,20,15,0,297,20,15,5,297
"22100146","LAC","Eric Bledsoe, Ivica Zubac, Nicolas Batum, Paul George, Reggie Jackson",0,"1",0,0,17,28,0,395,17,28,-11,395
"22100146","CHA","Cody Martin, Gordon Hayward, LaMelo Ball, Mason Plumlee, Terry Rozier",1,"1",20,15,26,17,297,369,6,2,4,72
"22100146","LAC","Ivica Zubac, Nicolas Batum, Paul George, Reggie Jackson, Terance Mann",1,"1",17,28,19,30,395,488,2,2,0,93
"22100146","CHA","Cody Martin, Gordon Hayward, Kelly Oubre Jr., LaMelo Ball, Mason Plumlee",2,"1",26,17,26,17,369,369,0,0,0,0
"22100146","LAC","Ivica Zubac, Paul George, Reggie Jackson, Serge Ibaka, Terance Mann",2,"1",19,30,19,30,488,488,0,0,0,0
"22100146","CHA","Cody Martin, Gordon Hayward, Kelly Oubre Jr., LaMelo Ball, Nick Richards",3,"1",26,17,33,23,369,534,7,6,1,165
"22100146","LAC","Luke Kennard, Paul George, Reggie Jackson, Serge Ibaka, Terance Mann",3,"1",19,30,23,35,488,568,4,5,-1,80
"22100146","CHA","Cody Martin, Kelly Oubre Jr., LaMelo Ball, Miles Bridges, Nick Richards",4,"1",33,23,35,23,534,568,2,0,2,34
"22100146","LAC","Justise Winslow, Luke Kennard, Reggie Jackson, Serge Ibaka, Terance Mann",4,"1",23,35,28,37,568,698,5,2,3,130
"22100146","CHA","Cody Martin, Ish Smith, Kelly Oubre Jr., Miles Bridges, Nick Richards",5,"1",35,23,35,23,568,604,0,0,0,36
"22100146","LAC","Justise Winslow, Luke Kennard, Nicolas Batum, Reggie Jackson, Terance Mann",5,"1",28,37,31,39,698,720,3,2,1,22
"22100146","CHA","Cody Martin, Ish Smith, Kelly Oubre Jr., Miles Bridges, Terry Rozier",6,"1",35,23,35,25,604,635,0,2,-2,31
"22100146","LAC","Eric Bledsoe, Luke Kennard, Nicolas Batum, Serge Ibaka, Terance Mann",6,"2",31,39,33,41,720,792,2,2,0,72
"22100146","CHA","Cody Martin, Ish Smith, Kelly Oubre Jr., Nick Richards, Terry Rozier",7,"1",35,25,37,28,635,687,2,3,-1,52
"22100146","LAC","Eric Bledsoe, Isaiah Hartenstein, Luke Kennard, Nicolas Batum, Terance Mann",7,"2",33,41,37,41,792,811,4,0,4,19
"22100146","CHA","Cody Martin, Ish Smith, Kelly Oubre Jr., Miles Bridges, Terry Rozier",8,"1",37,28,37,28,687,698,0,0,0,11
"22100146","LAC","Eric Bledsoe, Isaiah Hartenstein, Luke Kennard, Paul George, Terance Mann",8,"2",37,41,45,44,811,1049,8,3,5,238
"22100146","CHA","Cody Martin, Kelly Oubre Jr., LaMelo Ball, Miles Bridges, Terry Rozier",9,"1",37,28,39,31,698,720,2,3,-1,22
"22100146","LAC","Eric Bledsoe, Isaiah Hartenstein, Luke Kennard, Nicolas Batum, Paul George",9,"2",45,44,45,46,1049,1070,0,2,-2,21
"22100146","CHA","Cody Martin, Ish Smith, Kelly Oubre Jr., Nick Richards, Terry Rozier",10,"2",39,31,43,39,720,873,4,8,-4,153
"22100146","LAC","Isaiah Hartenstein, Luke Kennard, Nicolas Batum, Paul George, Reggie Jackson",10,"2",45,46,45,46,1070,1070,0,0,0,0
"22100146","CHA","Cody Martin, Gordon Hayward, Kelly Oubre Jr., Nick Richards, Terry Rozier",11,"2",43,39,43,39,873,873,0,0,0,0
"22100146","LAC","Ivica Zubac, Luke Kennard, Nicolas Batum, Paul George, Reggie Jackson",11,"2",45,46,49,48,1070,1132,4,2,2,62
"22100146","CHA","Gordon Hayward, Kelly Oubre Jr., LaMelo Ball, Nick Richards, Terry Rozier",12,"2",43,39,43,41,873,887,0,2,-2,14
"22100146","LAC","Ivica Zubac, Nicolas Batum, Paul George, Reggie Jackson, Terance Mann",12,"2",49,48,55,54,1132,1368,6,6,0,236
"22100146","CHA","Gordon Hayward, Kelly Oubre Jr., LaMelo Ball, Mason Plumlee, Nick Richards",13,"2",43,41,43,41,887,887,0,0,0,0
"22100146","LAC","Isaiah Hartenstein, Nicolas Batum, Paul George, Reggie Jackson, Terance Mann",13,"2",55,54,61,58,1368,1440,6,4,2,72
"22100146","CHA","Gordon Hayward, Kelly Oubre Jr., LaMelo Ball, Mason Plumlee, Miles Bridges",14,"2",43,41,44,41,887,991,1,0,1,104
"22100146","LAC","Eric Bledsoe, Ivica Zubac, Nicolas Batum, Paul George, Reggie Jackson",14,"3",61,58,71,67,1440,1721,10,9,1,281
"22100146","CHA","Cody Martin, Gordon Hayward, LaMelo Ball, Mason Plumlee, Miles Bridges",15,"2",44,41,48,49,991,1132,4,8,-4,141
"22100146","LAC","Eric Bledsoe, Isaiah Hartenstein, Nicolas Batum, Paul George, Reggie Jackson",15,"3",71,67,71,67,1721,1787,0,0,0,66
"22100146","CHA","Cody Martin, Gordon Hayward, Mason Plumlee, Miles Bridges, Terry Rozier",16,"2",48,49,54,55,1132,1368,6,6,0,236
"22100146","LAC","Isaiah Hartenstein, Nicolas Batum, Paul George, Reggie Jackson, Terance Mann",16,"3",71,67,71,70,1787,1814,0,3,-3,27
"22100146","CHA","Cody Martin, Gordon Hayward, Kelly Oubre Jr., Miles Bridges, Terry Rozier",17,"2",54,55,58,61,1368,1440,4,6,-2,72
"22100146","LAC","Isaiah Hartenstein, Luke Kennard, Paul George, Reggie Jackson, Terance Mann",17,"3",71,70,77,70,1814,1885,6,0,6,71
"22100146","CHA","Gordon Hayward, LaMelo Ball, Mason Plumlee, Miles Bridges, Terry Rozier",18,"3",58,61,67,71,1440,1763,9,10,-1,323
"22100146","LAC","Isaiah Hartenstein, Luke Kennard, Nicolas Batum, Reggie Jackson, Terance Mann",18,"3",77,70,80,74,1885,1968,3,4,-1,83
"22100146","CHA","Gordon Hayward, Kelly Oubre Jr., LaMelo Ball, Mason Plumlee, Miles Bridges",19,"3",67,71,67,71,1763,1763,0,0,0,0
"22100146","LAC","Eric Bledsoe, Isaiah Hartenstein, Luke Kennard, Nicolas Batum, Terance Mann",19,"3",80,74,83,80,1968,2037,3,6,-3,69
"22100146","CHA","Cody Martin, Gordon Hayward, Kelly Oubre Jr., LaMelo Ball, Miles Bridges",20,"3",67,71,77,83,1763,2019,10,12,-2,256
"22100146","LAC","Eric Bledsoe, Luke Kennard, Nicolas Batum, Serge Ibaka, Terance Mann",20,"3",83,80,89,87,2037,2142,6,7,-1,105
"22100146","CHA","Cody Martin, Gordon Hayward, Kelly Oubre Jr., LaMelo Ball, Nick Richards",21,"3",77,83,87,89,2019,2160,10,6,4,141
"22100146","LAC","Eric Bledsoe, Luke Kennard, Nicolas Batum, Paul George, Terance Mann",21,"3",89,87,89,87,2142,2160,0,0,0,18
"22100146","CHA","Cody Martin, Kelly Oubre Jr., Miles Bridges, Nick Richards, Terry Rozier",22,"4",87,89,92,91,2160,2326,5,2,3,166
"22100146","LAC","Eric Bledsoe, Luke Kennard, Nicolas Batum, Serge Ibaka, Terance Mann",22,"4",89,87,89,90,2160,2206,0,3,-3,46
"22100146","CHA","Cody Martin, Kelly Oubre Jr., Mason Plumlee, Miles Bridges, Terry Rozier",23,"4",92,91,102,95,2326,2513,10,4,6,187
"22100146","LAC","Eric Bledsoe, Luke Kennard, Paul George, Serge Ibaka, Terance Mann",23,"4",89,90,89,90,2206,2273,0,0,0,67
"22100146","CHA","Cody Martin, Kelly Oubre Jr., LaMelo Ball, Mason Plumlee, Terry Rozier",24,"4",102,95,102,95,2513,2513,0,0,0,0
"22100146","LAC","Eric Bledsoe, Ivica Zubac, Luke Kennard, Paul George, Terance Mann",24,"4",89,90,91,92,2273,2326,2,2,0,53
"22100146","CHA","Cody Martin, Gordon Hayward, Kelly Oubre Jr., LaMelo Ball, Mason Plumlee",25,"4",102,95,102,101,2513,2554,0,6,-6,41
"22100146","LAC","Ivica Zubac, Luke Kennard, Paul George, Reggie Jackson, Terance Mann",25,"4",91,92,115,102,2326,2806,24,10,14,480
"22100146","CHA","Gordon Hayward, Kelly Oubre Jr., LaMelo Ball, Mason Plumlee, Terry Rozier",26,"4",102,101,102,101,2554,2554,0,0,0,0
"22100146","LAC","Ivica Zubac, Justise Winslow, Luke Kennard, Reggie Jackson, Terance Mann",26,"4",115,102,120,106,2806,2839,5,4,1,33
"22100146","CHA","Gordon Hayward, LaMelo Ball, Mason Plumlee, Miles Bridges, Terry Rozier",27,"4",102,101,102,106,2554,2630,0,5,-5,76
"22100146","LAC","Brandon Boston Jr., Ivica Zubac, Justise Winslow, Luke Kennard, Terance Mann",27,"4",120,106,120,106,2839,2839,0,0,0,0
"22100146","CHA","Gordon Hayward, Kelly Oubre Jr., LaMelo Ball, Miles Bridges, Terry Rozier",28,"4",102,106,106,120,2630,2839,4,14,-10,209
"22100146","LAC","Brandon Boston Jr., Ivica Zubac, Justise Winslow, Keon Johnson, Terance Mann",28,"4",120,106,120,106,2839,2880,0,0,0,41
"22100146","CHA","Gordon Hayward, Jalen McDaniels, Kelly Oubre Jr., LaMelo Ball, Terry Rozier",29,"4",106,120,106,120,2839,2839,0,0,0,0
"22100146","CHA","Gordon Hayward, Jalen McDaniels, James Bouknight, Kelly Oubre Jr., Terry Rozier",30,"4",106,120,106,120,2839,2839,0,0,0,0
"22100146","CHA","Gordon Hayward, Jalen McDaniels, James Bouknight, Kai Jones, Terry Rozier",31,"4",106,120,106,120,2839,2839,0,0,0,0
"22100146","CHA","Jalen McDaniels, James Bouknight, Kai Jones, Nick Richards, Terry Rozier",32,"4",106,120,106,120,2839,2880,0,0,0,41
"22100147","NYK","Evan Fournier, Julius Randle, Kemba Walker, Nerlens Noel, RJ Barrett",0,"1",0,0,17,16,0,432,17,16,1,432
"22100147","PHI","Andre Drummond, Danny Green, Furkan Korkmaz, Seth Curry, Tyrese Maxey",0,"1",0,0,19,17,0,514,19,17,2,514
"22100147","NYK","Evan Fournier, Julius Randle, Kemba Walker, RJ Barrett, Taj Gibson",1,"1",17,16,17,19,432,514,0,3,-3,82
"22100147","PHI","Andre Drummond, Danny Green, Furkan Korkmaz, Seth Curry, Shake Milton",1,"1",19,17,19,17,514,514,0,0,0,0
"22100147","NYK","Derrick Rose, Evan Fournier, Julius Randle, RJ Barrett, Taj Gibson",2,"1",17,19,28,19,514,683,11,0,11,169
"22100147","PHI","Andre Drummond, Furkan Korkmaz, Georges Niang, Seth Curry, Shake Milton",2,"1",19,17,19,28,514,683,0,11,-11,169
"22100147","NYK","Alec Burks, Derrick Rose, Julius Randle, RJ Barrett, Taj Gibson",3,"1",28,19,28,21,683,720,0,2,-2,37
"22100147","PHI","Furkan Korkmaz, Georges Niang, Seth Curry, Shake Milton, Tyrese Maxey",3,"1",19,28,19,28,683,683,0,0,0,0
"22100147","NYK","Alec Burks, Derrick Rose, Immanuel Quickley, Obi Toppin, Taj Gibson",4,"2",28,21,32,27,720,875,4,6,-2,155
"22100147","PHI","Furkan Korkmaz, Georges Niang, Paul Reed, Shake Milton, Tyrese Maxey",4,"1",19,28,21,28,683,702,2,0,2,19
"22100147","NYK","Alec Burks, Derrick Rose, Immanuel Quickley, Nerlens Noel, Obi Toppin",5,"2",32,27,42,27,875,1045,10,0,10,170
"22100147","PHI","Danny Green, Georges Niang, Paul Reed, Shake Milton, Tyrese Maxey",5,"1",21,28,21,28,702,720,0,0,0,18
"22100147","PHI","Danny Green, Georges Niang, Paul Reed, Shake Milton, Tyrese Maxey",5,"2",21,28,27,37,720,938,6,9,-3,218
"22100147","NYK","Alec Burks, Derrick Rose, Immanuel Quickley, Julius Randle, Nerlens Noel",6,"2",42,27,42,27,1045,1045,0,0,0,0
"22100147","PHI","Danny Green, Georges Niang, Paul Reed, Seth Curry, Tyrese Maxey",6,"2",27,37,27,37,938,975,0,0,0,37
"22100147","NYK","Alec Burks, Immanuel Quickley, Julius Randle, Nerlens Noel, RJ Barrett",7,"2",42,27,44,30,1045,1068,2,3,-1,23
"22100147","PHI","Andre Drummond, Danny Green, Paul Reed, Seth Curry, Tyrese Maxey",7,"2",27,37,27,37,975,975,0,0,0,0
"22100147","NYK","Alec Burks, Julius Randle, Kemba Walker, Nerlens Noel, RJ Barrett",8,"2",44,30,44,30,1068,1068,0,0,0,0
"22100147","PHI","Andre Drummond, Danny Green, Furkan Korkmaz, Seth Curry, Tyrese Maxey",8,"2",27,37,30,44,975,1148,3,7,-4,173
"22100147","NYK","Evan Fournier, Julius Randle, Kemba Walker, Nerlens Noel, RJ Barrett",9,"2",44,30,46,30,1068,1184,2,0,2,116
"22100147","PHI","Andre Drummond, Danny Green, Furkan Korkmaz, Seth Curry, Shake Milton",9,"2",30,44,35,52,1148,1292,5,8,-3,144
"22100147","NYK","Evan Fournier, Julius Randle, Kemba Walker, RJ Barrett, Taj Gibson",10,"2",46,30,58,44,1184,1440,12,14,-2,256
"22100147","NYK","Evan Fournier, Julius Randle, Kemba Walker, RJ Barrett, Taj Gibson",10,"3",58,44,60,48,1440,1586,2,4,-2,146
"22100147","PHI","Andre Drummond, Furkan Korkmaz, Georges Niang, Seth Curry, Shake Milton",10,"2",35,52,41,58,1292,1409,6,6,0,117
"22100147","NYK","Evan Fournier, Kemba Walker, Obi Toppin, RJ Barrett, Taj Gibson",11,"3",60,48,60,49,1586,1614,0,1,-1,28
"22100147","PHI","Furkan Korkmaz, Georges Niang, Seth Curry, Shake Milton, Tyrese Maxey",11,"2",41,58,44,58,1409,1440,3,0,3,31
"22100147","NYK","Evan Fournier, Julius Randle, Kemba Walker, RJ Barrett, Taj Gibson",12,"3",60,49,62,51,1614,1686,2,2,0,72
"22100147","PHI","Andre Drummond, Danny Green, Furkan Korkmaz, Seth Curry, Tyrese Maxey",12,"3",44,58,59,67,1440,1866,15,9,6,426
"22100147","NYK","Alec Burks, Julius Randle, Kemba Walker, RJ Barrett, Taj Gibson",13,"3",62,51,67,59,1686,1866,5,8,-3,180
"22100147","PHI","Andre Drummond, Furkan Korkmaz, Georges Niang, Seth Curry, Tyrese Maxey",13,"3",59,67,64,67,1866,1969,5,0,5,103
"22100147","NYK","Alec Burks, Derrick Rose, Julius Randle, RJ Barrett, Taj Gibson",14,"3",67,59,67,64,1866,1969,0,5,-5,103
"22100147","PHI","Andre Drummond, Furkan Korkmaz, Georges Niang, Seth Curry, Shake Milton",14,"3",64,67,69,70,1969,2063,5,3,2,94
"22100147","NYK","Alec Burks, Derrick Rose, Immanuel Quickley, Julius Randle, Taj Gibson",15,"3",67,64,72,69,1969,2100,5,5,0,131
"22100147","PHI","Andre Drummond, Furkan Korkmaz, Georges Niang, Shake Milton, Tyrese Maxey",15,"3",69,70,69,72,2063,2100,0,2,-2,37
"22100147","NYK","Alec Burks, Derrick Rose, Immanuel Quickley, Julius Randle, RJ Barrett",16,"3",72,69,72,69,2100,2160,0,0,0,60
"22100147","PHI","Danny Green, Furkan Korkmaz, Georges Niang, Shake Milton, Tyrese Maxey",16,"3",69,72,69,72,2100,2160,0,0,0,60
"22100147","PHI","Danny Green, Furkan Korkmaz, Georges Niang, Shake Milton, Tyrese Maxey",16,"4",69,72,73,74,2160,2246,4,2,2,86
"22100147","NYK","Alec Burks, Derrick Rose, Immanuel Quickley, Obi Toppin, RJ Barrett",17,"4",72,69,81,75,2160,2329,9,6,3,169
"22100147","PHI","Furkan Korkmaz, Georges Niang, Seth Curry, Shake Milton, Tyrese Maxey",17,"4",73,74,75,81,2246,2329,2,7,-5,83
"22100147","NYK","Alec Burks, Derrick Rose, Immanuel Quickley, RJ Barrett, Taj Gibson",18,"4",81,75,89,85,2329,2547,8,10,-2,218
"22100147","PHI","Andre Drummond, Georges Niang, Seth Curry, Shake Milton, Tyrese Maxey",18,"4",75,81,85,89,2329,2547,10,8,2,218
"22100147","NYK","Alec Burks, Derrick Rose, Immanuel Quickley, Julius Randle, RJ Barrett",19,"4",89,85,89,85,2547,2547,0,0,0,0
"22100147","PHI","Andre Drummond, Furkan Korkmaz, Georges Niang, Seth Curry, Tyrese Maxey",19,"4",85,89,88,94,2547,2679,3,5,-2,132
"22100147","NYK","Alec Burks, Derrick Rose, Julius Randle, RJ Barrett, Taj Gibson",20,"4",89,85,89,88,2547,2579,0,3,-3,32
"22100147","PHI","Andre Drummond, Danny Green, Furkan Korkmaz, Seth Curry, Tyrese Maxey",20,"4",88,94,91,102,2679,2809,3,8,-5,130
"22100147","NYK","Alec Burks, Evan Fournier, Julius Randle, RJ Barrett, Taj Gibson",21,"4",89,88,89,88,2579,2579,0,0,0,0
"22100147","PHI","Andre Drummond, Furkan Korkmaz, Georges Niang, Seth Curry, Tyrese Maxey",21,"4",91,102,96,102,2809,2856,5,0,5,47
"22100147","NYK","Evan Fournier, Julius Randle, Kemba Walker, RJ Barrett, Taj Gibson",22,"4",89,88,102,96,2579,2856,13,8,5,277
"22100147","PHI","Furkan Korkmaz, Georges Niang, Seth Curry, Shake Milton, Tyrese Maxey",22,"4",96,102,96,103,2856,2880,0,1,-1,24
"22100147","NYK","Evan Fournier, Immanuel Quickley, Julius Randle, Kemba Walker, RJ Barrett",23,"4",102,96,103,96,2856,2880,1,0,1,24
"22100148","BKN","Blake Griffin, Bruce Brown, James Harden, Joe Harris, Kevin Durant",0,"1",0,0,18,20,0,365,18,20,-2,365
"22100148","CHI","DeMar DeRozan, Javonte Green, Lonzo Ball, Nikola Vucevic, Zach LaVine",0,"1",0,0,20,18,0,365,20,18,2,365
"22100148","BKN","Blake Griffin, Bruce Brown, DeAndre' Bembry, James Harden, Kevin Durant",1,"1",18,20,18,22,365,408,0,2,-2,43
"22100148","CHI","Alex Caruso, Javonte Green, Lonzo Ball, Nikola Vucevic, Zach LaVine",1,"1",20,18,24,20,365,461,4,2,2,96
"22100148","BKN","Blake Griffin, DeAndre' Bembry, James Harden, Kevin Durant, Patty Mills",2,"1",18,22,22,28,408,526,4,6,-2,118
"22100148","CHI","Alex Caruso, Javonte Green, Lonzo Ball, Tony Bradley, Zach LaVine",2,"1",24,20,24,20,461,461,0,0,0,0
"22100148","BKN","DeAndre' Bembry, James Harden, Joe Harris, Kevin Durant, Patty Mills",3,"1",22,28,22,28,526,526,0,0,0,0
"22100148","CHI","Alex Caruso, Derrick Jones Jr., Lonzo Ball, Tony Bradley, Zach LaVine",3,"1",24,20,30,25,461,623,6,5,1,162
"22100148","BKN","DeAndre' Bembry, Joe Harris, Kevin Durant, LaMarcus Aldridge, Patty Mills",4,"1",22,28,27,35,526,720,5,7,-2,194
"22100148","CHI","Alex Caruso, DeMar DeRozan, Derrick Jones Jr., Tony Bradley, Zach LaVine",4,"1",30,25,30,25,623,623,0,0,0,0
"22100148","BKN","James Harden, Jevon Carter, LaMarcus Aldridge, Patty Mills, Paul Millsap",5,"2",27,35,38,39,720,1087,11,4,7,367
"22100148","CHI","Alex Caruso, Ayo Dosunmu, DeMar DeRozan, Derrick Jones Jr., Tony Bradley",5,"1",30,25,30,25,623,623,0,0,0,0
"22100148","BKN","Bruce Brown, James Harden, LaMarcus Aldridge, Patty Mills, Paul Millsap",6,"2",38,39,38,39,1087,1087,0,0,0,0
"22100148","CHI","Alex Caruso, Ayo Dosunmu, DeMar DeRozan, Derrick Jones Jr., Nikola Vucevic",6,"1",30,25,35,27,623,720,5,2,3,97
"22100148","CHI","Alex Caruso, Ayo Dosunmu, DeMar DeRozan, Derrick Jones Jr., Nikola Vucevic",6,"2",35,27,37,33,720,895,2,6,-4,175
"22100148","BKN","Bruce Brown, James Harden, Joe Harris, LaMarcus Aldridge, Paul Millsap",7,"2",38,39,43,41,1087,1132,5,2,3,45
"22100148","CHI","Alex Caruso, Ayo Dosunmu, DeMar DeRozan, Javonte Green, Nikola Vucevic",7,"2",37,33,37,33,895,937,0,0,0,42
"22100148","BKN","Bruce Brown, James Harden, Joe Harris, Kevin Durant, LaMarcus Aldridge",8,"2",43,41,45,47,1132,1264,2,6,-4,132
"22100148","CHI","Alex Caruso, DeMar DeRozan, Javonte Green, Nikola Vucevic, Zach LaVine",8,"2",37,33,39,38,937,1087,2,5,-3,150
"22100148","BKN","Bruce Brown, Joe Harris, Kevin Durant, LaMarcus Aldridge, Patty Mills",9,"2",45,47,45,47,1264,1264,0,0,0,0
"22100148","CHI","DeMar DeRozan, Javonte Green, Lonzo Ball, Nikola Vucevic, Zach LaVine",9,"2",39,38,39,38,1087,1087,0,0,0,0
"22100148","BKN","Blake Griffin, Bruce Brown, Joe Harris, Kevin Durant, Patty Mills",10,"2",45,47,55,49,1264,1410,10,2,8,146
"22100148","CHI","DeMar DeRozan, Javonte Green, Lonzo Ball, Tony Bradley, Zach LaVine",10,"2",39,38,41,43,1087,1132,2,5,-3,45
"22100148","BKN","Blake Griffin, James Harden, Joe Harris, Kevin Durant, Patty Mills",11,"2",55,49,57,51,1410,1440,2,2,0,30
"22100148","CHI","Ayo Dosunmu, Javonte Green, Lonzo Ball, Tony Bradley, Zach LaVine",11,"2",41,43,45,43,1132,1221,4,0,4,89
"22100148","BKN","Blake Griffin, Bruce Brown, James Harden, Joe Harris, Kevin Durant",12,"3",57,51,64,64,1440,1865,7,13,-6,425
"22100148","CHI","Ayo Dosunmu, DeMar DeRozan, Javonte Green, Lonzo Ball, Zach LaVine",12,"2",45,43,45,43,1221,1221,0,0,0,0
"22100148","BKN","Bruce Brown, James Harden, Joe Harris, Kevin Durant, Patty Mills",13,"3",64,64,64,64,1865,1865,0,0,0,0
"22100148","CHI","DeMar DeRozan, Javonte Green, Lonzo Ball, Nikola Vucevic, Zach LaVine",13,"2",45,43,51,57,1221,1437,6,14,-8,216
"22100148","BKN","Bruce Brown, DeAndre' Bembry, James Harden, Kevin Durant, Patty Mills",14,"3",64,64,64,64,1865,1865,0,0,0,0
"22100148","CHI","Alex Caruso, DeMar DeRozan, Javonte Green, Nikola Vucevic, Zach LaVine",14,"2",51,57,51,57,1437,1440,0,0,0,3
"22100148","BKN","DeAndre' Bembry, James Harden, Kevin Durant, LaMarcus Aldridge, Patty Mills",15,"3",64,64,71,70,1865,1974,7,6,1,109
"22100148","CHI","DeMar DeRozan, Javonte Green, Lonzo Ball, Nikola Vucevic, Zach LaVine",15,"3",51,57,64,64,1440,1865,13,7,6,425
"22100148","BKN","DeAndre' Bembry, Joe Harris, Kevin Durant, LaMarcus Aldridge, Patty Mills",16,"3",71,70,78,76,1974,2160,7,6,1,186
"22100148","CHI","Derrick Jones Jr., Javonte Green, Lonzo Ball, Nikola Vucevic, Zach LaVine",16,"3",64,64,64,64,1865,1865,0,0,0,0
"22100148","BKN","Bruce Brown, DeAndre' Bembry, Joe Harris, LaMarcus Aldridge, Patty Mills",17,"4",78,76,80,81,2160,2278,2,5,-3,118
"22100148","CHI","Alex Caruso, Derrick Jones Jr., Lonzo Ball, Nikola Vucevic, Zach LaVine",17,"3",64,64,70,71,1865,1974,6,7,-1,109
"22100148","BKN","Bruce Brown, DeAndre' Bembry, James Harden, Joe Harris, LaMarcus Aldridge",18,"4",80,81,80,85,2278,2330,0,4,-4,52
"22100148","CHI","Alex Caruso, Derrick Jones Jr., Lonzo Ball, Tony Bradley, Zach LaVine",18,"3",70,71,70,74,1974,1982,0,3,-3,8
"22100148","BKN","Bruce Brown, James Harden, Joe Harris, Kevin Durant, LaMarcus Aldridge",19,"4",80,85,86,95,2330,2528,6,10,-4,198
"22100148","CHI","Alex Caruso, Ayo Dosunmu, Derrick Jones Jr., Tony Bradley, Zach LaVine",19,"3",70,74,70,74,1982,2014,0,0,0,32
"22100148","BKN","Blake Griffin, Bruce Brown, James Harden, Joe Harris, Kevin Durant",20,"4",86,95,91,110,2528,2686,5,15,-10,158
"22100148","CHI","Alex Caruso, Ayo Dosunmu, DeMar DeRozan, Derrick Jones Jr., Tony Bradley",20,"3",70,74,76,78,2014,2160,6,4,2,146
"22100148","CHI","Alex Caruso, Ayo Dosunmu, DeMar DeRozan, Derrick Jones Jr., Tony Bradley",20,"4",76,78,92,84,2160,2452,16,6,10,292
"22100148","BKN","Bruce Brown, DeAndre' Bembry, James Harden, Joe Harris, Kevin Durant",21,"4",91,110,91,110,2686,2686,0,0,0,0
"22100148","CHI","Alex Caruso, Ayo Dosunmu, DeMar DeRozan, Tony Bradley, Zach LaVine",21,"4",92,84,92,84,2452,2452,0,0,0,0
"22100148","BKN","Bruce Brown, Cam Thomas, DeAndre' Bembry, James Harden, Joe Harris",22,"4",91,110,91,110,2686,2686,0,0,0,0
"22100148","CHI","Ayo Dosunmu, DeMar DeRozan, Nikola Vucevic, Tony Bradley, Zach LaVine",22,"4",92,84,92,84,2452,2452,0,0,0,0
"22100148","BKN","Bruce Brown, Cam Thomas, DeAndre' Bembry, James Harden, Jevon Carter",23,"4",91,110,91,110,2686,2686,0,0,0,0
"22100148","CHI","Ayo Dosunmu, Lonzo Ball, Nikola Vucevic, Tony Bradley, Zach LaVine",23,"4",92,84,92,84,2452,2452,0,0,0,0
"22100148","BKN","Bruce Brown, Cam Thomas, Day'Ron Sharpe, DeAndre' Bembry, Jevon Carter",24,"4",91,110,95,118,2686,2880,4,8,-4,194
"22100148","CHI","Ayo Dosunmu, Javonte Green, Lonzo Ball, Nikola Vucevic, Zach LaVine",24,"4",92,84,104,91,2452,2630,12,7,5,178
"22100148","CHI","DeMar DeRozan, Javonte Green, Lonzo Ball, Nikola Vucevic, Zach LaVine",25,"4",104,91,112,91,2630,2755,8,0,8,125
"22100148","CHI","DeMar DeRozan, Javonte Green, Matt Thomas, Nikola Vucevic, Zach LaVine",26,"4",112,91,112,91,2755,2755,0,0,0,0
"22100148","CHI","DeMar DeRozan, Javonte Green, Matt Thomas, Nikola Vucevic, Troy Brown Jr.",27,"4",112,91,112,91,2755,2755,0,0,0,0
"22100148","CHI","Ayo Dosunmu, DeMar DeRozan, Javonte Green, Matt Thomas, Troy Brown Jr.",28,"4",112,91,112,91,2755,2755,0,0,0,0
"22100148","CHI","Ayo Dosunmu, Javonte Green, Matt Thomas, Tony Bradley, Troy Brown Jr.",29,"4",112,91,112,91,2755,2755,0,0,0,0
"22100148","CHI","Alex Caruso, Ayo Dosunmu, Matt Thomas, Tony Bradley, Troy Brown Jr.",30,"4",112,91,118,95,2755,2860,6,4,2,105
"22100148","CHI","Alex Caruso, Alize Johnson, Ayo Dosunmu, Matt Thomas, Troy Brown Jr.",31,"4",118,95,118,95,2860,2880,0,0,0,20
"22100149","MEM","De'Anthony Melton, Desmond Bane, Ja Morant, Jaren Jackson Jr., Steven Adams",0,"1",0,0,15,24,0,464,15,24,-9,464
"22100149","MIN","Anthony Edwards, D'Angelo Russell, Jaden McDaniels, Karl-Anthony Towns, Patrick Beverley",0,"1",0,0,24,15,0,464,24,15,9,464
"22100149","MEM","De'Anthony Melton, Ja Morant, Jaren Jackson Jr., Kyle Anderson, Steven Adams",1,"1",15,24,15,24,464,464,0,0,0,0
"22100149","MIN","Anthony Edwards, Jaden McDaniels, Karl-Anthony Towns, Malik Beasley, Patrick Beverley",1,"1",24,15,24,20,464,508,0,5,-5,44
"22100149","MEM","Brandon Clarke, De'Anthony Melton, Ja Morant, Jaren Jackson Jr., Kyle Anderson",2,"1",15,24,20,24,464,508,5,0,5,44
"22100149","MIN","Anthony Edwards, Jarred Vanderbilt, Karl-Anthony Towns, Malik Beasley, Patrick Beverley",2,"1",24,20,24,26,508,579,0,6,-6,71
"22100149","MEM","Brandon Clarke, Ja Morant, Jaren Jackson Jr., Kyle Anderson, Tyus Jones",3,"1",20,24,26,26,508,588,6,2,4,80
"22100149","MIN","Anthony Edwards, Jarred Vanderbilt, Karl-Anthony Towns, Malik Beasley, Naz Reid",3,"1",24,26,24,26,579,579,0,0,0,0
"22100149","MEM","Brandon Clarke, Ja Morant, Kyle Anderson, Tyus Jones, Xavier Tillman Sr.",4,"1",26,26,34,34,588,720,8,8,0,132
"22100149","MIN","Anthony Edwards, D'Angelo Russell, Jarred Vanderbilt, Malik Beasley, Naz Reid",4,"1",24,26,34,34,579,720,10,8,2,141
"22100149","MEM","Brandon Clarke, Desmond Bane, John Konchar, Tyus Jones, Xavier Tillman Sr.",5,"2",34,34,42,36,720,938,8,2,6,218
"22100149","MIN","D'Angelo Russell, Jarred Vanderbilt, Malik Beasley, Naz Reid, Taurean Prince",5,"2",34,34,36,42,720,938,2,8,-6,218
"22100149","MEM","Desmond Bane, John Konchar, Kyle Anderson, Tyus Jones, Xavier Tillman Sr.",6,"2",42,36,45,39,938,971,3,3,0,33
"22100149","MIN","D'Angelo Russell, Jarred Vanderbilt, Karl-Anthony Towns, Malik Beasley, Taurean Prince",6,"2",36,42,39,45,938,971,3,3,0,33
"22100149","MEM","Desmond Bane, John Konchar, Kyle Anderson, Steven Adams, Tyus Jones",7,"2",45,39,47,43,971,1085,2,4,-2,114
"22100149","MIN","D'Angelo Russell, Jaden McDaniels, Karl-Anthony Towns, Malik Beasley, Taurean Prince",7,"2",39,45,39,45,971,990,0,0,0,19
"22100149","MEM","De'Anthony Melton, Desmond Bane, John Konchar, Kyle Anderson, Steven Adams",8,"2",47,43,47,43,1085,1085,0,0,0,0
"22100149","MIN","Jaden McDaniels, Karl-Anthony Towns, Malik Beasley, Patrick Beverley, Taurean Prince",8,"2",39,45,43,47,990,1085,4,2,2,95
"22100149","MEM","De'Anthony Melton, Ja Morant, John Konchar, Kyle Anderson, Steven Adams",9,"2",47,43,47,43,1085,1085,0,0,0,0
"22100149","MIN","Jaden McDaniels, Josh Okogie, Karl-Anthony Towns, Patrick Beverley, Taurean Prince",9,"2",43,47,43,47,1085,1085,0,0,0,0
"22100149","MEM","De'Anthony Melton, Ja Morant, Jaren Jackson Jr., Kyle Anderson, Steven Adams",10,"2",47,43,49,48,1085,1254,2,5,-3,169
"22100149","MIN","Anthony Edwards, Jaden McDaniels, Josh Okogie, Karl-Anthony Towns, Patrick Beverley",10,"2",43,47,48,49,1085,1254,5,2,3,169
"22100149","MEM","De'Anthony Melton, Desmond Bane, Ja Morant, Jaren Jackson Jr., Kyle Anderson",11,"2",49,48,49,48,1254,1254,0,0,0,0
"22100149","MIN","Anthony Edwards, D'Angelo Russell, Jaden McDaniels, Josh Okogie, Karl-Anthony Towns",11,"2",48,49,54,56,1254,1421,6,7,-1,167
"22100149","MEM","Brandon Clarke, Desmond Bane, Ja Morant, Jaren Jackson Jr., Kyle Anderson",12,"2",49,48,58,54,1254,1440,9,6,3,186
"22100149","MIN","Anthony Edwards, D'Angelo Russell, Josh Okogie, Karl-Anthony Towns, Patrick Beverley",12,"2",54,56,54,56,1421,1421,0,0,0,0
"22100149","MEM","Brandon Clarke, Desmond Bane, Ja Morant, Kyle Anderson, Xavier Tillman Sr.",13,"2",58,54,58,54,1440,1440,0,0,0,0
"22100149","MIN","Anthony Edwards, Jarred Vanderbilt, Josh Okogie, Karl-Anthony Towns, Patrick Beverley",13,"2",54,56,54,58,1421,1440,0,2,-2,19
"22100149","MEM","De'Anthony Melton, Desmond Bane, Ja Morant, Jaren Jackson Jr., Steven Adams",14,"3",58,54,63,60,1440,1577,5,6,-1,137
"22100149","MIN","Anthony Edwards, D'Angelo Russell, Jaden McDaniels, Karl-Anthony Towns, Patrick Beverley",14,"3",54,58,71,73,1440,1815,17,15,2,375
"22100149","MEM","Brandon Clarke, De'Anthony Melton, Desmond Bane, Ja Morant, Steven Adams",15,"3",63,60,73,71,1577,1815,10,11,-1,238
"22100149","MIN","Anthony Edwards, D'Angelo Russell, Jaden McDaniels, Karl-Anthony Towns, Malik Beasley",15,"3",71,73,74,75,1815,1861,3,2,1,46
"22100149","MEM","Brandon Clarke, De'Anthony Melton, Ja Morant, Kyle Anderson, Steven Adams",16,"3",73,71,75,74,1815,1861,2,3,-1,46
"22100149","MIN","Anthony Edwards, D'Angelo Russell, Josh Okogie, Karl-Anthony Towns, Malik Beasley",16,"3",74,75,77,79,1861,1924,3,4,-1,63
"22100149","MEM","Brandon Clarke, De'Anthony Melton, Ja Morant, Kyle Anderson, Xavier Tillman Sr.",17,"3",75,74,77,77,1861,1884,2,3,-1,23
"22100149","MIN","D'Angelo Russell, Josh Okogie, Karl-Anthony Towns, Malik Beasley, Naz Reid",17,"3",77,79,92,81,1924,2160,15,2,13,236
"22100149","MEM","Brandon Clarke, Ja Morant, Kyle Anderson, Tyus Jones, Xavier Tillman Sr.",18,"3",77,77,81,90,1884,2120,4,13,-9,236
"22100149","MIN","Anthony Edwards, Josh Okogie, Malik Beasley, Naz Reid, Patrick Beverley",18,"4",92,81,92,81,2160,2198,0,0,0,38
"22100149","MEM","Brandon Clarke, Desmond Bane, Ja Morant, Tyus Jones, Xavier Tillman Sr.",19,"3",81,90,81,92,2120,2160,0,2,-2,40
"22100149","MIN","Anthony Edwards, Jarred Vanderbilt, Malik Beasley, Naz Reid, Patrick Beverley",19,"4",92,81,97,86,2198,2380,5,5,0,182
"22100149","MEM","Desmond Bane, Jaren Jackson Jr., John Konchar, Tyus Jones, Xavier Tillman Sr.",20,"4",81,92,86,97,2160,2380,5,5,0,220
"22100149","MIN","Anthony Edwards, Karl-Anthony Towns, Malik Beasley, Naz Reid, Patrick Beverley",20,"4",97,86,100,86,2380,2411,3,0,3,31
"22100149","MEM","De'Anthony Melton, Desmond Bane, Jaren Jackson Jr., John Konchar, Tyus Jones",21,"4",86,97,90,102,2380,2494,4,5,-1,114
"22100149","MIN","Anthony Edwards, Jaden McDaniels, Karl-Anthony Towns, Malik Beasley, Patrick Beverley",21,"4",100,86,102,90,2411,2494,2,4,-2,83
"22100149","MEM","De'Anthony Melton, Desmond Bane, Ja Morant, Jaren Jackson Jr., John Konchar",22,"4",90,102,90,102,2494,2533,0,0,0,39
"22100149","MIN","Anthony Edwards, Jaden McDaniels, Josh Okogie, Karl-Anthony Towns, Patrick Beverley",22,"4",102,90,102,90,2494,2494,0,0,0,0
"22100149","MEM","De'Anthony Melton, Desmond Bane, Ja Morant, Jaren Jackson Jr., Kyle Anderson",23,"4",90,102,113,113,2533,2880,23,11,12,347
"22100149","MEM","De'Anthony Melton, Desmond Bane, Ja Morant, Jaren Jackson Jr., Kyle Anderson",23,"5",113,113,117,115,2880,2991,4,2,2,111
"22100149","MIN","Anthony Edwards, D'Angelo Russell, Jaden McDaniels, Josh Okogie, Karl-Anthony Towns",23,"4",102,90,108,99,2494,2693,6,9,-3,199
"22100149","MEM","Brandon Clarke, De'Anthony Melton, Desmond Bane, Ja Morant, Kyle Anderson",24,"5",117,115,125,118,2991,3180,8,3,5,189
"22100149","MIN","Anthony Edwards, D'Angelo Russell, Jaden McDaniels, Karl-Anthony Towns, Patrick Beverley",24,"4",108,99,110,111,2693,2856,2,12,-10,163
"22100149","MIN","Anthony Edwards, D'Angelo Russell, Josh Okogie, Karl-Anthony Towns, Patrick Beverley",25,"4",110,111,110,111,2856,2864,0,0,0,8
"22100149","MIN","Anthony Edwards, D'Angelo Russell, Karl-Anthony Towns, Malik Beasley, Patrick Beverley",26,"4",110,111,110,111,2864,2877,0,0,0,13
"22100149","MIN","Anthony Edwards, D'Angelo Russell, Jaden McDaniels, Karl-Anthony Towns, Patrick Beverley",27,"4",110,111,110,113,2877,2878,0,2,-2,1
"22100149","MIN","Anthony Edwards, D'Angelo Russell, Karl-Anthony Towns, Naz Reid, Patrick Beverley",28,"4",110,113,110,113,2878,2879,0,0,0,1
"22100149","MIN","Anthony Edwards, D'Angelo Russell, Karl-Anthony Towns, Malik Beasley, Naz Reid",29,"4",110,113,113,113,2879,2880,3,0,3,1
"22100149","MIN","Anthony Edwards, D'Angelo Russell, Jaden McDaniels, Karl-Anthony Towns, Malik Beasley",30,"5",113,113,113,117,2880,2928,0,4,-4,48
"22100149","MIN","Anthony Edwards, D'Angelo Russell, Josh Okogie, Karl-Anthony Towns, Malik Beasley",31,"5",113,117,118,123,2928,3158,5,6,-1,230
"22100149","MIN","Anthony Edwards, D'Angelo Russell, Karl-Anthony Towns, Malik Beasley, Patrick Beverley",32,"5",118,123,118,125,3158,3170,0,2,-2,12
"22100149","MIN","Anthony Edwards, D'Angelo Russell, Karl-Anthony Towns, Malik Beasley, Naz Reid",33,"5",118,125,118,125,3170,3180,0,0,0,10
"22100150","DAL","Dorian Finney-Smith, Dwight Powell, Kristaps Porzingis, Luka Doncic, Tim Hardaway Jr.",0,"1",0,0,6,9,0,314,6,9,-3,314
"22100150","NOP","Devonte' Graham, Garrett Temple, Jonas Valanciunas, Josh Hart, Nickeil Alexander-Walker",0,"1",0,0,12,6,0,351,12,6,6,351
"22100150","DAL","Dorian Finney-Smith, Dwight Powell, Kristaps Porzingis, Luka Doncic, Reggie Bullock",1,"1",6,9,6,9,314,314,0,0,0,0
"22100150","NOP","Devonte' Graham, Garrett Temple, Jaxson Hayes, Josh Hart, Nickeil Alexander-Walker",1,"1",12,6,16,10,351,440,4,4,0,89
"22100150","DAL","Dorian Finney-Smith, Dwight Powell, Jalen Brunson, Luka Doncic, Reggie Bullock",2,"1",6,9,6,12,314,363,0,3,-3,49
"22100150","NOP","Devonte' Graham, Garrett Temple, Jaxson Hayes, Josh Hart, Tomas Satoransky",2,"1",16,10,21,14,440,527,5,4,1,87
"22100150","DAL","Dorian Finney-Smith, Jalen Brunson, Luka Doncic, Reggie Bullock, Willie Cauley-Stein",3,"1",6,12,14,21,363,527,8,9,-1,164
"22100150","NOP","Devonte' Graham, Garrett Temple, Jaxson Hayes, Tomas Satoransky, Trey Murphy III",3,"1",21,14,21,14,527,527,0,0,0,0
"22100150","DAL","Frank Ntilikina, Jalen Brunson, Luka Doncic, Reggie Bullock, Willie Cauley-Stein",4,"1",14,21,14,21,527,527,0,0,0,0
"22100150","NOP","Devonte' Graham, Jaxson Hayes, Naji Marshall, Tomas Satoransky, Trey Murphy III",4,"1",21,14,27,16,527,654,6,2,4,127
"22100150","DAL","Frank Ntilikina, Jalen Brunson, Reggie Bullock, Sterling Brown, Willie Cauley-Stein",5,"1",14,21,16,27,527,654,2,6,-4,127
"22100150","NOP","Jaxson Hayes, Kira Lewis Jr., Naji Marshall, Tomas Satoransky, Trey Murphy III",5,"1",27,16,27,22,654,720,0,6,-6,66
"22100150","DAL","Frank Ntilikina, Jalen Brunson, Sterling Brown, Tim Hardaway Jr., Willie Cauley-Stein",6,"1",16,27,16,27,654,654,0,0,0,0
"22100150","NOP","Jonas Valanciunas, Kira Lewis Jr., Naji Marshall, Tomas Satoransky, Trey Murphy III",6,"2",27,22,29,31,720,859,2,9,-7,139
"22100150","DAL","Frank Ntilikina, Jalen Brunson, Kristaps Porzingis, Sterling Brown, Tim Hardaway Jr.",7,"1",16,27,22,27,654,720,6,0,6,66
"22100150","DAL","Frank Ntilikina, Jalen Brunson, Kristaps Porzingis, Sterling Brown, Tim Hardaway Jr.",7,"2",22,27,31,31,720,970,9,4,5,250
"22100150","NOP","Jonas Valanciunas, Naji Marshall, Nickeil Alexander-Walker, Tomas Satoransky, Trey Murphy III",7,"2",29,31,29,31,859,893,0,0,0,34
"22100150","DAL","Dwight Powell, Frank Ntilikina, Jalen Brunson, Sterling Brown, Tim Hardaway Jr.",8,"2",31,31,31,31,970,970,0,0,0,0
"22100150","NOP","Jonas Valanciunas, Josh Hart, Nickeil Alexander-Walker, Tomas Satoransky, Trey Murphy III",8,"2",29,31,31,31,893,970,2,0,2,77
"22100150","DAL","Dwight Powell, Frank Ntilikina, Jalen Brunson, Luka Doncic, Tim Hardaway Jr.",9,"2",31,31,31,31,970,970,0,0,0,0
"22100150","NOP","Garrett Temple, Jonas Valanciunas, Josh Hart, Nickeil Alexander-Walker, Tomas Satoransky",9,"2",31,31,31,33,970,1005,0,2,-2,35
"22100150","DAL","Dwight Powell, Frank Ntilikina, Jalen Brunson, Luka Doncic, Reggie Bullock",10,"2",31,31,33,31,970,1005,2,0,2,35
"22100150","NOP","Devonte' Graham, Garrett Temple, Jonas Valanciunas, Josh Hart, Nickeil Alexander-Walker",10,"2",31,33,36,40,1005,1221,5,7,-2,216
"22100150","DAL","Dorian Finney-Smith, Dwight Powell, Frank Ntilikina, Luka Doncic, Reggie Bullock",11,"2",33,31,40,33,1005,1162,7,2,5,157
"22100150","NOP","Devonte' Graham, Garrett Temple, Jaxson Hayes, Josh Hart, Nickeil Alexander-Walker",11,"2",36,40,40,46,1221,1337,4,6,-2,116
"22100150","DAL","Dorian Finney-Smith, Dwight Powell, Luka Doncic, Reggie Bullock, Tim Hardaway Jr.",12,"2",40,33,40,36,1162,1221,0,3,-3,59
"22100150","NOP","Devonte' Graham, Garrett Temple, Jonas Valanciunas, Josh Hart, Nickeil Alexander-Walker",12,"2",40,46,47,51,1337,1440,7,5,2,103
"22100150","NOP","Devonte' Graham, Garrett Temple, Jonas Valanciunas, Josh Hart, Nickeil Alexander-Walker",12,"3",47,51,64,66,1440,1838,17,15,2,398
"22100150","DAL","Dorian Finney-Smith, Dwight Powell, Jalen Brunson, Luka Doncic, Tim Hardaway Jr.",13,"2",40,36,51,47,1221,1440,11,11,0,219
"22100150","NOP","Devonte' Graham, Garrett Temple, Jaxson Hayes, Josh Hart, Nickeil Alexander-Walker",13,"3",64,66,66,71,1838,1927,2,5,-3,89
"22100150","DAL","Dorian Finney-Smith, Dwight Powell, Kristaps Porzingis, Luka Doncic, Tim Hardaway Jr.",14,"3",51,47,62,61,1440,1763,11,14,-3,323
"22100150","NOP","Garrett Temple, Jaxson Hayes, Josh Hart, Nickeil Alexander-Walker, Tomas Satoransky",14,"3",66,71,66,71,1927,1927,0,0,0,0
"22100150","DAL","Dorian Finney-Smith, Dwight Powell, Kristaps Porzingis, Luka Doncic, Reggie Bullock",15,"3",62,61,62,61,1763,1763,0,0,0,0
"22100150","NOP","Jaxson Hayes, Josh Hart, Naji Marshall, Nickeil Alexander-Walker, Tomas Satoransky",15,"3",66,71,69,78,1927,2121,3,7,-4,194
"22100150","DAL","Dorian Finney-Smith, Dwight Powell, Jalen Brunson, Luka Doncic, Reggie Bullock",16,"3",62,61,71,66,1763,1927,9,5,4,164
"22100150","NOP","Jaxson Hayes, Kira Lewis Jr., Naji Marshall, Nickeil Alexander-Walker, Tomas Satoransky",16,"3",69,78,69,78,2121,2121,0,0,0,0
"22100150","DAL","Dorian Finney-Smith, Jalen Brunson, Kristaps Porzingis, Luka Doncic, Reggie Bullock",17,"3",71,66,76,68,1927,2032,5,2,3,105
"22100150","NOP","Jaxson Hayes, Kira Lewis Jr., Naji Marshall, Tomas Satoransky, Trey Murphy III",17,"3",69,78,69,78,2121,2160,0,0,0,39
"22100150","DAL","Frank Ntilikina, Jalen Brunson, Kristaps Porzingis, Luka Doncic, Reggie Bullock",18,"3",76,68,76,69,2032,2063,0,1,-1,31
"22100150","NOP","Jonas Valanciunas, Kira Lewis Jr., Naji Marshall, Tomas Satoransky, Trey Murphy III",18,"4",69,78,69,85,2160,2289,0,7,-7,129
"22100150","DAL","Frank Ntilikina, Jalen Brunson, Kristaps Porzingis, Reggie Bullock, Tim Hardaway Jr.",19,"3",76,69,78,69,2063,2160,2,0,2,97
"22100150","NOP","Jonas Valanciunas, Naji Marshall, Nickeil Alexander-Walker, Tomas Satoransky, Trey Murphy III",19,"4",69,85,69,85,2289,2289,0,0,0,0
"22100150","DAL","Boban Marjanovic, Frank Ntilikina, Jalen Brunson, Reggie Bullock, Tim Hardaway Jr.",20,"4",78,69,95,77,2160,2459,17,8,9,299
"22100150","NOP","Garrett Temple, Jonas Valanciunas, Naji Marshall, Nickeil Alexander-Walker, Tomas Satoransky",20,"4",69,85,69,90,2289,2360,0,5,-5,71
"22100150","DAL","Boban Marjanovic, Frank Ntilikina, Reggie Bullock, Sterling Brown, Tim Hardaway Jr.",21,"4",95,77,95,77,2459,2459,0,0,0,0
"22100150","NOP","Garrett Temple, Jonas Valanciunas, Josh Hart, Nickeil Alexander-Walker, Tomas Satoransky",21,"4",69,90,77,95,2360,2459,8,5,3,99
"22100150","DAL","Boban Marjanovic, Luka Doncic, Reggie Bullock, Sterling Brown, Tim Hardaway Jr.",22,"4",95,77,95,77,2459,2459,0,0,0,0
"22100150","NOP","Devonte' Graham, Garrett Temple, Jonas Valanciunas, Josh Hart, Nickeil Alexander-Walker",22,"4",77,95,92,108,2459,2835,15,13,2,376
"22100150","DAL","Boban Marjanovic, Kristaps Porzingis, Luka Doncic, Sterling Brown, Tim Hardaway Jr.",23,"4",95,77,98,86,2459,2643,3,9,-6,184
"22100150","NOP","Devonte' Graham, Garrett Temple, Jaxson Hayes, Josh Hart, Nickeil Alexander-Walker",23,"4",92,108,92,108,2835,2855,0,0,0,20
"22100150","DAL","Jalen Brunson, Kristaps Porzingis, Luka Doncic, Sterling Brown, Tim Hardaway Jr.",24,"4",98,86,98,86,2643,2643,0,0,0,0
"22100150","NOP","Devonte' Graham, Garrett Temple, Jaxson Hayes, Nickeil Alexander-Walker, Trey Murphy III",24,"4",92,108,92,108,2855,2855,0,0,0,0
"22100150","DAL","Dorian Finney-Smith, Jalen Brunson, Kristaps Porzingis, Luka Doncic, Tim Hardaway Jr.",25,"4",98,86,108,92,2643,2835,10,6,4,192
"22100150","NOP","Garrett Temple, Jaxson Hayes, Kira Lewis Jr., Nickeil Alexander-Walker, Trey Murphy III",25,"4",92,108,92,108,2855,2880,0,0,0,25
"22100150","DAL","Dorian Finney-Smith, Jalen Brunson, Luka Doncic, Moses Brown, Tim Hardaway Jr.",26,"4",108,92,108,92,2835,2835,0,0,0,0
"22100150","DAL","Dorian Finney-Smith, Jalen Brunson, Josh Green, Luka Doncic, Moses Brown",27,"4",108,92,108,92,2835,2835,0,0,0,0
"22100150","DAL","Dorian Finney-Smith, Jalen Brunson, Josh Green, Moses Brown, Sterling Brown",28,"4",108,92,108,92,2835,2880,0,0,0,45
"22100151","DEN","Aaron Gordon, Jeff Green, Monte Morris, Nikola Jokic, Will Barton",0,"1",0,0,21,14,0,382,21,14,7,382
"22100151","MIA","Bam Adebayo, Duncan Robinson, Jimmy Butler, Kyle Lowry, P.J. Tucker",0,"1",0,0,14,21,0,382,14,21,-7,382
"22100151","DEN","Aaron Gordon, Jeff Green, Monte Morris, Nikola Jokic, P.J. Dozier",1,"1",21,14,21,14,382,394,0,0,0,12
"22100151","MIA","Bam Adebayo, Duncan Robinson, Jimmy Butler, P.J. Tucker, Tyler Herro",1,"1",14,21,17,23,382,467,3,2,1,85
"22100151","DEN","Aaron Gordon, JaMychal Green, Monte Morris, Nikola Jokic, P.J. Dozier",2,"1",21,14,23,14,394,424,2,0,2,30
"22100151","MIA","Dewayne Dedmon, Duncan Robinson, Jimmy Butler, P.J. Tucker, Tyler Herro",2,"1",17,23,17,23,467,482,0,0,0,15
"22100151","DEN","Aaron Gordon, Bones Hyland, JaMychal Green, Nikola Jokic, P.J. Dozier",3,"1",23,14,25,21,424,585,2,7,-5,161
"22100151","MIA","Caleb Martin, Dewayne Dedmon, Jimmy Butler, P.J. Tucker, Tyler Herro",3,"1",17,23,21,25,482,585,4,2,2,103
"22100151","DEN","Aaron Gordon, Bones Hyland, JaMychal Green, P.J. Dozier, Will Barton",4,"1",25,21,25,21,585,585,0,0,0,0
"22100151","MIA","Caleb Martin, Dewayne Dedmon, Jimmy Butler, Markieff Morris, Tyler Herro",4,"1",21,25,21,25,585,585,0,0,0,0
"22100151","DEN","Austin Rivers, Bones Hyland, JaMychal Green, P.J. Dozier, Will Barton",5,"1",25,21,30,25,585,720,5,4,1,135
"22100151","DEN","Austin Rivers, Bones Hyland, JaMychal Green, P.J. Dozier, Will Barton",5,"2",30,25,41,32,720,913,11,7,4,193
"22100151","MIA","Caleb Martin, Dewayne Dedmon, Kyle Lowry, Markieff Morris, Tyler Herro",5,"1",21,25,25,30,585,720,4,5,-1,135
"22100151","DEN","Austin Rivers, Bones Hyland, JaMychal Green, Jeff Green, Will Barton",6,"2",41,32,43,34,913,974,2,2,0,61
"22100151","MIA","Dewayne Dedmon, Duncan Robinson, Kyle Lowry, Markieff Morris, Tyler Herro",6,"2",25,30,28,35,720,795,3,5,-2,75
"22100151","DEN","Aaron Gordon, Austin Rivers, Bones Hyland, Jeff Green, Will Barton",7,"2",43,34,43,34,974,974,0,0,0,0
"22100151","MIA","Bam Adebayo, Duncan Robinson, Kyle Lowry, Markieff Morris, Tyler Herro",7,"2",28,35,32,43,795,930,4,8,-4,135
"22100151","DEN","Aaron Gordon, Austin Rivers, Jeff Green, Nikola Jokic, Will Barton",8,"2",43,34,43,34,974,974,0,0,0,0
"22100151","MIA","Bam Adebayo, Duncan Robinson, Jimmy Butler, Kyle Lowry, Markieff Morris",8,"2",32,43,34,43,930,1011,2,0,2,81
"22100151","DEN","Aaron Gordon, Austin Rivers, Jeff Green, Monte Morris, Nikola Jokic",9,"2",43,34,53,38,974,1214,10,4,6,240
"22100151","MIA","Bam Adebayo, Duncan Robinson, Jimmy Butler, Markieff Morris, Tyler Herro",9,"2",34,43,34,43,1011,1011,0,0,0,0
"22100151","DEN","Aaron Gordon, Jeff Green, Monte Morris, Nikola Jokic, Will Barton",10,"2",53,38,64,47,1214,1411,11,9,2,197
"22100151","MIA","Bam Adebayo, Duncan Robinson, Jimmy Butler, P.J. Tucker, Tyler Herro",10,"2",34,43,34,43,1011,1011,0,0,0,0
"22100151","DEN","Aaron Gordon, Jeff Green, Monte Morris, Nikola Jokic, P.J. Dozier",11,"2",64,47,64,49,1411,1440,0,2,-2,29
"22100151","MIA","Bam Adebayo, Caleb Martin, Jimmy Butler, P.J. Tucker, Tyler Herro",11,"2",34,43,36,49,1011,1090,2,6,-4,79
"22100151","DEN","Aaron Gordon, Jeff Green, Monte Morris, Nikola Jokic, Will Barton",12,"3",64,49,79,56,1440,1772,15,7,8,332
"22100151","MIA","Bam Adebayo, Caleb Martin, Jimmy Butler, Kyle Lowry, Tyler Herro",12,"2",36,49,36,51,1090,1169,0,2,-2,79
"22100151","DEN","Aaron Gordon, Monte Morris, Nikola Jokic, P.J. Dozier, Will Barton",13,"3",79,56,81,64,1772,1947,2,8,-6,175
"22100151","MIA","Caleb Martin, Dewayne Dedmon, Jimmy Butler, Kyle Lowry, Tyler Herro",13,"2",36,51,43,58,1169,1283,7,7,0,114
"22100151","DEN","Aaron Gordon, Bones Hyland, Nikola Jokic, P.J. Dozier, Will Barton",14,"3",81,64,84,68,1947,2048,3,4,-1,101
"22100151","MIA","Bam Adebayo, Dewayne Dedmon, Jimmy Butler, Kyle Lowry, Tyler Herro",14,"2",43,58,43,58,1283,1283,0,0,0,0
"22100151","DEN","Aaron Gordon, Bones Hyland, JaMychal Green, P.J. Dozier, Will Barton",15,"3",84,68,84,68,2048,2048,0,0,0,0
"22100151","MIA","Bam Adebayo, Jimmy Butler, Kyle Lowry, Markieff Morris, Tyler Herro",15,"2",43,58,49,64,1283,1440,6,6,0,157
"22100151","DEN","Aaron Gordon, Bones Hyland, JaMychal Green, Jeff Green, P.J. Dozier",16,"3",84,68,84,68,2048,2048,0,0,0,0
"22100151","MIA","Bam Adebayo, Duncan Robinson, Jimmy Butler, Kyle Lowry, P.J. Tucker",16,"3",49,64,59,79,1440,1855,10,15,-5,415
"22100151","DEN","Austin Rivers, Bones Hyland, JaMychal Green, Jeff Green, P.J. Dozier",17,"3",84,68,91,70,2048,2160,7,2,5,112
"22100151","DEN","Austin Rivers, Bones Hyland, JaMychal Green, Jeff Green, P.J. Dozier",17,"4",91,70,92,78,2160,2289,1,8,-7,129
"22100151","MIA","Bam Adebayo, Duncan Robinson, Jimmy Butler, P.J. Tucker, Tyler Herro",17,"3",59,79,68,84,1855,2048,9,5,4,193
"22100151","DEN","Aaron Gordon, Austin Rivers, JaMychal Green, Jeff Green, P.J. Dozier",18,"4",92,78,92,78,2289,2289,0,0,0,0
"22100151","MIA","Dewayne Dedmon, Duncan Robinson, Jimmy Butler, P.J. Tucker, Tyler Herro",18,"3",68,84,68,84,2048,2048,0,0,0,0
"22100151","DEN","Aaron Gordon, JaMychal Green, Jeff Green, P.J. Dozier, Will Barton",19,"4",92,78,94,80,2289,2376,2,2,0,87
"22100151","MIA","Dewayne Dedmon, Duncan Robinson, Kyle Lowry, P.J. Tucker, Tyler Herro",19,"3",68,84,68,86,2048,2064,0,2,-2,16
"22100151","DEN","Aaron Gordon, Jeff Green, Nikola Jokic, P.J. Dozier, Will Barton",20,"4",94,80,94,80,2376,2376,0,0,0,0
"22100151","MIA","Dewayne Dedmon, Duncan Robinson, Kyle Lowry, Markieff Morris, Tyler Herro",20,"3",68,86,70,91,2064,2156,2,5,-3,92
"22100151","DEN","Aaron Gordon, Jeff Green, Monte Morris, Nikola Jokic, Will Barton",21,"4",94,80,111,94,2376,2721,17,14,3,345
"22100151","MIA","Dewayne Dedmon, Gabe Vincent, Kyle Lowry, Markieff Morris, Tyler Herro",21,"3",70,91,70,91,2156,2160,0,0,0,4
"22100151","DEN","Aaron Gordon, Bol Bol, Jeff Green, Monte Morris, Will Barton",22,"4",111,94,111,94,2721,2721,0,0,0,0
"22100151","MIA","Dewayne Dedmon, Jimmy Butler, Kyle Lowry, Markieff Morris, Tyler Herro",22,"4",70,91,83,98,2160,2463,13,7,6,303
"22100151","DEN","Aaron Gordon, Jeff Green, Monte Morris, P.J. Dozier, Will Barton",23,"4",111,94,111,94,2721,2808,0,0,0,87
"22100151","MIA","Bam Adebayo, Jimmy Butler, Kyle Lowry, Markieff Morris, Tyler Herro",23,"4",83,98,94,111,2463,2721,11,13,-2,258
"22100151","DEN","Austin Rivers, Jeff Green, Monte Morris, P.J. Dozier, Will Barton",24,"4",111,94,111,94,2808,2808,0,0,0,0
"22100151","MIA","Bam Adebayo, Caleb Martin, Jimmy Butler, Markieff Morris, Tyler Herro",24,"4",94,111,94,111,2721,2721,0,0,0,0
"22100151","DEN","Austin Rivers, Jeff Green, Monte Morris, P.J. Dozier, Zeke Nnaji",25,"4",111,94,111,94,2808,2808,0,0,0,0
"22100151","MIA","Bam Adebayo, Caleb Martin, Jimmy Butler, Omer Yurtseven, Tyler Herro",25,"4",94,111,94,111,2721,2721,0,0,0,0
"22100151","DEN","Austin Rivers, Jeff Green, Markus Howard, P.J. Dozier, Zeke Nnaji",26,"4",111,94,111,94,2808,2808,0,0,0,0
"22100151","MIA","Caleb Martin, Jimmy Butler, KZ Okpala, Omer Yurtseven, Tyler Herro",26,"4",94,111,94,111,2721,2721,0,0,0,0
"22100151","DEN","Austin Rivers, Bones Hyland, Markus Howard, P.J. Dozier, Zeke Nnaji",27,"4",111,94,111,94,2808,2808,0,0,0,0
"22100151","MIA","Caleb Martin, Duncan Robinson, Jimmy Butler, KZ Okpala, Omer Yurtseven",27,"4",94,111,94,111,2721,2721,0,0,0,0
"22100151","DEN","Austin Rivers, Bones Hyland, Facundo Campazzo, Markus Howard, Zeke Nnaji",28,"4",111,94,113,96,2808,2880,2,2,0,72
"22100151","MIA","Caleb Martin, Duncan Robinson, Gabe Vincent, KZ Okpala, Omer Yurtseven",28,"4",94,111,96,113,2721,2880,2,2,0,159
"22100152","ATL","Bogdan Bogdanovic, Clint Capela, De'Andre Hunter, John Collins, Trae Young",0,"1",0,0,19,18,0,365,19,18,1,365
"22100152","GSW","Andrew Wiggins, Draymond Green, Jordan Poole, Kevon Looney, Stephen Curry",0,"1",0,0,15,16,0,322,15,16,-1,322
"22100152","ATL","Bogdan Bogdanovic, Clint Capela, John Collins, Kevin Huerter, Trae Young",1,"1",19,18,19,18,365,365,0,0,0,0
"22100152","GSW","Andrew Wiggins, Draymond Green, Gary Payton II, Jordan Poole, Kevon Looney",1,"1",15,16,15,16,322,322,0,0,0,0
"22100152","ATL","Bogdan Bogdanovic, Danilo Gallinari, John Collins, Kevin Huerter, Trae Young",2,"1",19,18,24,22,365,473,5,4,1,108
"22100152","GSW","Andrew Wiggins, Draymond Green, Gary Payton II, Jordan Poole, Nemanja Bjelica",2,"1",15,16,22,29,322,526,7,13,-6,204
"22100152","ATL","Cam Reddish, Danilo Gallinari, John Collins, Kevin Huerter, Trae Young",3,"1",24,22,32,27,473,640,8,5,3,167
"22100152","GSW","Andre Iguodala, Andrew Wiggins, Draymond Green, Gary Payton II, Nemanja Bjelica",3,"1",22,29,22,29,526,526,0,0,0,0
"22100152","ATL","Cam Reddish, Danilo Gallinari, Delon Wright, John Collins, Kevin Huerter",4,"1",32,27,32,27,640,640,0,0,0,0
"22100152","GSW","Andre Iguodala, Draymond Green, Gary Payton II, Nemanja Bjelica, Stephen Curry",4,"1",22,29,22,29,526,526,0,0,0,0
"22100152","ATL","Cam Reddish, Danilo Gallinari, Delon Wright, Kevin Huerter, Solomon Hill",5,"1",32,27,34,32,640,720,2,5,-3,80
"22100152","ATL","Cam Reddish, Danilo Gallinari, Delon Wright, Kevin Huerter, Solomon Hill",5,"2",34,32,45,39,720,975,11,7,4,255
"22100152","GSW","Andre Iguodala, Gary Payton II, Jonathan Kuminga, Nemanja Bjelica, Stephen Curry",5,"1",22,29,30,34,526,705,8,5,3,179
"22100152","ATL","Cam Reddish, Danilo Gallinari, De'Andre Hunter, Delon Wright, Kevin Huerter",6,"2",45,39,45,39,975,975,0,0,0,0
"22100152","GSW","Andre Iguodala, Jonathan Kuminga, Jordan Poole, Nemanja Bjelica, Stephen Curry",6,"1",30,34,30,34,705,705,0,0,0,0
"22100152","ATL","Danilo Gallinari, De'Andre Hunter, Delon Wright, John Collins, Kevin Huerter",7,"2",45,39,47,40,975,988,2,1,1,13
"22100152","GSW","Andre Iguodala, Damion Lee, Jordan Poole, Nemanja Bjelica, Stephen Curry",7,"1",30,34,32,34,705,720,2,0,2,15
"22100152","ATL","Bogdan Bogdanovic, Danilo Gallinari, De'Andre Hunter, John Collins, Kevin Huerter",8,"2",47,40,47,40,988,988,0,0,0,0
"22100152","GSW","Andre Iguodala, Damion Lee, Gary Payton II, Jordan Poole, Nemanja Bjelica",8,"1",32,34,32,34,720,720,0,0,0,0
"22100152","ATL","Bogdan Bogdanovic, Danilo Gallinari, De'Andre Hunter, John Collins, Trae Young",9,"2",47,40,49,40,988,1028,2,0,2,40
"22100152","GSW","Andre Iguodala, Damion Lee, Jordan Poole, Juan Toscano-Anderson, Stephen Curry",9,"2",32,34,39,45,720,975,7,11,-4,255
"22100152","ATL","Bogdan Bogdanovic, Clint Capela, De'Andre Hunter, John Collins, Trae Young",10,"2",49,40,57,42,1028,1166,8,2,6,138
"22100152","GSW","Andre Iguodala, Andrew Wiggins, Damion Lee, Jordan Poole, Juan Toscano-Anderson",10,"2",39,45,39,45,975,975,0,0,0,0
"22100152","ATL","Bogdan Bogdanovic, Clint Capela, Danilo Gallinari, De'Andre Hunter, Trae Young",11,"2",57,42,59,46,1166,1227,2,4,-2,61
"22100152","GSW","Andre Iguodala, Andrew Wiggins, Damion Lee, Draymond Green, Jordan Poole",11,"2",39,45,40,52,975,1074,1,7,-6,99
"22100152","ATL","Bogdan Bogdanovic, Clint Capela, Danilo Gallinari, Kevin Huerter, Trae Young",12,"2",59,46,61,49,1227,1292,2,3,-1,65
"22100152","GSW","Andrew Wiggins, Damion Lee, Draymond Green, Jordan Poole, Kevon Looney",12,"2",40,52,46,59,1074,1227,6,7,-1,153
"22100152","ATL","Bogdan Bogdanovic, Danilo Gallinari, John Collins, Kevin Huerter, Trae Young",13,"2",61,49,65,61,1292,1440,4,12,-8,148
"22100152","GSW","Andrew Wiggins, Draymond Green, Jordan Poole, Kevon Looney, Stephen Curry",13,"2",46,59,46,59,1227,1227,0,0,0,0
"22100152","ATL","Bogdan Bogdanovic, Clint Capela, De'Andre Hunter, John Collins, Trae Young",14,"3",65,61,82,85,1440,1852,17,24,-7,412
"22100152","GSW","Andrew Wiggins, Draymond Green, Gary Payton II, Kevon Looney, Stephen Curry",14,"2",46,59,49,61,1227,1292,3,2,1,65
"22100152","ATL","Bogdan Bogdanovic, Clint Capela, John Collins, Kevin Huerter, Trae Young",15,"3",82,85,82,85,1852,1852,0,0,0,0
"22100152","GSW","Andrew Wiggins, Draymond Green, Gary Payton II, Nemanja Bjelica, Stephen Curry",15,"2",49,61,58,63,1292,1409,9,2,7,117
"22100152","ATL","Bogdan Bogdanovic, Danilo Gallinari, John Collins, Kevin Huerter, Trae Young",16,"3",82,85,82,87,1852,1942,0,2,-2,90
"22100152","GSW","Andrew Wiggins, Draymond Green, Gary Payton II, Juan Toscano-Anderson, Stephen Curry",16,"2",58,63,61,65,1409,1440,3,2,1,31
"22100152","ATL","Bogdan Bogdanovic, Clint Capela, Danilo Gallinari, John Collins, Kevin Huerter",17,"3",82,87,82,87,1942,1942,0,0,0,0
"22100152","GSW","Andrew Wiggins, Draymond Green, Jordan Poole, Kevon Looney, Stephen Curry",17,"3",61,65,85,82,1440,1852,24,17,7,412
"22100152","ATL","Cam Reddish, Clint Capela, Danilo Gallinari, John Collins, Kevin Huerter",18,"3",82,87,82,87,1942,1942,0,0,0,0
"22100152","GSW","Andrew Wiggins, Gary Payton II, Jordan Poole, Kevon Looney, Stephen Curry",18,"3",85,82,85,82,1852,1852,0,0,0,0
"22100152","ATL","Cam Reddish, Clint Capela, Danilo Gallinari, Delon Wright, Kevin Huerter",19,"3",82,87,85,92,1942,2066,3,5,-2,124
"22100152","GSW","Andrew Wiggins, Gary Payton II, Jordan Poole, Kevon Looney, Nemanja Bjelica",19,"3",85,82,87,82,1852,1942,2,0,2,90
"22100152","ATL","Cam Reddish, Danilo Gallinari, Delon Wright, Kevin Huerter, Solomon Hill",20,"3",85,92,85,99,2066,2123,0,7,-7,57
"22100152","GSW","Andrew Wiggins, Draymond Green, Gary Payton II, Kevon Looney, Nemanja Bjelica",20,"3",87,82,87,82,1942,1942,0,0,0,0
"22100152","ATL","Bogdan Bogdanovic, Cam Reddish, Danilo Gallinari, Delon Wright, Solomon Hill",21,"3",85,99,85,102,2123,2160,0,3,-3,37
"22100152","ATL","Bogdan Bogdanovic, Cam Reddish, Danilo Gallinari, Delon Wright, Solomon Hill",21,"4",85,102,88,104,2160,2213,3,2,1,53
"22100152","GSW","Andre Iguodala, Andrew Wiggins, Draymond Green, Gary Payton II, Nemanja Bjelica",21,"3",87,82,87,82,1942,1942,0,0,0,0
"22100152","ATL","Bogdan Bogdanovic, Cam Reddish, Danilo Gallinari, Delon Wright, John Collins",22,"4",88,104,88,107,2213,2248,0,3,-3,35
"22100152","GSW","Andre Iguodala, Draymond Green, Gary Payton II, Nemanja Bjelica, Stephen Curry",22,"3",87,82,92,85,1942,2053,5,3,2,111
"22100152","ATL","Bogdan Bogdanovic, Cam Reddish, Danilo Gallinari, De'Andre Hunter, John Collins",23,"4",88,107,88,107,2248,2248,0,0,0,0
"22100152","GSW","Andre Iguodala, Gary Payton II, Juan Toscano-Anderson, Nemanja Bjelica, Stephen Curry",23,"3",92,85,99,85,2053,2123,7,0,7,70
"22100152","ATL","Bogdan Bogdanovic, Cam Reddish, Clint Capela, De'Andre Hunter, John Collins",24,"4",88,107,88,107,2248,2248,0,0,0,0
"22100152","GSW","Andre Iguodala, Draymond Green, Gary Payton II, Juan Toscano-Anderson, Stephen Curry",24,"3",99,85,102,85,2123,2160,3,0,3,37
"22100152","ATL","Bogdan Bogdanovic, Clint Capela, De'Andre Hunter, John Collins, Trae Young",25,"4",88,107,96,115,2248,2483,8,8,0,235
"22100152","GSW","Andre Iguodala, Damion Lee, Gary Payton II, Juan Toscano-Anderson, Stephen Curry",25,"4",102,85,109,95,2160,2408,7,10,-3,248
"22100152","ATL","Bogdan Bogdanovic, De'Andre Hunter, John Collins, Kevin Huerter, Trae Young",26,"4",96,115,96,117,2483,2580,0,2,-2,97
"22100152","GSW","Andre Iguodala, Damion Lee, Draymond Green, Gary Payton II, Stephen Curry",26,"4",109,95,115,96,2408,2532,6,1,5,124
"22100152","ATL","Bogdan Bogdanovic, De'Andre Hunter, Gorgui Dieng, John Collins, Kevin Huerter",27,"4",96,117,96,117,2580,2580,0,0,0,0
"22100152","GSW","Andre Iguodala, Damion Lee, Draymond Green, Jordan Poole, Stephen Curry",27,"4",115,96,117,96,2532,2580,2,0,2,48
"22100152","ATL","Bogdan Bogdanovic, Gorgui Dieng, John Collins, Kevin Huerter, Timothe Luwawu-Cabarrot",28,"4",96,117,96,117,2580,2580,0,0,0,0
"22100152","GSW","Andrew Wiggins, Damion Lee, Draymond Green, Jordan Poole, Stephen Curry",28,"4",117,96,121,101,2580,2648,4,5,-1,68
"22100152","ATL","Gorgui Dieng, John Collins, Kevin Huerter, Solomon Hill, Timothe Luwawu-Cabarrot",29,"4",96,117,96,117,2580,2580,0,0,0,0
"22100152","GSW","Andrew Wiggins, Damion Lee, Jeff Dowtin, Jordan Poole, Stephen Curry",29,"4",121,101,121,101,2648,2648,0,0,0,0
"22100152","ATL","Delon Wright, Gorgui Dieng, Kevin Huerter, Solomon Hill, Timothe Luwawu-Cabarrot",30,"4",96,117,113,127,2580,2880,17,10,7,300
"22100152","GSW","Andrew Wiggins, Damion Lee, Jeff Dowtin, Jonathan Kuminga, Jordan Poole",30,"4",121,101,121,101,2648,2648,0,0,0,0
"22100152","GSW","Damion Lee, Jeff Dowtin, Jonathan Kuminga, Jordan Poole, Juan Toscano-Anderson",31,"4",121,101,124,105,2648,2703,3,4,-1,55
"22100152","GSW","Jeff Dowtin, Jonathan Kuminga, Jordan Poole, Juan Toscano-Anderson, Moses Moody",32,"4",124,105,127,113,2703,2880,3,8,-5,177
"22100153","PHX","Chris Paul, Devin Booker, Jae Crowder, JaVale McGee, Mikal Bridges",0,"1",0,0,16,11,0,350,16,11,5,350
"22100153","SAC","Buddy Hield, De'Aaron Fox, Harrison Barnes, Maurice Harkless, Richaun Holmes",0,"1",0,0,4,12,0,169,4,12,-8,169
"22100153","PHX","Chris Paul, Devin Booker, Frank Kaminsky, Jae Crowder, Mikal Bridges",1,"1",16,11,22,13,350,415,6,2,4,65
"22100153","SAC","Alex Len, Buddy Hield, De'Aaron Fox, Harrison Barnes, Maurice Harkless",1,"1",4,12,11,16,169,350,7,4,3,181
"22100153","PHX","Cameron Johnson, Devin Booker, Frank Kaminsky, Jae Crowder, Mikal Bridges",2,"1",22,13,22,13,415,415,0,0,0,0
"22100153","SAC","Alex Len, Buddy Hield, De'Aaron Fox, Harrison Barnes, Terence Davis",2,"1",11,16,11,16,350,350,0,0,0,0
"22100153","PHX","Cameron Johnson, Cameron Payne, Devin Booker, Frank Kaminsky, Mikal Bridges",3,"1",22,13,24,20,415,533,2,7,-5,118
"22100153","SAC","Alex Len, Davion Mitchell, De'Aaron Fox, Harrison Barnes, Terence Davis",3,"1",11,16,11,16,350,350,0,0,0,0
"22100153","PHX","Cameron Johnson, Cameron Payne, Devin Booker, Frank Kaminsky, Landry Shamet",4,"1",24,20,32,28,533,684,8,8,0,151
"22100153","SAC","Davion Mitchell, De'Aaron Fox, Harrison Barnes, Richaun Holmes, Terence Davis",4,"1",11,16,20,24,350,533,9,8,1,183
"22100153","PHX","Abdel Nader, Cameron Johnson, Cameron Payne, Frank Kaminsky, Landry Shamet",5,"1",32,28,34,28,684,720,2,0,2,36
"22100153","SAC","Buddy Hield, Davion Mitchell, Harrison Barnes, Richaun Holmes, Terence Davis",5,"1",20,24,28,32,533,684,8,8,0,151
"22100153","PHX","Abdel Nader, Cameron Johnson, Cameron Payne, JaVale McGee, Landry Shamet",6,"2",34,28,39,35,720,831,5,7,-2,111
"22100153","SAC","Buddy Hield, Davion Mitchell, Maurice Harkless, Richaun Holmes, Terence Davis",6,"1",28,32,28,34,684,720,0,2,-2,36
"22100153","PHX","Abdel Nader, Cameron Johnson, Chris Paul, JaVale McGee, Landry Shamet",7,"2",39,35,41,40,831,915,2,5,-3,84
"22100153","SAC","Alex Len, Buddy Hield, Davion Mitchell, Maurice Harkless, Terence Davis",7,"2",28,34,40,41,720,915,12,7,5,195
"22100153","PHX","Abdel Nader, Cameron Johnson, Chris Paul, Frank Kaminsky, Landry Shamet",8,"2",41,40,41,42,915,970,0,2,-2,55
"22100153","SAC","Alex Len, Buddy Hield, Davion Mitchell, De'Aaron Fox, Terence Davis",8,"2",40,41,40,41,915,915,0,0,0,0
"22100153","PHX","Cameron Johnson, Chris Paul, Frank Kaminsky, Jae Crowder, Landry Shamet",9,"2",41,42,44,46,970,1028,3,4,-1,58
"22100153","SAC","Buddy Hield, Davion Mitchell, De'Aaron Fox, Richaun Holmes, Terence Davis",9,"2",40,41,42,41,915,979,2,0,2,64
"22100153","PHX","Chris Paul, Frank Kaminsky, Jae Crowder, Landry Shamet, Mikal Bridges",10,"2",44,46,52,56,1028,1192,8,10,-2,164
"22100153","SAC","Buddy Hield, De'Aaron Fox, Harrison Barnes, Richaun Holmes, Terence Davis",10,"2",42,41,46,44,979,1028,4,3,1,49
"22100153","PHX","Cameron Payne, Frank Kaminsky, Jae Crowder, Landry Shamet, Mikal Bridges",11,"2",52,56,52,56,1192,1192,0,0,0,0
"22100153","SAC","Chimezie Metu, De'Aaron Fox, Harrison Barnes, Richaun Holmes, Terence Davis",11,"2",46,44,56,52,1028,1192,10,8,2,164
"22100153","PHX","Cameron Payne, Jae Crowder, JaVale McGee, Landry Shamet, Mikal Bridges",12,"2",52,56,52,56,1192,1192,0,0,0,0
"22100153","SAC","Buddy Hield, Chimezie Metu, De'Aaron Fox, Harrison Barnes, Richaun Holmes",12,"2",56,52,61,60,1192,1326,5,8,-3,134
"22100153","PHX","Cameron Payne, Devin Booker, Jae Crowder, JaVale McGee, Mikal Bridges",13,"2",52,56,67,64,1192,1440,15,8,7,248
"22100153","SAC","Buddy Hield, De'Aaron Fox, Harrison Barnes, Richaun Holmes, Terence Davis",13,"2",61,60,64,67,1326,1440,3,7,-4,114
"22100153","PHX","Chris Paul, Devin Booker, Jae Crowder, JaVale McGee, Mikal Bridges",14,"3",67,64,89,72,1440,1923,22,8,14,483
"22100153","SAC","Buddy Hield, De'Aaron Fox, Harrison Barnes, Maurice Harkless, Richaun Holmes",14,"3",64,67,64,74,1440,1571,0,7,-7,131
"22100153","PHX","Cameron Johnson, Chris Paul, Devin Booker, Jae Crowder, Mikal Bridges",15,"3",89,72,89,72,1923,1923,0,0,0,0
"22100153","SAC","Alex Len, Buddy Hield, De'Aaron Fox, Harrison Barnes, Maurice Harkless",15,"3",64,74,64,74,1571,1571,0,0,0,0
"22100153","PHX","Cameron Johnson, Cameron Payne, Devin Booker, Jae Crowder, Mikal Bridges",16,"3",89,72,89,72,1923,1923,0,0,0,0
"22100153","SAC","Alex Len, Buddy Hield, Davion Mitchell, De'Aaron Fox, Harrison Barnes",16,"3",64,74,69,83,1571,1779,5,9,-4,208
"22100153","PHX","Cameron Johnson, Cameron Payne, Devin Booker, Frank Kaminsky, Mikal Bridges",17,"3",89,72,95,74,1923,2031,6,2,4,108
"22100153","SAC","Alex Len, Davion Mitchell, De'Aaron Fox, Harrison Barnes, Terence Davis",17,"3",69,83,72,87,1779,1858,3,4,-1,79
"22100153","PHX","Cameron Johnson, Cameron Payne, Devin Booker, Frank Kaminsky, Landry Shamet",18,"3",95,74,98,76,2031,2160,3,2,1,129
"22100153","SAC","Davion Mitchell, De'Aaron Fox, Harrison Barnes, Richaun Holmes, Terence Davis",18,"3",72,87,72,89,1858,1923,0,2,-2,65
"22100153","PHX","Abdel Nader, Cameron Johnson, Cameron Payne, Frank Kaminsky, Landry Shamet",19,"4",98,76,98,80,2160,2330,0,4,-4,170
"22100153","SAC","Buddy Hield, Davion Mitchell, Harrison Barnes, Richaun Holmes, Terence Davis",19,"3",72,89,74,95,1923,2031,2,6,-4,108
"22100153","PHX","Abdel Nader, Cameron Johnson, Cameron Payne, Frank Kaminsky, Mikal Bridges",20,"4",98,80,105,92,2330,2589,7,12,-5,259
"22100153","SAC","Buddy Hield, Chimezie Metu, Davion Mitchell, Richaun Holmes, Terence Davis",20,"3",74,95,76,98,2031,2160,2,3,-1,129
"22100153","PHX","Abdel Nader, Cameron Johnson, Cameron Payne, Jae Crowder, Mikal Bridges",21,"4",105,92,105,92,2589,2589,0,0,0,0
"22100153","SAC","Buddy Hield, Chimezie Metu, Damian Jones, Davion Mitchell, Terence Davis",21,"4",76,98,78,98,2160,2306,2,0,2,146
"22100153","PHX","Cameron Johnson, Cameron Payne, Devin Booker, Jae Crowder, Mikal Bridges",22,"4",105,92,105,92,2589,2589,0,0,0,0
"22100153","SAC","Buddy Hield, Chimezie Metu, Damian Jones, Jahmi'us Ramsey, Terence Davis",22,"4",78,98,78,98,2306,2306,0,0,0,0
"22100153","PHX","Cameron Johnson, Chris Paul, Devin Booker, Jae Crowder, Mikal Bridges",23,"4",105,92,105,92,2589,2589,0,0,0,0
"22100153","SAC","Chimezie Metu, Damian Jones, De'Aaron Fox, Jahmi'us Ramsey, Terence Davis",23,"4",78,98,80,98,2306,2357,2,0,2,51
"22100153","PHX","Chris Paul, Devin Booker, Jae Crowder, JaVale McGee, Mikal Bridges",24,"4",105,92,107,104,2589,2872,2,12,-10,283
"22100153","SAC","Chimezie Metu, Damian Jones, Davion Mitchell, De'Aaron Fox, Jahmi'us Ramsey",24,"4",80,98,84,103,2357,2451,4,5,-1,94
"22100153","PHX","Cameron Johnson, Chris Paul, Devin Booker, Jae Crowder, Mikal Bridges",25,"4",107,104,109,104,2872,2880,2,0,2,8
"22100153","SAC","Chimezie Metu, Damian Jones, Davion Mitchell, De'Aaron Fox, Harrison Barnes",25,"4",84,103,104,107,2451,2872,20,4,16,421
"22100153","SAC","Buddy Hield, Chimezie Metu, Damian Jones, De'Aaron Fox, Harrison Barnes",26,"4",104,107,104,109,2872,2880,0,2,-2,8
"22100154","CHA","Gordon Hayward, LaMelo Ball, Mason Plumlee, Miles Bridges, Terry Rozier",0,"1",0,0,11,11,0,287,11,11,0,287
"22100154","LAL","Anthony Davis, Avery Bradley, DeAndre Jordan, Kent Bazemore, Russell Westbrook",0,"1",0,0,15,15,0,410,15,15,0,410
"22100154","CHA","Gordon Hayward, Kelly Oubre Jr., LaMelo Ball, Mason Plumlee, Miles Bridges",1,"1",11,11,13,13,287,334,2,2,0,47
"22100154","LAL","Anthony Davis, Avery Bradley, DeAndre Jordan, Kent Bazemore, Wayne Ellington",1,"1",15,15,15,15,410,410,0,0,0,0
"22100154","CHA","Cody Martin, Gordon Hayward, Kelly Oubre Jr., LaMelo Ball, Mason Plumlee",2,"1",13,13,15,15,334,410,2,2,0,76
"22100154","LAL","Anthony Davis, Avery Bradley, DeAndre Jordan, Rajon Rondo, Wayne Ellington",2,"1",15,15,15,15,410,410,0,0,0,0
"22100154","CHA","Cody Martin, Gordon Hayward, Kelly Oubre Jr., LaMelo Ball, Nick Richards",3,"1",15,15,21,20,410,554,6,5,1,144
"22100154","LAL","Anthony Davis, Avery Bradley, Carmelo Anthony, Rajon Rondo, Wayne Ellington",3,"1",15,15,20,18,410,518,5,3,2,108
"22100154","CHA","Cody Martin, Kelly Oubre Jr., LaMelo Ball, Miles Bridges, Nick Richards",4,"1",21,20,21,20,554,579,0,0,0,25
"22100154","LAL","Anthony Davis, Austin Reaves, Carmelo Anthony, Rajon Rondo, Wayne Ellington",4,"1",20,18,20,21,518,579,0,3,-3,61
"22100154","CHA","Cody Martin, Kelly Oubre Jr., Miles Bridges, Nick Richards, Terry Rozier",5,"1",21,20,21,24,579,623,0,4,-4,44
"22100154","LAL","Austin Reaves, Carmelo Anthony, Rajon Rondo, Russell Westbrook, Wayne Ellington",5,"1",20,21,20,21,579,579,0,0,0,0
"22100154","CHA","Cody Martin, Jalen McDaniels, Miles Bridges, Nick Richards, Terry Rozier",6,"1",21,24,26,29,623,716,5,5,0,93
"22100154","LAL","Austin Reaves, Carmelo Anthony, Dwight Howard, Russell Westbrook, Wayne Ellington",6,"1",20,21,29,26,579,716,9,5,4,137
"22100154","CHA","Cody Martin, Jalen McDaniels, Kelly Oubre Jr., Miles Bridges, Terry Rozier",7,"1",26,29,26,29,716,720,0,0,0,4
"22100154","LAL","Austin Reaves, Carmelo Anthony, Malik Monk, Russell Westbrook, Wayne Ellington",7,"1",29,26,29,26,716,720,0,0,0,4
"22100154","CHA","Jalen McDaniels, Kelly Oubre Jr., Mason Plumlee, Miles Bridges, Terry Rozier",8,"2",26,29,36,36,720,972,10,7,3,252
"22100154","LAL","Austin Reaves, Carmelo Anthony, Dwight Howard, Russell Westbrook, Wayne Ellington",8,"2",29,26,31,31,720,823,2,5,-3,103
"22100154","CHA","Jalen McDaniels, Kelly Oubre Jr., LaMelo Ball, Mason Plumlee, Terry Rozier",9,"2",36,36,36,36,972,972,0,0,0,0
"22100154","LAL","Austin Reaves, Carmelo Anthony, Dwight Howard, Malik Monk, Russell Westbrook",9,"2",31,31,34,34,823,913,3,3,0,90
"22100154","CHA","Jalen McDaniels, Kelly Oubre Jr., LaMelo Ball, Mason Plumlee, Nick Richards",10,"2",36,36,36,36,972,972,0,0,0,0
"22100154","LAL","Austin Reaves, Carmelo Anthony, Dwight Howard, Malik Monk, Rajon Rondo",10,"2",34,34,34,34,913,913,0,0,0,0
"22100154","CHA","Gordon Hayward, Jalen McDaniels, Kelly Oubre Jr., LaMelo Ball, Nick Richards",11,"2",36,36,36,41,972,1020,0,5,-5,48
"22100154","LAL","Anthony Davis, Austin Reaves, Dwight Howard, Malik Monk, Rajon Rondo",11,"2",34,34,45,38,913,1106,11,4,7,193
"22100154","CHA","Cody Martin, Gordon Hayward, Jalen McDaniels, LaMelo Ball, Nick Richards",12,"2",36,41,43,45,1020,1151,7,4,3,131
"22100154","LAL","Anthony Davis, Austin Reaves, Dwight Howard, Malik Monk, Russell Westbrook",12,"2",45,38,45,38,1106,1106,0,0,0,0
"22100154","CHA","Cody Martin, Gordon Hayward, LaMelo Ball, Miles Bridges, Nick Richards",13,"2",43,45,48,52,1151,1309,5,7,-2,158
"22100154","LAL","Anthony Davis, Avery Bradley, Dwight Howard, Malik Monk, Russell Westbrook",13,"2",45,38,45,43,1106,1151,0,5,-5,45
"22100154","CHA","Gordon Hayward, LaMelo Ball, Miles Bridges, Nick Richards, Terry Rozier",14,"2",48,52,50,53,1309,1326,2,1,1,17
"22100154","LAL","Anthony Davis, Avery Bradley, Carmelo Anthony, Malik Monk, Russell Westbrook",14,"2",45,43,47,43,1151,1213,2,0,2,62
"22100154","CHA","Cody Martin, Gordon Hayward, LaMelo Ball, Miles Bridges, Terry Rozier",15,"2",50,53,60,61,1326,1440,10,8,2,114
"22100154","LAL","Anthony Davis, Avery Bradley, Carmelo Anthony, Kent Bazemore, Russell Westbrook",15,"2",47,43,52,48,1213,1309,5,5,0,96
"22100154","CHA","Gordon Hayward, LaMelo Ball, Mason Plumlee, Miles Bridges, Terry Rozier",16,"3",60,61,78,70,1440,1868,18,9,9,428
"22100154","LAL","Anthony Davis, Austin Reaves, Carmelo Anthony, Kent Bazemore, Russell Westbrook",16,"2",52,48,58,57,1309,1405,6,9,-3,96
"22100154","CHA","Gordon Hayward, LaMelo Ball, Mason Plumlee, Nick Richards, Terry Rozier",17,"3",78,70,78,70,1868,1868,0,0,0,0
"22100154","LAL","Anthony Davis, Carmelo Anthony, Kent Bazemore, Malik Monk, Russell Westbrook",17,"2",58,57,61,60,1405,1440,3,3,0,35
"22100154","CHA","Cody Martin, Gordon Hayward, LaMelo Ball, Mason Plumlee, Nick Richards",18,"3",78,70,78,70,1868,1868,0,0,0,0
"22100154","LAL","Anthony Davis, Avery Bradley, DeAndre Jordan, Kent Bazemore, Russell Westbrook",18,"3",61,60,64,72,1440,1663,3,12,-9,223
"22100154","CHA","Cody Martin, Gordon Hayward, Kelly Oubre Jr., LaMelo Ball, Nick Richards",19,"3",78,70,78,81,1868,2000,0,11,-11,132
"22100154","LAL","Anthony Davis, Avery Bradley, Carmelo Anthony, DeAndre Jordan, Russell Westbrook",19,"3",64,72,64,72,1663,1663,0,0,0,0
"22100154","CHA","Cody Martin, Gordon Hayward, Kelly Oubre Jr., Mason Plumlee, Nick Richards",20,"3",78,81,78,81,2000,2000,0,0,0,0
"22100154","LAL","Anthony Davis, Avery Bradley, Carmelo Anthony, Russell Westbrook, Wayne Ellington",20,"3",64,72,64,72,1663,1663,0,0,0,0
"22100154","CHA","Cody Martin, Kelly Oubre Jr., Mason Plumlee, Nick Richards, Terry Rozier",21,"3",78,81,78,81,2000,2000,0,0,0,0
"22100154","LAL","Anthony Davis, Austin Reaves, Carmelo Anthony, Russell Westbrook, Wayne Ellington",21,"3",64,72,70,78,1663,1868,6,6,0,205
"22100154","CHA","Cody Martin, Kelly Oubre Jr., Mason Plumlee, Miles Bridges, Terry Rozier",22,"3",78,81,87,94,2000,2160,9,13,-4,160
"22100154","CHA","Cody Martin, Kelly Oubre Jr., Mason Plumlee, Miles Bridges, Terry Rozier",22,"4",87,94,89,100,2160,2284,2,6,-4,124
"22100154","LAL","Anthony Davis, Austin Reaves, Carmelo Anthony, Rajon Rondo, Wayne Ellington",22,"3",70,78,86,83,1868,2097,16,5,11,229
"22100154","CHA","Cody Martin, Kelly Oubre Jr., LaMelo Ball, Mason Plumlee, Terry Rozier",23,"4",89,100,89,100,2284,2284,0,0,0,0
"22100154","LAL","Anthony Davis, Carmelo Anthony, Malik Monk, Rajon Rondo, Wayne Ellington",23,"3",86,83,94,87,2097,2160,8,4,4,63
"22100154","CHA","Cody Martin, Gordon Hayward, LaMelo Ball, Mason Plumlee, Terry Rozier",24,"4",89,100,89,103,2284,2340,0,3,-3,56
"22100154","LAL","Carmelo Anthony, Dwight Howard, Malik Monk, Rajon Rondo, Wayne Ellington",24,"4",94,87,95,89,2160,2225,1,2,-1,65
"22100154","CHA","Gordon Hayward, LaMelo Ball, Mason Plumlee, Miles Bridges, Terry Rozier",25,"4",89,103,95,105,2340,2426,6,2,4,86
"22100154","LAL","Carmelo Anthony, Dwight Howard, Malik Monk, Russell Westbrook, Wayne Ellington",25,"4",95,89,103,93,2225,2391,8,4,4,166
"22100154","CHA","Gordon Hayward, LaMelo Ball, Miles Bridges, Nick Richards, Terry Rozier",26,"4",95,105,99,110,2426,2570,4,5,-1,144
"22100154","LAL","Anthony Davis, Dwight Howard, Malik Monk, Russell Westbrook, Wayne Ellington",26,"4",103,93,105,95,2391,2426,2,2,0,35
"22100154","CHA","Gordon Hayward, LaMelo Ball, Mason Plumlee, Miles Bridges, Terry Rozier",27,"4",99,110,115,115,2570,2879,16,5,11,309
"22100154","LAL","Anthony Davis, Austin Reaves, Dwight Howard, Malik Monk, Russell Westbrook",27,"4",105,95,106,95,2426,2448,1,0,1,22
"22100154","CHA","Gordon Hayward, Kelly Oubre Jr., LaMelo Ball, Miles Bridges, Terry Rozier",28,"4",115,115,115,115,2879,2880,0,0,0,1
"22100154","LAL","Anthony Davis, Austin Reaves, Avery Bradley, Dwight Howard, Russell Westbrook",28,"4",106,95,106,99,2448,2507,0,4,-4,59
"22100154","CHA","Gordon Hayward, LaMelo Ball, Mason Plumlee, Miles Bridges, Terry Rozier",29,"5",115,115,123,126,2880,3131,8,11,-3,251
"22100154","LAL","Anthony Davis, Austin Reaves, Avery Bradley, Carmelo Anthony, Russell Westbrook",29,"4",106,99,115,115,2507,2880,9,16,-7,373
"22100154","CHA","Cody Martin, Gordon Hayward, LaMelo Ball, Miles Bridges, Terry Rozier",30,"5",123,126,123,126,3131,3180,0,0,0,49
"22100154","LAL","Anthony Davis, Carmelo Anthony, Malik Monk, Russell Westbrook, Wayne Ellington",30,"5",115,115,126,123,2880,3131,11,8,3,251
"22100154","LAL","Anthony Davis, Avery Bradley, Carmelo Anthony, Malik Monk, Russell Westbrook",31,"5",126,123,126,123,3131,3131,0,0,0,0
"22100154","LAL","Anthony Davis, Austin Reaves, Avery Bradley, Carmelo Anthony, Russell Westbrook",32,"5",126,123,126,123,3131,3180,0,0,0,49
"22100155","MIL","Bobby Portis, George Hill, Giannis Antetokounmpo, Grayson Allen, Jrue Holiday",0,"1",0,0,15,14,0,344,15,14,1,344
"22100155","PHI","Andre Drummond, Furkan Korkmaz, Paul Reed, Shake Milton, Tyrese Maxey",0,"1",0,0,14,15,0,344,14,15,-1,344
"22100155","MIL","Bobby Portis, Giannis Antetokounmpo, Grayson Allen, Jrue Holiday, Pat Connaughton",1,"1",15,14,15,14,344,344,0,0,0,0
"22100155","PHI","Andre Drummond, Danny Green, Furkan Korkmaz, Paul Reed, Tyrese Maxey",1,"1",14,15,26,20,344,469,12,5,7,125
"22100155","MIL","Giannis Antetokounmpo, Grayson Allen, Jrue Holiday, Pat Connaughton, Semi Ojeleye",2,"1",15,14,20,26,344,469,5,12,-7,125
"22100155","PHI","Andre Drummond, Danny Green, Furkan Korkmaz, Georges Niang, Tyrese Maxey",2,"1",26,20,28,24,469,573,2,4,-2,104
"22100155","MIL","Giannis Antetokounmpo, Jrue Holiday, Justin Robinson, Pat Connaughton, Semi Ojeleye",3,"1",20,26,20,26,469,469,0,0,0,0
"22100155","PHI","Danny Green, Furkan Korkmaz, Georges Niang, Paul Reed, Tyrese Maxey",3,"1",28,24,28,24,573,573,0,0,0,0
"22100155","MIL","Giannis Antetokounmpo, Jordan Nwora, Justin Robinson, Pat Connaughton, Semi Ojeleye",4,"1",20,26,22,28,469,537,2,2,0,68
"22100155","PHI","Danny Green, Georges Niang, Paul Reed, Shake Milton, Tyrese Maxey",4,"1",28,24,37,30,573,694,9,6,3,121
"22100155","MIL","Bobby Portis, Jordan Nwora, Justin Robinson, Pat Connaughton, Semi Ojeleye",5,"1",22,28,30,37,537,694,8,9,-1,157
"22100155","PHI","Danny Green, Furkan Korkmaz, Georges Niang, Paul Reed, Shake Milton",5,"1",37,30,39,30,694,720,2,0,2,26
"22100155","MIL","Bobby Portis, George Hill, Jordan Nwora, Justin Robinson, Semi Ojeleye",6,"1",30,37,30,39,694,720,0,2,-2,26
"22100155","PHI","Charles Bassey, Danny Green, Furkan Korkmaz, Georges Niang, Shake Milton",6,"2",39,30,48,35,720,961,9,5,4,241
"22100155","MIL","Bobby Portis, George Hill, Giannis Antetokounmpo, Jordan Nwora, Justin Robinson",7,"2",30,39,35,45,720,819,5,6,-1,99
"22100155","PHI","Danny Green, Furkan Korkmaz, Georges Niang, Paul Reed, Shake Milton",7,"2",48,35,48,38,961,1012,0,3,-3,51
"22100155","MIL","Bobby Portis, George Hill, Giannis Antetokounmpo, Jordan Nwora, Jrue Holiday",8,"2",35,45,35,45,819,932,0,0,0,113
"22100155","PHI","Furkan Korkmaz, Georges Niang, Paul Reed, Shake Milton, Tyrese Maxey",8,"2",48,38,48,38,1012,1012,0,0,0,0
"22100155","MIL","Bobby Portis, George Hill, Giannis Antetokounmpo, Grayson Allen, Jrue Holiday",9,"2",35,45,35,48,932,961,0,3,-3,29
"22100155","PHI","Andre Drummond, Furkan Korkmaz, Paul Reed, Shake Milton, Tyrese Maxey",9,"2",48,38,58,58,1012,1401,10,20,-10,389
"22100155","MIL","George Hill, Giannis Antetokounmpo, Grayson Allen, Jrue Holiday, Semi Ojeleye",10,"2",35,48,38,48,961,1012,3,0,3,51
"22100155","PHI","Furkan Korkmaz, Georges Niang, Paul Reed, Shake Milton, Tyrese Maxey",10,"2",58,58,58,58,1401,1401,0,0,0,0
"22100155","MIL","Giannis Antetokounmpo, Grayson Allen, Jrue Holiday, Pat Connaughton, Semi Ojeleye",11,"2",38,48,45,48,1012,1137,7,0,7,125
"22100155","PHI","Danny Green, Furkan Korkmaz, Georges Niang, Shake Milton, Tyrese Maxey",11,"2",58,58,58,61,1401,1440,0,3,-3,39
"22100155","MIL","Bobby Portis, Giannis Antetokounmpo, Grayson Allen, Jrue Holiday, Pat Connaughton",12,"2",45,48,48,54,1137,1226,3,6,-3,89
"22100155","PHI","Andre Drummond, Furkan Korkmaz, Paul Reed, Shake Milton, Tyrese Maxey",12,"3",58,61,63,70,1440,1623,5,9,-4,183
"22100155","MIL","Bobby Portis, Giannis Antetokounmpo, Grayson Allen, Jordan Nwora, Pat Connaughton",13,"2",48,54,48,54,1226,1226,0,0,0,0
"22100155","PHI","Furkan Korkmaz, Georges Niang, Paul Reed, Shake Milton, Tyrese Maxey",13,"3",63,70,63,70,1623,1638,0,0,0,15
"22100155","MIL","Bobby Portis, Giannis Antetokounmpo, Grayson Allen, Jordan Nwora, Semi Ojeleye",14,"2",48,54,48,54,1226,1226,0,0,0,0
"22100155","PHI","Danny Green, Furkan Korkmaz, Georges Niang, Shake Milton, Tyrese Maxey",14,"3",63,70,74,77,1638,1796,11,7,4,158
"22100155","MIL","Bobby Portis, George Hill, Grayson Allen, Jordan Nwora, Semi Ojeleye",15,"2",48,54,61,58,1226,1440,13,4,9,214
"22100155","PHI","Andre Drummond, Danny Green, Furkan Korkmaz, Georges Niang, Tyrese Maxey",15,"3",74,77,80,84,1796,1951,6,7,-1,155
"22100155","MIL","Bobby Portis, George Hill, Giannis Antetokounmpo, Grayson Allen, Jrue Holiday",16,"3",61,58,77,74,1440,1796,16,16,0,356
"22100155","PHI","Andre Drummond, Danny Green, Furkan Korkmaz, Shake Milton, Tyrese Maxey",16,"3",80,84,93,91,1951,2160,13,7,6,209
"22100155","MIL","Bobby Portis, Giannis Antetokounmpo, Grayson Allen, Jrue Holiday, Semi Ojeleye",17,"3",77,74,77,74,1796,1796,0,0,0,0
"22100155","PHI","Andre Drummond, Danny Green, Georges Niang, Shake Milton, Tyrese Maxey",17,"4",93,91,93,92,2160,2221,0,1,-1,61
"22100155","MIL","Giannis Antetokounmpo, Grayson Allen, Jrue Holiday, Pat Connaughton, Semi Ojeleye",18,"3",77,74,79,74,1796,1834,2,0,2,38
"22100155","PHI","Andre Drummond, Danny Green, Furkan Korkmaz, Georges Niang, Shake Milton",18,"4",93,92,93,95,2221,2285,0,3,-3,64
"22100155","MIL","Giannis Antetokounmpo, Jordan Nwora, Jrue Holiday, Pat Connaughton, Semi Ojeleye",19,"3",79,74,80,74,1834,1846,1,0,1,12
"22100155","PHI","Danny Green, Furkan Korkmaz, Georges Niang, Paul Reed, Shake Milton",19,"4",93,95,96,99,2285,2443,3,4,-1,158
"22100155","MIL","Giannis Antetokounmpo, Jordan Nwora, Justin Robinson, Pat Connaughton, Semi Ojeleye",20,"3",80,74,84,80,1846,1951,4,6,-2,105
"22100155","PHI","Andre Drummond, Furkan Korkmaz, Georges Niang, Paul Reed, Shake Milton",20,"4",96,99,96,99,2443,2443,0,0,0,0
"22100155","MIL","Bobby Portis, Jordan Nwora, Justin Robinson, Pat Connaughton, Semi Ojeleye",21,"3",84,80,89,87,1951,2038,5,7,-2,87
"22100155","PHI","Andre Drummond, Furkan Korkmaz, Georges Niang, Shake Milton, Tyrese Maxey",21,"4",96,99,102,104,2443,2629,6,5,1,186
"22100155","MIL","Bobby Portis, George Hill, Justin Robinson, Pat Connaughton, Semi Ojeleye",22,"3",89,87,91,93,2038,2160,2,6,-4,122
"22100155","PHI","Andre Drummond, Danny Green, Furkan Korkmaz, Shake Milton, Tyrese Maxey",22,"4",102,104,107,111,2629,2750,5,7,-2,121
"22100155","MIL","Bobby Portis, George Hill, Giannis Antetokounmpo, Grayson Allen, Jrue Holiday",23,"4",91,93,95,96,2160,2295,4,3,1,135
"22100155","PHI","Danny Green, Furkan Korkmaz, Georges Niang, Shake Milton, Tyrese Maxey",23,"4",107,111,107,114,2750,2790,0,3,-3,40
"22100155","MIL","George Hill, Giannis Antetokounmpo, Grayson Allen, Jrue Holiday, Semi Ojeleye",24,"4",95,96,97,96,2295,2367,2,0,2,72
"22100155","PHI","Andre Drummond, Furkan Korkmaz, Georges Niang, Shake Milton, Tyrese Maxey",24,"4",107,114,109,118,2790,2835,2,4,-2,45
"22100155","MIL","Giannis Antetokounmpo, Grayson Allen, Jrue Holiday, Pat Connaughton, Semi Ojeleye",25,"4",97,96,99,96,2367,2443,2,0,2,76
"22100155","PHI","Andre Drummond, Danny Green, Furkan Korkmaz, Shake Milton, Tyrese Maxey",25,"4",109,118,109,118,2835,2835,0,0,0,0
"22100155","MIL","Bobby Portis, Grayson Allen, Jrue Holiday, Pat Connaughton, Semi Ojeleye",26,"4",99,96,99,100,2443,2499,0,4,-4,56
"22100155","PHI","Charles Bassey, Danny Green, Furkan Korkmaz, Shake Milton, Tyrese Maxey",26,"4",109,118,109,118,2835,2880,0,0,0,45
"22100155","MIL","Bobby Portis, George Hill, Grayson Allen, Pat Connaughton, Semi Ojeleye",27,"4",99,100,99,100,2499,2499,0,0,0,0
"22100155","MIL","Bobby Portis, George Hill, Giannis Antetokounmpo, Grayson Allen, Pat Connaughton",28,"4",99,100,104,102,2499,2629,5,2,3,130
"22100155","MIL","Bobby Portis, George Hill, Giannis Antetokounmpo, Jrue Holiday, Pat Connaughton",29,"4",104,102,111,107,2629,2750,7,5,2,121
"22100155","MIL","George Hill, Giannis Antetokounmpo, Grayson Allen, Jrue Holiday, Pat Connaughton",30,"4",111,107,118,109,2750,2835,7,2,5,85
"22100155","MIL","Bobby Portis, George Hill, Grayson Allen, Jrue Holiday, Pat Connaughton",31,"4",118,109,118,109,2835,2880,0,0,0,45
"22100156","ATL","Clint Capela, John Collins, Kevin Huerter, Solomon Hill, Trae Young",0,"1",0,0,21,23,0,470,21,23,-2,470
"22100156","UTA","Bojan Bogdanovic, Donovan Mitchell, Mike Conley, Royce O'Neale, Rudy Gobert",0,"1",0,0,14,11,0,331,14,11,3,331
"22100156","ATL","Cam Reddish, Clint Capela, John Collins, Kevin Huerter, Trae Young",1,"1",21,23,26,26,470,592,5,3,2,122
"22100156","UTA","Bojan Bogdanovic, Donovan Mitchell, Joe Ingles, Royce O'Neale, Rudy Gobert",1,"1",14,11,14,11,331,331,0,0,0,0
"22100156","ATL","Cam Reddish, Clint Capela, Delon Wright, John Collins, Kevin Huerter",2,"1",26,26,26,26,592,592,0,0,0,0
"22100156","UTA","Bojan Bogdanovic, Donovan Mitchell, Hassan Whiteside, Joe Ingles, Royce O'Neale",2,"1",14,11,23,21,331,470,9,10,-1,139
"22100156","ATL","Cam Reddish, Delon Wright, Gorgui Dieng, John Collins, Kevin Huerter",3,"1",26,26,28,26,592,648,2,0,2,56
"22100156","UTA","Donovan Mitchell, Hassan Whiteside, Joe Ingles, Jordan Clarkson, Royce O'Neale",3,"1",23,21,23,21,470,470,0,0,0,0
"22100156","ATL","Cam Reddish, Danilo Gallinari, Delon Wright, Gorgui Dieng, Kevin Huerter",4,"1",28,26,28,30,648,720,0,4,-4,72
"22100156","UTA","Hassan Whiteside, Joe Ingles, Jordan Clarkson, Mike Conley, Royce O'Neale",4,"1",23,21,26,26,470,592,3,5,-2,122
"22100156","ATL","Cam Reddish, Danilo Gallinari, Delon Wright, Gorgui Dieng, Lou Williams",5,"2",28,30,36,41,720,970,8,11,-3,250
"22100156","UTA","Eric Paschall, Hassan Whiteside, Joe Ingles, Jordan Clarkson, Mike Conley",5,"1",26,26,26,26,592,592,0,0,0,0
"22100156","ATL","Cam Reddish, Danilo Gallinari, Gorgui Dieng, Kevin Huerter, Lou Williams",6,"2",36,41,36,41,970,970,0,0,0,0
"22100156","UTA","Eric Paschall, Joe Ingles, Jordan Clarkson, Mike Conley, Rudy Gobert",6,"1",26,26,30,28,592,720,4,2,2,128
"22100156","UTA","Eric Paschall, Joe Ingles, Jordan Clarkson, Mike Conley, Rudy Gobert",6,"2",30,28,30,28,720,757,0,0,0,37
"22100156","ATL","Cam Reddish, Clint Capela, Danilo Gallinari, Gorgui Dieng, Kevin Huerter",7,"2",36,41,36,41,970,970,0,0,0,0
"22100156","UTA","Eric Paschall, Joe Ingles, Jordan Clarkson, Rudy Gobert, Trent Forrest",7,"2",30,28,33,31,757,843,3,3,0,86
"22100156","ATL","Cam Reddish, Clint Capela, Gorgui Dieng, John Collins, Kevin Huerter",8,"2",36,41,36,41,970,970,0,0,0,0
"22100156","UTA","Eric Paschall, Hassan Whiteside, Joe Ingles, Jordan Clarkson, Trent Forrest",8,"2",33,31,41,36,843,970,8,5,3,127
"22100156","ATL","Cam Reddish, Clint Capela, John Collins, Kevin Huerter, Trae Young",9,"2",36,41,40,48,970,1102,4,7,-3,132
"22100156","UTA","Bojan Bogdanovic, Hassan Whiteside, Joe Ingles, Jordan Clarkson, Trent Forrest",9,"2",41,36,41,36,970,970,0,0,0,0
"22100156","ATL","Clint Capela, John Collins, Kevin Huerter, Solomon Hill, Trae Young",10,"2",40,48,45,59,1102,1298,5,11,-6,196
"22100156","UTA","Bojan Bogdanovic, Donovan Mitchell, Hassan Whiteside, Joe Ingles, Jordan Clarkson",10,"2",41,36,41,38,970,1002,0,2,-2,32
"22100156","ATL","Gorgui Dieng, John Collins, Kevin Huerter, Solomon Hill, Trae Young",11,"2",45,59,50,62,1298,1440,5,3,2,142
"22100156","UTA","Bojan Bogdanovic, Donovan Mitchell, Hassan Whiteside, Jordan Clarkson, Royce O'Neale",11,"2",41,38,52,42,1002,1204,11,4,7,202
"22100156","ATL","Clint Capela, John Collins, Kevin Huerter, Solomon Hill, Trae Young",12,"3",50,62,61,66,1440,1604,11,4,7,164
"22100156","UTA","Bojan Bogdanovic, Donovan Mitchell, Hassan Whiteside, Mike Conley, Royce O'Neale",12,"2",52,42,59,45,1204,1341,7,3,4,137
"22100156","ATL","Clint Capela, Danilo Gallinari, Kevin Huerter, Solomon Hill, Trae Young",13,"3",61,66,64,71,1604,1684,3,5,-2,80
"22100156","UTA","Bojan Bogdanovic, Donovan Mitchell, Eric Paschall, Hassan Whiteside, Mike Conley",13,"2",59,45,62,50,1341,1436,3,5,-2,95
"22100156","ATL","Cam Reddish, Clint Capela, Kevin Huerter, Solomon Hill, Trae Young",14,"3",64,71,73,82,1684,1902,9,11,-2,218
"22100156","UTA","Bojan Bogdanovic, Donovan Mitchell, Hassan Whiteside, Jordan Clarkson, Mike Conley",14,"2",62,50,62,50,1436,1440,0,0,0,4
"22100156","ATL","Cam Reddish, Clint Capela, Kevin Huerter, Timothe Luwawu-Cabarrot, Trae Young",15,"3",73,82,73,82,1902,1926,0,0,0,24
"22100156","UTA","Bojan Bogdanovic, Donovan Mitchell, Mike Conley, Royce O'Neale, Rudy Gobert",15,"3",62,50,77,66,1440,1771,15,16,-1,331
"22100156","ATL","Cam Reddish, Gorgui Dieng, Kevin Huerter, Timothe Luwawu-Cabarrot, Trae Young",16,"3",73,82,75,88,1926,1993,2,6,-4,67
"22100156","UTA","Bojan Bogdanovic, Donovan Mitchell, Hassan Whiteside, Royce O'Neale, Rudy Gobert",16,"3",77,66,77,66,1771,1771,0,0,0,0
"22100156","ATL","Cam Reddish, John Collins, Kevin Huerter, Timothe Luwawu-Cabarrot, Trae Young",17,"3",75,88,80,95,1993,2160,5,7,-2,167
"22100156","UTA","Bojan Bogdanovic, Donovan Mitchell, Hassan Whiteside, Joe Ingles, Royce O'Neale",17,"3",77,66,82,73,1771,1902,5,7,-2,131
"22100156","ATL","Cam Reddish, Clint Capela, Delon Wright, John Collins, Lou Williams",18,"4",80,95,91,98,2160,2382,11,3,8,222
"22100156","UTA","Donovan Mitchell, Hassan Whiteside, Joe Ingles, Jordan Clarkson, Royce O'Neale",18,"3",82,73,88,75,1902,1993,6,2,4,91
"22100156","ATL","Cam Reddish, Clint Capela, John Collins, Kevin Huerter, Lou Williams",19,"4",91,98,93,103,2382,2494,2,5,-3,112
"22100156","UTA","Donovan Mitchell, Joe Ingles, Jordan Clarkson, Royce O'Neale, Rudy Gobert",19,"3",88,75,88,75,1993,1993,0,0,0,0
"22100156","ATL","Cam Reddish, Clint Capela, John Collins, Kevin Huerter, Trae Young",20,"4",93,103,95,110,2494,2825,2,7,-5,331
"22100156","UTA","Joe Ingles, Jordan Clarkson, Mike Conley, Royce O'Neale, Rudy Gobert",20,"3",88,75,88,77,1993,2020,0,2,-2,27
"22100156","ATL","Cam Reddish, Clint Capela, Gorgui Dieng, John Collins, Trae Young",21,"4",95,110,95,110,2825,2825,0,0,0,0
"22100156","UTA","Eric Paschall, Joe Ingles, Jordan Clarkson, Mike Conley, Rudy Gobert",21,"3",88,77,95,80,2020,2160,7,3,4,140
"22100156","UTA","Eric Paschall, Joe Ingles, Jordan Clarkson, Mike Conley, Rudy Gobert",21,"4",95,80,98,88,2160,2374,3,8,-5,214
"22100156","ATL","Cam Reddish, Clint Capela, Delon Wright, Gorgui Dieng, John Collins",22,"4",95,110,95,110,2825,2825,0,0,0,0
"22100156","UTA","Donovan Mitchell, Joe Ingles, Jordan Clarkson, Mike Conley, Rudy Gobert",22,"4",98,88,98,88,2374,2374,0,0,0,0
"22100156","ATL","Cam Reddish, Delon Wright, Gorgui Dieng, John Collins, Timothe Luwawu-Cabarrot",23,"4",95,110,95,110,2825,2825,0,0,0,0
"22100156","UTA","Donovan Mitchell, Hassan Whiteside, Jordan Clarkson, Mike Conley, Rudy Gobert",23,"4",98,88,98,88,2374,2374,0,0,0,0
"22100156","ATL","Cam Reddish, Delon Wright, Gorgui Dieng, Solomon Hill, Timothe Luwawu-Cabarrot",24,"4",95,110,98,110,2825,2880,3,0,3,55
"22100156","UTA","Bojan Bogdanovic, Donovan Mitchell, Hassan Whiteside, Jordan Clarkson, Mike Conley",24,"4",98,88,98,91,2374,2382,0,3,-3,8
"22100156","UTA","Bojan Bogdanovic, Donovan Mitchell, Hassan Whiteside, Jordan Clarkson, Royce O'Neale",25,"4",98,91,108,93,2382,2650,10,2,8,268
"22100156","UTA","Bojan Bogdanovic, Donovan Mitchell, Hassan Whiteside, Royce O'Neale, Rudy Gobert",26,"4",108,93,108,93,2650,2650,0,0,0,0
"22100156","UTA","Bojan Bogdanovic, Donovan Mitchell, Mike Conley, Royce O'Neale, Rudy Gobert",27,"4",108,93,110,95,2650,2825,2,2,0,175
"22100156","UTA","Bojan Bogdanovic, Donovan Mitchell, Eric Paschall, Mike Conley, Rudy Gobert",28,"4",110,95,110,95,2825,2825,0,0,0,0
"22100156","UTA","Donovan Mitchell, Eric Paschall, Mike Conley, Miye Oni, Rudy Gobert",29,"4",110,95,110,95,2825,2825,0,0,0,0
"22100156","UTA","Eric Paschall, Mike Conley, Miye Oni, Rudy Gobert, Trent Forrest",30,"4",110,95,110,95,2825,2825,0,0,0,0
"22100156","UTA","Eric Paschall, Jared Butler, Mike Conley, Miye Oni, Trent Forrest",31,"4",110,95,110,95,2825,2825,0,0,0,0
"22100156","UTA","Eric Paschall, Jared Butler, Miye Oni, Trent Forrest, Udoka Azubuike",32,"4",110,95,110,98,2825,2880,0,3,-3,55
"22100157","LAC","Eric Bledsoe, Ivica Zubac, Nicolas Batum, Paul George, Reggie Jackson",0,"1",0,0,20,22,0,389,20,22,-2,389
"22100157","POR","CJ McCollum, Damian Lillard, Jusuf Nurkic, Norman Powell, Robert Covington",0,"1",0,0,16,15,0,331,16,15,1,331
"22100157","LAC","Ivica Zubac, Nicolas Batum, Paul George, Reggie Jackson, Terance Mann",1,"1",20,22,20,22,389,389,0,0,0,0
"22100157","POR","Anfernee Simons, Damian Lillard, Jusuf Nurkic, Norman Powell, Robert Covington",1,"1",16,15,22,20,331,389,6,5,1,58
"22100157","LAC","Nicolas Batum, Paul George, Reggie Jackson, Serge Ibaka, Terance Mann",2,"1",20,22,20,24,389,482,0,2,-2,93
"22100157","POR","Anfernee Simons, Cody Zeller, Damian Lillard, Norman Powell, Robert Covington",2,"1",22,20,26,20,389,546,4,0,4,157
"22100157","LAC","Luke Kennard, Paul George, Reggie Jackson, Serge Ibaka, Terance Mann",3,"1",20,24,33,26,482,720,13,2,11,238
"22100157","POR","Anfernee Simons, Cody Zeller, Damian Lillard, Nassir Little, Robert Covington",3,"1",26,20,26,33,546,713,0,13,-13,167
"22100157","LAC","Eric Bledsoe, Isaiah Hartenstein, Justise Winslow, Luke Kennard, Terance Mann",4,"2",33,26,41,37,720,1018,8,11,-3,298
"22100157","POR","Anfernee Simons, CJ McCollum, Cody Zeller, Nassir Little, Robert Covington",4,"1",26,33,26,33,713,713,0,0,0,0
"22100157","LAC","Eric Bledsoe, Isaiah Hartenstein, Ivica Zubac, Justise Winslow, Luke Kennard",5,"2",41,37,41,37,1018,1018,0,0,0,0
"22100157","POR","Anfernee Simons, CJ McCollum, Cody Zeller, Larry Nance Jr., Nassir Little",5,"1",26,33,26,33,713,720,0,0,0,7
"22100157","LAC","Eric Bledsoe, Ivica Zubac, Justise Winslow, Luke Kennard, Paul George",6,"2",41,37,41,37,1018,1018,0,0,0,0
"22100157","POR","Anfernee Simons, CJ McCollum, Larry Nance Jr., Nassir Little, Tony Snell",6,"2",26,33,37,41,720,1018,11,8,3,298
"22100157","LAC","Ivica Zubac, Justise Winslow, Luke Kennard, Paul George, Reggie Jackson",7,"2",41,37,41,37,1018,1018,0,0,0,0
"22100157","POR","CJ McCollum, Damian Lillard, Larry Nance Jr., Nassir Little, Tony Snell",7,"2",37,41,37,41,1018,1018,0,0,0,0
"22100157","LAC","Ivica Zubac, Luke Kennard, Paul George, Reggie Jackson, Terance Mann",8,"2",41,37,45,45,1018,1190,4,8,-4,172
"22100157","POR","CJ McCollum, Damian Lillard, Jusuf Nurkic, Nassir Little, Tony Snell",8,"2",37,41,37,41,1018,1018,0,0,0,0
"22100157","LAC","Ivica Zubac, Nicolas Batum, Paul George, Reggie Jackson, Terance Mann",9,"2",45,45,47,45,1190,1258,2,0,2,68
"22100157","POR","CJ McCollum, Damian Lillard, Jusuf Nurkic, Nassir Little, Robert Covington",9,"2",37,41,39,41,1018,1053,2,0,2,35
"22100157","LAC","Eric Bledsoe, Ivica Zubac, Nicolas Batum, Paul George, Reggie Jackson",10,"2",47,45,52,53,1258,1330,5,8,-3,72
"22100157","POR","CJ McCollum, Damian Lillard, Jusuf Nurkic, Norman Powell, Robert Covington",10,"2",39,41,55,56,1053,1440,16,15,1,387
"22100157","POR","CJ McCollum, Damian Lillard, Jusuf Nurkic, Norman Powell, Robert Covington",10,"3",55,56,64,65,1440,1697,9,9,0,257
"22100157","LAC","Eric Bledsoe, Isaiah Hartenstein, Nicolas Batum, Paul George, Reggie Jackson",11,"2",52,53,52,53,1330,1330,0,0,0,0
"22100157","POR","CJ McCollum, Cody Zeller, Damian Lillard, Norman Powell, Robert Covington",11,"3",64,65,64,70,1697,1787,0,5,-5,90
"22100157","LAC","Eric Bledsoe, Isaiah Hartenstein, Luke Kennard, Nicolas Batum, Reggie Jackson",12,"2",52,53,56,55,1330,1440,4,2,2,110
"22100157","POR","Anfernee Simons, Cody Zeller, Damian Lillard, Norman Powell, Robert Covington",12,"3",64,70,68,70,1787,1892,4,0,4,105
"22100157","LAC","Eric Bledsoe, Ivica Zubac, Nicolas Batum, Paul George, Reggie Jackson",13,"3",56,55,70,64,1440,1787,14,9,5,347
"22100157","POR","Anfernee Simons, Cody Zeller, Damian Lillard, Nassir Little, Robert Covington",13,"3",68,70,77,80,1892,2101,9,10,-1,209
"22100157","LAC","Ivica Zubac, Nicolas Batum, Paul George, Reggie Jackson, Terance Mann",14,"3",70,64,70,66,1787,1807,0,2,-2,20
"22100157","POR","Anfernee Simons, CJ McCollum, Cody Zeller, Nassir Little, Robert Covington",14,"3",77,80,77,80,2101,2101,0,0,0,0
"22100157","LAC","Ivica Zubac, Luke Kennard, Nicolas Batum, Reggie Jackson, Terance Mann",15,"3",70,66,70,68,1807,1892,0,2,-2,85
"22100157","POR","Anfernee Simons, CJ McCollum, Cody Zeller, Larry Nance Jr., Nassir Little",15,"3",77,80,79,83,2101,2160,2,3,-1,59
"22100157","LAC","Isaiah Hartenstein, Luke Kennard, Nicolas Batum, Reggie Jackson, Terance Mann",16,"3",70,68,72,68,1892,1920,2,0,2,28
"22100157","POR","Anfernee Simons, CJ McCollum, Larry Nance Jr., Nassir Little, Tony Snell",16,"4",79,83,82,91,2160,2339,3,8,-5,179
"22100157","LAC","Eric Bledsoe, Isaiah Hartenstein, Luke Kennard, Nicolas Batum, Terance Mann",17,"3",72,68,83,79,1920,2160,11,11,0,240
"22100157","POR","Anfernee Simons, Jusuf Nurkic, Larry Nance Jr., Nassir Little, Tony Snell",17,"4",82,91,82,91,2339,2339,0,0,0,0
"22100157","LAC","Eric Bledsoe, Isaiah Hartenstein, Luke Kennard, Reggie Jackson, Terance Mann",18,"4",83,79,88,82,2160,2285,5,3,2,125
"22100157","POR","Anfernee Simons, Damian Lillard, Jusuf Nurkic, Larry Nance Jr., Tony Snell",18,"4",82,91,82,91,2339,2339,0,0,0,0
"22100157","LAC","Eric Bledsoe, Isaiah Hartenstein, Luke Kennard, Paul George, Terance Mann",19,"4",88,82,99,93,2285,2503,11,11,0,218
"22100157","POR","Anfernee Simons, Damian Lillard, Jusuf Nurkic, Robert Covington, Tony Snell",19,"4",82,91,82,91,2339,2339,0,0,0,0
"22100157","LAC","Isaiah Hartenstein, Luke Kennard, Paul George, Reggie Jackson, Terance Mann",20,"4",99,93,99,93,2503,2503,0,0,0,0
"22100157","POR","Anfernee Simons, Damian Lillard, Jusuf Nurkic, Norman Powell, Robert Covington",20,"4",82,91,93,99,2339,2503,11,8,3,164
"22100157","LAC","Ivica Zubac, Luke Kennard, Paul George, Reggie Jackson, Terance Mann",21,"4",99,93,101,97,2503,2579,2,4,-2,76
"22100157","POR","CJ McCollum, Damian Lillard, Jusuf Nurkic, Norman Powell, Robert Covington",21,"4",93,99,109,117,2503,2880,16,18,-2,377
"22100157","LAC","Ivica Zubac, Nicolas Batum, Paul George, Reggie Jackson, Terance Mann",22,"4",101,97,111,100,2579,2798,10,3,7,219
"22100157","LAC","Eric Bledsoe, Nicolas Batum, Paul George, Reggie Jackson, Terance Mann",23,"4",111,100,117,107,2798,2855,6,7,-1,57
"22100157","LAC","Brandon Boston Jr., Eric Bledsoe, Nicolas Batum, Paul George, Terance Mann",24,"4",117,107,117,107,2855,2855,0,0,0,0
"22100157","LAC","Amir Coffey, Brandon Boston Jr., Eric Bledsoe, Nicolas Batum, Terance Mann",25,"4",117,107,117,107,2855,2855,0,0,0,0
"22100157","LAC","Amir Coffey, Brandon Boston Jr., Eric Bledsoe, Isaiah Hartenstein, Terance Mann",26,"4",117,107,117,109,2855,2880,0,2,-2,25
"22100158","CLE","Darius Garland, Dean Wade, Evan Mobley, Isaac Okoro, Jarrett Allen",0,"1",0,0,2,6,0,216,2,6,-4,216
"22100158","WAS","Bradley Beal, Daniel Gafford, Kentavious Caldwell-Pope, Kyle Kuzma, Spencer Dinwiddie",0,"1",0,0,10,4,0,313,10,4,6,313
"22100158","CLE","Cedi Osman, Darius Garland, Dean Wade, Isaac Okoro, Jarrett Allen",1,"1",2,6,4,10,216,313,2,4,-2,97
"22100158","WAS","Bradley Beal, Daniel Gafford, Deni Avdija, Kyle Kuzma, Spencer Dinwiddie",1,"1",10,4,10,6,313,342,0,2,-2,29
"22100158","CLE","Cedi Osman, Dean Wade, Isaac Okoro, Jarrett Allen, Ricky Rubio",2,"1",4,10,6,10,313,388,2,0,2,75
"22100158","WAS","Bradley Beal, Daniel Gafford, Deni Avdija, Kyle Kuzma, Raul Neto",2,"1",10,6,10,6,342,388,0,0,0,46
"22100158","CLE","Cedi Osman, Dylan Windler, Isaac Okoro, Jarrett Allen, Ricky Rubio",3,"1",6,10,6,10,388,388,0,0,0,0
"22100158","WAS","Bradley Beal, Deni Avdija, Kyle Kuzma, Montrezl Harrell, Raul Neto",3,"1",10,6,13,12,388,492,3,6,-3,104
"22100158","CLE","Cedi Osman, Dylan Windler, Jarrett Allen, Lamar Stevens, Ricky Rubio",4,"1",6,10,12,15,388,531,6,5,1,143
"22100158","WAS","Bradley Beal, Corey Kispert, Deni Avdija, Montrezl Harrell, Raul Neto",4,"1",13,12,15,12,492,531,2,0,2,39
"22100158","CLE","Cedi Osman, Darius Garland, Jarrett Allen, Lamar Stevens, Ricky Rubio",5,"1",12,15,19,24,531,713,7,9,-2,182
"22100158","WAS","Aaron Holiday, Corey Kispert, Deni Avdija, Montrezl Harrell, Raul Neto",5,"1",15,12,20,19,531,668,5,7,-2,137
"22100158","CLE","Cedi Osman, Darius Garland, Dean Wade, Jarrett Allen, Ricky Rubio",6,"1",19,24,19,24,713,713,0,0,0,0
"22100158","WAS","Aaron Holiday, Corey Kispert, Deni Avdija, Montrezl Harrell, Spencer Dinwiddie",6,"1",20,19,24,19,668,713,4,0,4,45
"22100158","CLE","Cedi Osman, Darius Garland, Dean Wade, Dylan Windler, Ricky Rubio",7,"1",19,24,22,24,713,720,3,0,3,7
"22100158","WAS","Aaron Holiday, Deni Avdija, Kentavious Caldwell-Pope, Montrezl Harrell, Spencer Dinwiddie",7,"1",24,19,24,22,713,720,0,3,-3,7
"22100158","WAS","Aaron Holiday, Deni Avdija, Kentavious Caldwell-Pope, Montrezl Harrell, Spencer Dinwiddie",7,"2",24,22,28,29,720,899,4,7,-3,179
"22100158","CLE","Cedi Osman, Darius Garland, Dylan Windler, Evan Mobley, Isaac Okoro",8,"2",22,24,31,32,720,942,9,8,1,222
"22100158","WAS","Bradley Beal, Deni Avdija, Kentavious Caldwell-Pope, Montrezl Harrell, Spencer Dinwiddie",8,"2",28,29,32,31,899,942,4,2,2,43
"22100158","CLE","Darius Garland, Dean Wade, Dylan Windler, Evan Mobley, Isaac Okoro",9,"2",31,32,36,37,942,1082,5,5,0,140
"22100158","WAS","Bradley Beal, Deni Avdija, Kyle Kuzma, Montrezl Harrell, Spencer Dinwiddie",9,"2",32,31,37,36,942,1082,5,5,0,140
"22100158","CLE","Darius Garland, Dean Wade, Evan Mobley, Isaac Okoro, Ricky Rubio",10,"2",36,37,36,37,1082,1082,0,0,0,0
"22100158","WAS","Bradley Beal, Corey Kispert, Deni Avdija, Kyle Kuzma, Spencer Dinwiddie",10,"2",37,36,37,36,1082,1082,0,0,0,0
"22100158","CLE","Dean Wade, Evan Mobley, Isaac Okoro, Lamar Stevens, Ricky Rubio",11,"2",36,37,36,37,1082,1082,0,0,0,0
"22100158","WAS","Bradley Beal, Corey Kispert, Kyle Kuzma, Raul Neto, Spencer Dinwiddie",11,"2",37,36,37,36,1082,1082,0,0,0,0
"22100158","CLE","Dean Wade, Evan Mobley, Jarrett Allen, Lamar Stevens, Ricky Rubio",12,"2",36,37,39,44,1082,1243,3,7,-4,161
"22100158","WAS","Bradley Beal, Corey Kispert, Daniel Gafford, Kyle Kuzma, Raul Neto",12,"2",37,36,44,39,1082,1243,7,3,4,161
"22100158","CLE","Darius Garland, Dean Wade, Jarrett Allen, Lamar Stevens, Ricky Rubio",13,"2",39,44,44,44,1243,1300,5,0,5,57
"22100158","WAS","Bradley Beal, Daniel Gafford, Kentavious Caldwell-Pope, Kyle Kuzma, Raul Neto",13,"2",44,39,44,44,1243,1273,0,5,-5,30
"22100158","CLE","Cedi Osman, Darius Garland, Dean Wade, Jarrett Allen, Ricky Rubio",14,"2",44,44,49,44,1300,1431,5,0,5,131
"22100158","WAS","Bradley Beal, Daniel Gafford, Kentavious Caldwell-Pope, Kyle Kuzma, Spencer Dinwiddie",14,"2",44,44,44,49,1273,1431,0,5,-5,158
"22100158","CLE","Cedi Osman, Dean Wade, Jarrett Allen, Lamar Stevens, Ricky Rubio",15,"2",49,44,49,44,1431,1431,0,0,0,0
"22100158","WAS","Bradley Beal, Corey Kispert, Kentavious Caldwell-Pope, Kyle Kuzma, Spencer Dinwiddie",15,"2",44,49,44,49,1431,1440,0,0,0,9
"22100158","CLE","Dean Wade, Isaac Okoro, Jarrett Allen, Lamar Stevens, Ricky Rubio",16,"2",49,44,49,44,1431,1440,0,0,0,9
"22100158","WAS","Bradley Beal, Daniel Gafford, Kentavious Caldwell-Pope, Kyle Kuzma, Spencer Dinwiddie",16,"3",44,49,54,61,1440,1822,10,12,-2,382
"22100158","CLE","Darius Garland, Dean Wade, Evan Mobley, Isaac Okoro, Jarrett Allen",17,"3",49,44,57,49,1440,1694,8,5,3,254
"22100158","WAS","Bradley Beal, Daniel Gafford, Deni Avdija, Kyle Kuzma, Spencer Dinwiddie",17,"3",54,61,54,61,1822,1822,0,0,0,0
"22100158","CLE","Cedi Osman, Darius Garland, Dean Wade, Evan Mobley, Isaac Okoro",18,"3",57,49,61,54,1694,1822,4,5,-1,128
"22100158","WAS","Bradley Beal, Deni Avdija, Kyle Kuzma, Raul Neto, Spencer Dinwiddie",18,"3",54,61,54,61,1822,1822,0,0,0,0
"22100158","CLE","Cedi Osman, Darius Garland, Dean Wade, Isaac Okoro, Ricky Rubio",19,"3",61,54,61,54,1822,1822,0,0,0,0
"22100158","WAS","Bradley Beal, Deni Avdija, Kyle Kuzma, Montrezl Harrell, Raul Neto",19,"3",54,61,60,64,1822,1986,6,3,3,164
"22100158","CLE","Cedi Osman, Dean Wade, Isaac Okoro, Jarrett Allen, Ricky Rubio",20,"3",61,54,64,54,1822,1872,3,0,3,50
"22100158","WAS","Aaron Holiday, Bradley Beal, Kyle Kuzma, Montrezl Harrell, Raul Neto",20,"3",60,64,60,64,1986,1986,0,0,0,0
"22100158","CLE","Cedi Osman, Dean Wade, Jarrett Allen, Lamar Stevens, Ricky Rubio",21,"3",64,54,64,56,1872,1913,0,2,-2,41
"22100158","WAS","Aaron Holiday, Bradley Beal, Corey Kispert, Montrezl Harrell, Raul Neto",21,"3",60,64,68,74,1986,2160,8,10,-2,174
"22100158","CLE","Cedi Osman, Dylan Windler, Jarrett Allen, Lamar Stevens, Ricky Rubio",22,"3",64,56,65,60,1913,1993,1,4,-3,80
"22100158","WAS","Aaron Holiday, Corey Kispert, Kentavious Caldwell-Pope, Montrezl Harrell, Spencer Dinwiddie",22,"4",68,74,76,80,2160,2329,8,6,2,169
"22100158","CLE","Cedi Osman, Darius Garland, Dylan Windler, Jarrett Allen, Ricky Rubio",23,"3",65,60,70,64,1993,2080,5,4,1,87
"22100158","WAS","Aaron Holiday, Kentavious Caldwell-Pope, Kyle Kuzma, Montrezl Harrell, Spencer Dinwiddie",23,"4",76,80,78,84,2329,2431,2,4,-2,102
"22100158","CLE","Cedi Osman, Darius Garland, Jarrett Allen, Lamar Stevens, Ricky Rubio",24,"3",70,64,74,68,2080,2160,4,4,0,80
"22100158","CLE","Cedi Osman, Darius Garland, Jarrett Allen, Lamar Stevens, Ricky Rubio",24,"4",74,68,80,74,2160,2304,6,6,0,144
"22100158","WAS","Bradley Beal, Kentavious Caldwell-Pope, Kyle Kuzma, Montrezl Harrell, Spencer Dinwiddie",24,"4",78,84,78,84,2431,2431,0,0,0,0
"22100158","CLE","Cedi Osman, Darius Garland, Isaac Okoro, Jarrett Allen, Lamar Stevens",25,"4",80,74,80,74,2304,2304,0,0,0,0
"22100158","WAS","Bradley Beal, Kentavious Caldwell-Pope, Kyle Kuzma, Montrezl Harrell, Raul Neto",25,"4",78,84,78,84,2431,2464,0,0,0,33
"22100158","CLE","Cedi Osman, Darius Garland, Evan Mobley, Isaac Okoro, Jarrett Allen",26,"4",80,74,84,78,2304,2464,4,4,0,160
"22100158","WAS","Bradley Beal, Corey Kispert, Kyle Kuzma, Montrezl Harrell, Raul Neto",26,"4",78,84,78,84,2464,2464,0,0,0,0
"22100158","CLE","Cedi Osman, Evan Mobley, Isaac Okoro, Jarrett Allen, Ricky Rubio",27,"4",84,78,84,78,2464,2464,0,0,0,0
"22100158","WAS","Bradley Beal, Corey Kispert, Daniel Gafford, Kyle Kuzma, Raul Neto",27,"4",78,84,81,87,2464,2593,3,3,0,129
"22100158","CLE","Dean Wade, Evan Mobley, Isaac Okoro, Jarrett Allen, Ricky Rubio",28,"4",84,78,84,78,2464,2491,0,0,0,27
"22100158","WAS","Bradley Beal, Corey Kispert, Kyle Kuzma, Montrezl Harrell, Raul Neto",28,"4",81,87,81,87,2593,2593,0,0,0,0
"22100158","CLE","Dean Wade, Dylan Windler, Evan Mobley, Isaac Okoro, Ricky Rubio",29,"4",84,78,87,81,2491,2593,3,3,0,102
"22100158","WAS","Bradley Beal, Kentavious Caldwell-Pope, Kyle Kuzma, Montrezl Harrell, Raul Neto",29,"4",81,87,84,89,2593,2641,3,2,1,48
"22100158","CLE","Dean Wade, Dylan Windler, Isaac Okoro, Jarrett Allen, Ricky Rubio",30,"4",87,81,87,81,2593,2593,0,0,0,0
"22100158","WAS","Bradley Beal, Kentavious Caldwell-Pope, Kyle Kuzma, Montrezl Harrell, Spencer Dinwiddie",30,"4",84,89,89,91,2641,2794,5,2,3,153
"22100158","CLE","Darius Garland, Dean Wade, Isaac Okoro, Jarrett Allen, Ricky Rubio",31,"4",87,81,91,86,2593,2757,4,5,-1,164
"22100158","WAS","Bradley Beal, Daniel Gafford, Kentavious Caldwell-Pope, Kyle Kuzma, Spencer Dinwiddie",31,"4",89,91,92,94,2794,2865,3,3,0,71
"22100158","CLE","Darius Garland, Evan Mobley, Isaac Okoro, Jarrett Allen, Ricky Rubio",32,"4",91,86,91,89,2757,2794,0,3,-3,37
"22100158","WAS","Bradley Beal, Daniel Gafford, Kyle Kuzma, Montrezl Harrell, Spencer Dinwiddie",32,"4",92,94,92,94,2865,2865,0,0,0,0
"22100158","CLE","Cedi Osman, Darius Garland, Evan Mobley, Jarrett Allen, Ricky Rubio",33,"4",91,89,93,89,2794,2850,2,0,2,56
"22100158","WAS","Bradley Beal, Kentavious Caldwell-Pope, Kyle Kuzma, Montrezl Harrell, Spencer Dinwiddie",33,"4",92,94,95,94,2865,2869,3,0,3,4
"22100158","CLE","Cedi Osman, Evan Mobley, Jarrett Allen, Lamar Stevens, Ricky Rubio",34,"4",93,89,94,95,2850,2869,1,6,-5,19
"22100158","WAS","Bradley Beal, Daniel Gafford, Kentavious Caldwell-Pope, Kyle Kuzma, Spencer Dinwiddie",34,"4",95,94,95,94,2869,2877,0,0,0,8
"22100158","CLE","Cedi Osman, Darius Garland, Evan Mobley, Jarrett Allen, Ricky Rubio",35,"4",94,95,94,95,2869,2877,0,0,0,8
"22100158","WAS","Bradley Beal, Daniel Gafford, Kyle Kuzma, Raul Neto, Spencer Dinwiddie",35,"4",95,94,95,94,2877,2877,0,0,0,0
"22100158","CLE","Cedi Osman, Darius Garland, Evan Mobley, Jarrett Allen, Tacko Fall",36,"4",94,95,94,95,2877,2877,0,0,0,0
"22100158","WAS","Bradley Beal, Corey Kispert, Kyle Kuzma, Raul Neto, Spencer Dinwiddie",36,"4",95,94,97,94,2877,2880,2,0,2,3
"22100158","CLE","Cedi Osman, Darius Garland, Jarrett Allen, Lamar Stevens, Tacko Fall",37,"4",94,95,94,97,2877,2880,0,2,-2,3
"22100159","BKN","Blake Griffin, Bruce Brown, James Harden, Joe Harris, Kevin Durant",0,"1",0,0,21,15,0,474,21,15,6,474
"22100159","ORL","Cole Anthony, Franz Wagner, Jalen Suggs, Mo Bamba, Wendell Carter Jr.",0,"1",0,0,10,12,0,275,10,12,-2,275
"22100159","BKN","Blake Griffin, DeAndre' Bembry, James Harden, Joe Harris, Kevin Durant",1,"1",21,15,21,15,474,474,0,0,0,0
"22100159","ORL","Cole Anthony, Franz Wagner, Mo Bamba, Terrence Ross, Wendell Carter Jr.",1,"1",10,12,11,15,275,327,1,3,-2,52
"22100159","BKN","DeAndre' Bembry, James Harden, Joe Harris, Kevin Durant, LaMarcus Aldridge",2,"1",21,15,28,19,474,652,7,4,3,178
"22100159","ORL","Chuma Okeke, Cole Anthony, Franz Wagner, Terrence Ross, Wendell Carter Jr.",2,"1",11,15,15,21,327,474,4,6,-2,147
"22100159","BKN","DeAndre' Bembry, James Harden, Jevon Carter, Kevin Durant, LaMarcus Aldridge",3,"1",28,19,28,19,652,652,0,0,0,0
"22100159","ORL","Chuma Okeke, Cole Anthony, Jalen Suggs, Terrence Ross, Wendell Carter Jr.",3,"1",15,21,15,21,474,474,0,0,0,0
"22100159","BKN","DeAndre' Bembry, Jevon Carter, Kevin Durant, LaMarcus Aldridge, Patty Mills",4,"1",28,19,28,23,652,720,0,4,-4,68
"22100159","ORL","Chuma Okeke, Cole Anthony, Jalen Suggs, Mo Bamba, Terrence Ross",4,"1",15,21,15,21,474,474,0,0,0,0
"22100159","BKN","DeAndre' Bembry, Jevon Carter, LaMarcus Aldridge, Patty Mills, Paul Millsap",5,"2",28,23,37,30,720,888,9,7,2,168
"22100159","ORL","Chuma Okeke, Gary Harris, Jalen Suggs, Mo Bamba, Terrence Ross",5,"1",15,21,23,28,474,720,8,7,1,246
"22100159","BKN","James Harden, Jevon Carter, LaMarcus Aldridge, Patty Mills, Paul Millsap",6,"2",37,30,49,34,888,1129,12,4,8,241
"22100159","ORL","Chuma Okeke, Gary Harris, Jalen Suggs, Mo Bamba, R.J. Hampton",6,"2",23,28,30,37,720,888,7,9,-2,168
"22100159","BKN","James Harden, Joe Harris, LaMarcus Aldridge, Patty Mills, Paul Millsap",7,"2",49,34,49,34,1129,1129,0,0,0,0
"22100159","ORL","Franz Wagner, Gary Harris, Jalen Suggs, Mo Bamba, R.J. Hampton",7,"2",30,37,30,37,888,888,0,0,0,0
"22100159","BKN","James Harden, Joe Harris, Kevin Durant, LaMarcus Aldridge, Patty Mills",8,"2",49,34,55,38,1129,1191,6,4,2,62
"22100159","ORL","Cole Anthony, Franz Wagner, Gary Harris, Mo Bamba, R.J. Hampton",8,"2",30,37,34,49,888,1129,4,12,-8,241
"22100159","BKN","Bruce Brown, James Harden, Joe Harris, Kevin Durant, LaMarcus Aldridge",9,"2",55,38,55,38,1191,1191,0,0,0,0
"22100159","ORL","Cole Anthony, Franz Wagner, Gary Harris, R.J. Hampton, Terrence Ross",9,"2",34,49,34,49,1129,1129,0,0,0,0
"22100159","BKN","Blake Griffin, Bruce Brown, James Harden, Joe Harris, Kevin Durant",10,"2",55,38,65,53,1191,1415,10,15,-5,224
"22100159","ORL","Cole Anthony, Franz Wagner, R.J. Hampton, Terrence Ross, Wendell Carter Jr.",10,"2",34,49,39,55,1129,1208,5,6,-1,79
"22100159","BKN","Blake Griffin, James Harden, Joe Harris, Kevin Durant, Patty Mills",11,"2",65,53,65,53,1415,1428,0,0,0,13
"22100159","ORL","Cole Anthony, Franz Wagner, Jalen Suggs, Terrence Ross, Wendell Carter Jr.",11,"2",39,55,53,65,1208,1440,14,10,4,232
"22100159","BKN","Blake Griffin, Bruce Brown, James Harden, Joe Harris, Kevin Durant",12,"2",65,53,65,53,1428,1440,0,0,0,12
"22100159","BKN","Blake Griffin, Bruce Brown, James Harden, Joe Harris, Kevin Durant",12,"3",65,53,76,63,1440,1849,11,10,1,409
"22100159","ORL","Cole Anthony, Franz Wagner, Jalen Suggs, Mo Bamba, Wendell Carter Jr.",12,"3",53,65,59,74,1440,1709,6,9,-3,269
"22100159","BKN","Bruce Brown, James Harden, Joe Harris, Kevin Durant, LaMarcus Aldridge",13,"3",76,63,76,63,1849,1849,0,0,0,0
"22100159","ORL","Cole Anthony, Franz Wagner, Mo Bamba, Terrence Ross, Wendell Carter Jr.",13,"3",59,74,59,74,1709,1743,0,0,0,34
"22100159","BKN","James Harden, Joe Harris, Kevin Durant, LaMarcus Aldridge, Patty Mills",14,"3",76,63,83,71,1849,1989,7,8,-1,140
"22100159","ORL","Chuma Okeke, Cole Anthony, Franz Wagner, Mo Bamba, Terrence Ross",14,"3",59,74,63,76,1743,1849,4,2,2,106
"22100159","BKN","DeAndre' Bembry, Joe Harris, Kevin Durant, LaMarcus Aldridge, Patty Mills",15,"3",83,71,85,71,1989,2000,2,0,2,11
"22100159","ORL","Chuma Okeke, Cole Anthony, Mo Bamba, Moritz Wagner, Terrence Ross",15,"3",63,76,71,83,1849,1989,8,7,1,140
"22100159","BKN","DeAndre' Bembry, Jevon Carter, Kevin Durant, LaMarcus Aldridge, Patty Mills",16,"3",85,71,92,75,2000,2140,7,4,3,140
"22100159","ORL","Chuma Okeke, Cole Anthony, Gary Harris, Moritz Wagner, Terrence Ross",16,"3",71,83,71,83,1989,1989,0,0,0,0
"22100159","BKN","Jevon Carter, Joe Harris, Kevin Durant, LaMarcus Aldridge, Patty Mills",17,"3",92,75,92,75,2140,2140,0,0,0,0
"22100159","ORL","Chuma Okeke, Gary Harris, Jalen Suggs, Moritz Wagner, Terrence Ross",17,"3",71,83,75,94,1989,2160,4,11,-7,171
"22100159","BKN","James Harden, Joe Harris, Kevin Durant, LaMarcus Aldridge, Patty Mills",18,"3",92,75,94,75,2140,2160,2,0,2,20
"22100159","ORL","Cole Anthony, Franz Wagner, Gary Harris, Moritz Wagner, R.J. Hampton",18,"4",75,94,75,98,2160,2256,0,4,-4,96
"22100159","BKN","DeAndre' Bembry, Jevon Carter, LaMarcus Aldridge, Patty Mills, Paul Millsap",19,"4",94,75,110,79,2160,2466,16,4,12,306
"22100159","ORL","Cole Anthony, Franz Wagner, Gary Harris, Mo Bamba, R.J. Hampton",19,"4",75,98,79,110,2256,2466,4,12,-8,210
"22100159","BKN","Cam Thomas, DeAndre' Bembry, Jevon Carter, LaMarcus Aldridge, Paul Millsap",20,"4",110,79,110,79,2466,2466,0,0,0,0
"22100159","ORL","Cole Anthony, Franz Wagner, Mo Bamba, Moritz Wagner, R.J. Hampton",20,"4",79,110,79,110,2466,2466,0,0,0,0
"22100159","BKN","Cam Thomas, Day'Ron Sharpe, DeAndre' Bembry, Jevon Carter, Paul Millsap",21,"4",110,79,117,87,2466,2696,7,8,-1,230
"22100159","ORL","Chuma Okeke, Franz Wagner, Mo Bamba, Moritz Wagner, R.J. Hampton",21,"4",79,110,79,110,2466,2466,0,0,0,0
"22100159","BKN","Bruce Brown, Cam Thomas, Day'Ron Sharpe, Jevon Carter, Paul Millsap",22,"4",117,87,123,90,2696,2880,6,3,3,184
"22100159","ORL","Chuma Okeke, Franz Wagner, Jalen Suggs, Moritz Wagner, R.J. Hampton",22,"4",79,110,83,115,2466,2633,4,5,-1,167
"22100159","ORL","Chuma Okeke, Ignas Brazdeikis, Jalen Suggs, Moritz Wagner, R.J. Hampton",23,"4",83,115,83,115,2633,2633,0,0,0,0
"22100159","ORL","Chuma Okeke, Ignas Brazdeikis, Moritz Wagner, Mychal Mulder, R.J. Hampton",24,"4",83,115,90,123,2633,2880,7,8,-1,247
"22100160","BOS","Al Horford, Dennis Schroder, Jayson Tatum, Marcus Smart, Robert Williams III",0,"1",0,0,11,8,0,316,11,8,3,316
"22100160","TOR","Fred VanVleet, Gary Trent Jr., OG Anunoby, Pascal Siakam, Scottie Barnes",0,"1",0,0,8,11,0,316,8,11,-3,316
"22100160","BOS","Dennis Schroder, Jayson Tatum, Josh Richardson, Marcus Smart, Robert Williams III",1,"1",11,8,18,14,316,407,7,6,1,91
"22100160","TOR","Fred VanVleet, Gary Trent Jr., OG Anunoby, Pascal Siakam, Precious Achiuwa",1,"1",8,11,19,21,316,462,11,10,1,146
"22100160","BOS","Jayson Tatum, Josh Richardson, Marcus Smart, Robert Williams III, Romeo Langford",2,"1",18,14,26,19,407,542,8,5,3,135
"22100160","TOR","Fred VanVleet, Gary Trent Jr., OG Anunoby, Precious Achiuwa, Svi Mykhailiuk",2,"1",19,21,19,23,462,513,0,2,-2,51
"22100160","BOS","Al Horford, Jayson Tatum, Josh Richardson, Robert Williams III, Romeo Langford",3,"1",26,19,26,19,542,542,0,0,0,0
"22100160","TOR","Dalano Banton, Gary Trent Jr., OG Anunoby, Precious Achiuwa, Svi Mykhailiuk",3,"1",19,23,19,26,513,542,0,3,-3,29
"22100160","BOS","Al Horford, Dennis Schroder, Jayson Tatum, Josh Richardson, Romeo Langford",4,"1",26,19,26,21,542,593,0,2,-2,51
"22100160","TOR","Dalano Banton, OG Anunoby, Precious Achiuwa, Scottie Barnes, Svi Mykhailiuk",4,"1",19,26,25,33,542,720,6,7,-1,178
"22100160","BOS","Aaron Nesmith, Al Horford, Dennis Schroder, Josh Richardson, Romeo Langford",5,"1",26,21,33,25,593,720,7,4,3,127
"22100160","BOS","Aaron Nesmith, Al Horford, Dennis Schroder, Josh Richardson, Romeo Langford",5,"2",33,25,33,29,720,775,0,4,-4,55
"22100160","TOR","Dalano Banton, Fred VanVleet, Precious Achiuwa, Scottie Barnes, Svi Mykhailiuk",5,"2",25,33,31,35,720,910,6,2,4,190
"22100160","BOS","Aaron Nesmith, Al Horford, Dennis Schroder, Grant Williams, Romeo Langford",6,"2",33,29,37,32,775,933,4,3,1,158
"22100160","TOR","Fred VanVleet, Malachi Flynn, Precious Achiuwa, Scottie Barnes, Svi Mykhailiuk",6,"2",31,35,32,37,910,933,1,2,-1,23
"22100160","BOS","Al Horford, Dennis Schroder, Grant Williams, Robert Williams III, Romeo Langford",7,"2",37,32,37,32,933,933,0,0,0,0
"22100160","TOR","Chris Boucher, Fred VanVleet, Malachi Flynn, Scottie Barnes, Svi Mykhailiuk",7,"2",32,37,32,42,933,993,0,5,-5,60
"22100160","BOS","Dennis Schroder, Grant Williams, Jayson Tatum, Robert Williams III, Romeo Langford",8,"2",37,32,37,32,933,933,0,0,0,0
"22100160","TOR","Chris Boucher, Fred VanVleet, Malachi Flynn, Pascal Siakam, Scottie Barnes",8,"2",32,42,35,44,993,1064,3,2,1,71
"22100160","BOS","Grant Williams, Jayson Tatum, Marcus Smart, Robert Williams III, Romeo Langford",9,"2",37,32,44,35,933,1064,7,3,4,131
"22100160","TOR","Chris Boucher, Fred VanVleet, Malachi Flynn, OG Anunoby, Pascal Siakam",9,"2",35,44,35,44,1064,1064,0,0,0,0
"22100160","BOS","Grant Williams, Jayson Tatum, Josh Richardson, Marcus Smart, Robert Williams III",10,"2",44,35,54,42,1064,1301,10,7,3,237
"22100160","TOR","Chris Boucher, Gary Trent Jr., Malachi Flynn, OG Anunoby, Pascal Siakam",10,"2",35,44,35,48,1064,1164,0,4,-4,100
"22100160","BOS","Dennis Schroder, Jayson Tatum, Josh Richardson, Marcus Smart, Robert Williams III",11,"2",54,42,62,46,1301,1440,8,4,4,139
"22100160","TOR","Chris Boucher, Gary Trent Jr., OG Anunoby, Pascal Siakam, Scottie Barnes",11,"2",35,48,35,48,1164,1164,0,0,0,0
"22100160","BOS","Al Horford, Dennis Schroder, Jayson Tatum, Marcus Smart, Robert Williams III",12,"3",62,46,66,55,1440,1761,4,9,-5,321
"22100160","TOR","Fred VanVleet, Gary Trent Jr., OG Anunoby, Pascal Siakam, Scottie Barnes",12,"2",35,48,44,57,1164,1335,9,9,0,171
"22100160","BOS","Dennis Schroder, Jayson Tatum, Josh Richardson, Marcus Smart, Robert Williams III",13,"3",66,55,73,61,1761,1892,7,6,1,131
"22100160","TOR","Fred VanVleet, Gary Trent Jr., OG Anunoby, Pascal Siakam, Precious Achiuwa",13,"2",44,57,46,62,1335,1440,2,5,-3,105
"22100160","BOS","Dennis Schroder, Jayson Tatum, Josh Richardson, Marcus Smart, Romeo Langford",14,"3",73,61,73,61,1892,1892,0,0,0,0
"22100160","TOR","Fred VanVleet, Gary Trent Jr., OG Anunoby, Pascal Siakam, Scottie Barnes",14,"3",46,62,61,73,1440,1892,15,11,4,452
"22100160","BOS","Al Horford, Jayson Tatum, Josh Richardson, Marcus Smart, Romeo Langford",15,"3",73,61,75,64,1892,1988,2,3,-1,96
"22100160","TOR","Fred VanVleet, Gary Trent Jr., OG Anunoby, Precious Achiuwa, Scottie Barnes",15,"3",61,73,64,75,1892,1988,3,2,1,96
"22100160","BOS","Al Horford, Dennis Schroder, Jayson Tatum, Josh Richardson, Romeo Langford",16,"3",75,64,78,66,1988,2057,3,2,1,69
"22100160","TOR","Fred VanVleet, OG Anunoby, Precious Achiuwa, Scottie Barnes, Svi Mykhailiuk",16,"3",64,75,66,78,1988,2057,2,3,-1,69
"22100160","BOS","Al Horford, Dennis Schroder, Grant Williams, Josh Richardson, Romeo Langford",17,"3",78,66,80,68,2057,2160,2,2,0,103
"22100160","BOS","Al Horford, Dennis Schroder, Grant Williams, Josh Richardson, Romeo Langford",17,"4",80,68,83,73,2160,2314,3,5,-2,154
"22100160","TOR","Dalano Banton, OG Anunoby, Precious Achiuwa, Scottie Barnes, Svi Mykhailiuk",17,"3",66,78,66,78,2057,2072,0,0,0,15
"22100160","BOS","Al Horford, Dennis Schroder, Grant Williams, Jayson Tatum, Josh Richardson",18,"4",83,73,83,73,2314,2314,0,0,0,0
"22100160","TOR","Chris Boucher, Dalano Banton, OG Anunoby, Precious Achiuwa, Svi Mykhailiuk",18,"3",66,78,68,80,2072,2160,2,2,0,88
"22100160","BOS","Dennis Schroder, Grant Williams, Jayson Tatum, Josh Richardson, Marcus Smart",19,"4",83,73,83,73,2314,2314,0,0,0,0
"22100160","TOR","Dalano Banton, Gary Trent Jr., Pascal Siakam, Precious Achiuwa, Svi Mykhailiuk",19,"4",68,80,75,86,2160,2408,7,6,1,248
"22100160","BOS","Grant Williams, Jayson Tatum, Josh Richardson, Marcus Smart, Robert Williams III",20,"4",83,73,87,79,2314,2476,4,6,-2,162
"22100160","TOR","Fred VanVleet, Gary Trent Jr., Pascal Siakam, Precious Achiuwa, Svi Mykhailiuk",20,"4",75,86,77,87,2408,2445,2,1,1,37
"22100160","BOS","Dennis Schroder, Jayson Tatum, Josh Richardson, Marcus Smart, Robert Williams III",21,"4",87,79,104,88,2476,2790,17,9,8,314
"22100160","TOR","Fred VanVleet, Gary Trent Jr., OG Anunoby, Precious Achiuwa, Svi Mykhailiuk",21,"4",77,87,79,91,2445,2517,2,4,-2,72
"22100160","BOS","Dennis Schroder, Josh Richardson, Marcus Smart, Robert Williams III, Romeo Langford",22,"4",104,88,104,88,2790,2790,0,0,0,0
"22100160","TOR","Fred VanVleet, Gary Trent Jr., OG Anunoby, Precious Achiuwa, Scottie Barnes",22,"4",79,91,82,97,2517,2643,3,6,-3,126
"22100160","BOS","Aaron Nesmith, Dennis Schroder, Josh Richardson, Robert Williams III, Romeo Langford",23,"4",104,88,104,88,2790,2790,0,0,0,0
"22100160","TOR","Fred VanVleet, Gary Trent Jr., OG Anunoby, Pascal Siakam, Scottie Barnes",23,"4",82,97,88,104,2643,2790,6,7,-1,147
"22100160","BOS","Aaron Nesmith, Dennis Schroder, Grant Williams, Josh Richardson, Romeo Langford",24,"4",104,88,104,88,2790,2805,0,0,0,15
"22100160","TOR","Fred VanVleet, Gary Trent Jr., Justin Champagnie, Pascal Siakam, Scottie Barnes",24,"4",88,104,88,104,2790,2790,0,0,0,0
"22100160","BOS","Aaron Nesmith, Grant Williams, Josh Richardson, Payton Pritchard, Romeo Langford",25,"4",104,88,104,88,2805,2880,0,0,0,75
"22100160","TOR","Fred VanVleet, Gary Trent Jr., Justin Champagnie, Malachi Flynn, Pascal Siakam",25,"4",88,104,88,104,2790,2790,0,0,0,0
"22100160","TOR","Gary Trent Jr., Justin Champagnie, Malachi Flynn, Pascal Siakam, Svi Mykhailiuk",26,"4",88,104,88,104,2790,2790,0,0,0,0
"22100160","TOR","Dalano Banton, Justin Champagnie, Malachi Flynn, Pascal Siakam, Svi Mykhailiuk",27,"4",88,104,88,104,2790,2790,0,0,0,0
"22100160","TOR","Chris Boucher, Dalano Banton, Justin Champagnie, Malachi Flynn, Svi Mykhailiuk",28,"4",88,104,88,104,2790,2880,0,0,0,90
"22100161","MIL","Bobby Portis, George Hill, Giannis Antetokounmpo, Grayson Allen, Jrue Holiday",0,"1",0,0,13,10,0,282,13,10,3,282
"22100161","NYK","Evan Fournier, Julius Randle, Kemba Walker, Mitchell Robinson, RJ Barrett",0,"1",0,0,18,18,0,459,18,18,0,459
"22100161","MIL","Bobby Portis, Giannis Antetokounmpo, Grayson Allen, Jrue Holiday, Semi Ojeleye",1,"1",13,10,13,10,282,282,0,0,0,0
"22100161","NYK","Evan Fournier, Julius Randle, Kemba Walker, RJ Barrett, Taj Gibson",1,"1",18,18,18,24,459,527,0,6,-6,68
"22100161","MIL","Giannis Antetokounmpo, Grayson Allen, Jrue Holiday, Pat Connaughton, Semi Ojeleye",2,"1",13,10,13,13,282,339,0,3,-3,57
"22100161","NYK","Derrick Rose, Evan Fournier, Julius Randle, RJ Barrett, Taj Gibson",2,"1",18,24,20,26,527,587,2,2,0,60
"22100161","MIL","Giannis Antetokounmpo, Jordan Nwora, Jrue Holiday, Pat Connaughton, Semi Ojeleye",3,"1",13,13,18,18,339,459,5,5,0,120
"22100161","NYK","Alec Burks, Derrick Rose, Julius Randle, RJ Barrett, Taj Gibson",3,"1",20,26,20,28,587,622,0,2,-2,35
"22100161","MIL","George Hill, Giannis Antetokounmpo, Jordan Nwora, Pat Connaughton, Semi Ojeleye",4,"1",18,18,24,18,459,527,6,0,6,68
"22100161","NYK","Alec Burks, Derrick Rose, Immanuel Quickley, Julius Randle, Taj Gibson",4,"1",20,28,22,31,622,720,2,3,-1,98
"22100161","MIL","Bobby Portis, George Hill, Jordan Nwora, Pat Connaughton, Semi Ojeleye",5,"1",24,18,31,22,527,720,7,4,3,193
"22100161","NYK","Alec Burks, Derrick Rose, Immanuel Quickley, Obi Toppin, Taj Gibson",5,"2",22,31,30,35,720,966,8,4,4,246
"22100161","MIL","Bobby Portis, George Hill, Grayson Allen, Jordan Nwora, Thanasis Antetokounmpo",6,"2",31,22,31,22,720,788,0,0,0,68
"22100161","NYK","Alec Burks, Derrick Rose, Immanuel Quickley, Mitchell Robinson, Obi Toppin",6,"2",30,35,38,40,966,1126,8,5,3,160
"22100161","MIL","Bobby Portis, George Hill, Grayson Allen, Rodney Hood, Thanasis Antetokounmpo",7,"2",31,22,32,27,788,891,1,5,-4,103
"22100161","NYK","Alec Burks, Derrick Rose, Immanuel Quickley, Julius Randle, Mitchell Robinson",7,"2",38,40,38,40,1126,1184,0,0,0,58
"22100161","MIL","Bobby Portis, Giannis Antetokounmpo, Grayson Allen, Rodney Hood, Thanasis Antetokounmpo",8,"2",32,27,32,27,891,891,0,0,0,0
"22100161","NYK","Alec Burks, Immanuel Quickley, Julius Randle, Mitchell Robinson, RJ Barrett",8,"2",38,40,38,40,1184,1184,0,0,0,0
"22100161","MIL","Giannis Antetokounmpo, Grayson Allen, Rodney Hood, Semi Ojeleye, Thanasis Antetokounmpo",9,"2",32,27,32,27,891,891,0,0,0,0
"22100161","NYK","Alec Burks, Julius Randle, Kemba Walker, Mitchell Robinson, RJ Barrett",9,"2",38,40,38,40,1184,1184,0,0,0,0
"22100161","MIL","Giannis Antetokounmpo, Grayson Allen, Jrue Holiday, Rodney Hood, Semi Ojeleye",10,"2",32,27,35,30,891,1033,3,3,0,142
"22100161","NYK","Evan Fournier, Julius Randle, Kemba Walker, Mitchell Robinson, RJ Barrett",10,"2",38,40,42,51,1184,1440,4,11,-7,256
"22100161","NYK","Evan Fournier, Julius Randle, Kemba Walker, Mitchell Robinson, RJ Barrett",10,"3",42,51,46,64,1440,1750,4,13,-9,310
"22100161","MIL","Giannis Antetokounmpo, Jrue Holiday, Pat Connaughton, Rodney Hood, Semi Ojeleye",11,"2",35,30,40,38,1033,1126,5,8,-3,93
"22100161","NYK","Derrick Rose, Evan Fournier, Julius Randle, Mitchell Robinson, RJ Barrett",11,"3",46,64,46,64,1750,1750,0,0,0,0
"22100161","MIL","Giannis Antetokounmpo, Jordan Nwora, Jrue Holiday, Pat Connaughton, Semi Ojeleye",12,"2",40,38,40,38,1126,1223,0,0,0,97
"22100161","NYK","Alec Burks, Derrick Rose, Julius Randle, Mitchell Robinson, RJ Barrett",12,"3",46,64,46,68,1750,1808,0,4,-4,58
"22100161","MIL","George Hill, Giannis Antetokounmpo, Jordan Nwora, Jrue Holiday, Pat Connaughton",13,"2",40,38,40,38,1223,1223,0,0,0,0
"22100161","NYK","Alec Burks, Derrick Rose, Immanuel Quickley, Julius Randle, Mitchell Robinson",13,"3",46,68,53,73,1808,1892,7,5,2,84
"22100161","MIL","Bobby Portis, George Hill, Giannis Antetokounmpo, Jordan Nwora, Pat Connaughton",14,"2",40,38,43,40,1223,1272,3,2,1,49
"22100161","NYK","Alec Burks, Derrick Rose, Immanuel Quickley, Julius Randle, Taj Gibson",14,"3",53,73,58,77,1892,2039,5,4,1,147
"22100161","MIL","Bobby Portis, George Hill, Jordan Nwora, Pat Connaughton, Semi Ojeleye",15,"2",43,40,43,41,1272,1337,0,1,-1,65
"22100161","NYK","Alec Burks, Derrick Rose, Immanuel Quickley, Obi Toppin, Taj Gibson",15,"3",58,77,66,82,2039,2160,8,5,3,121
"22100161","NYK","Alec Burks, Derrick Rose, Immanuel Quickley, Obi Toppin, Taj Gibson",15,"4",66,82,100,112,2160,2880,34,30,4,720
"22100161","MIL","Bobby Portis, George Hill, Giannis Antetokounmpo, Pat Connaughton, Semi Ojeleye",16,"2",43,41,45,42,1337,1390,2,1,1,53
"22100161","MIL","Bobby Portis, George Hill, Giannis Antetokounmpo, Grayson Allen, Pat Connaughton",17,"2",45,42,51,42,1390,1440,6,0,6,50
"22100161","MIL","Bobby Portis, George Hill, Giannis Antetokounmpo, Grayson Allen, Jrue Holiday",18,"3",51,42,59,46,1440,1657,8,4,4,217
"22100161","MIL","George Hill, Giannis Antetokounmpo, Grayson Allen, Jrue Holiday, Semi Ojeleye",19,"3",59,46,61,46,1657,1679,2,0,2,22
"22100161","MIL","Giannis Antetokounmpo, Grayson Allen, Jrue Holiday, Pat Connaughton, Semi Ojeleye",20,"3",61,46,64,46,1679,1750,3,0,3,71
"22100161","MIL","Giannis Antetokounmpo, Jordan Nwora, Jrue Holiday, Pat Connaughton, Semi Ojeleye",21,"3",64,46,73,53,1750,1892,9,7,2,142
"22100161","MIL","George Hill, Giannis Antetokounmpo, Jordan Nwora, Pat Connaughton, Semi Ojeleye",22,"3",73,53,76,53,1892,1979,3,0,3,87
"22100161","MIL","Bobby Portis, George Hill, Jordan Nwora, Pat Connaughton, Semi Ojeleye",23,"3",76,53,77,58,1979,2039,1,5,-4,60
"22100161","MIL","Bobby Portis, George Hill, Grayson Allen, Jordan Nwora, Semi Ojeleye",24,"3",77,58,82,66,2039,2160,5,8,-3,121
"22100161","MIL","Bobby Portis, George Hill, Giannis Antetokounmpo, Grayson Allen, Jordan Nwora",25,"4",82,66,82,69,2160,2196,0,3,-3,36
"22100161","MIL","Bobby Portis, George Hill, Giannis Antetokounmpo, Grayson Allen, Pat Connaughton",26,"4",82,69,85,74,2196,2305,3,5,-2,109
"22100161","MIL","Bobby Portis, Giannis Antetokounmpo, Grayson Allen, Jrue Holiday, Pat Connaughton",27,"4",85,74,85,76,2305,2335,0,2,-2,30
"22100161","MIL","Giannis Antetokounmpo, Grayson Allen, Jrue Holiday, Pat Connaughton, Semi Ojeleye",28,"4",85,76,88,84,2335,2481,3,8,-5,146
"22100161","MIL","George Hill, Giannis Antetokounmpo, Jrue Holiday, Pat Connaughton, Semi Ojeleye",29,"4",88,84,95,94,2481,2648,7,10,-3,167
"22100161","MIL","George Hill, Giannis Antetokounmpo, Grayson Allen, Jrue Holiday, Pat Connaughton",30,"4",95,94,112,100,2648,2870,17,6,11,222
"22100161","MIL","Bobby Portis, George Hill, Grayson Allen, Jrue Holiday, Pat Connaughton",31,"4",112,100,112,100,2870,2870,0,0,0,0
"22100161","MIL","Bobby Portis, George Hill, Grayson Allen, Jrue Holiday, Semi Ojeleye",32,"4",112,100,112,100,2870,2880,0,0,0,10
"22100162","DET","Cade Cunningham, Isaiah Stewart, Jerami Grant, Killian Hayes, Saddiq Bey",0,"1",0,0,11,4,0,216,11,4,7,216
"22100162","HOU","Christian Wood, Daniel Theis, Jae'Sean Tate, Jalen Green, Kevin Porter Jr.",0,"1",0,0,10,13,0,351,10,13,-3,351
"22100162","DET","Isaiah Stewart, Jerami Grant, Josh Jackson, Killian Hayes, Saddiq Bey",1,"1",11,4,13,12,216,409,2,8,-6,193
"22100162","HOU","Christian Wood, Daniel Theis, Eric Gordon, Jae'Sean Tate, Kevin Porter Jr.",1,"1",10,13,12,13,351,409,2,0,2,58
"22100162","DET","Isaiah Stewart, Jerami Grant, Josh Jackson, Kelly Olynyk, Saddiq Bey",2,"1",13,12,13,12,409,409,0,0,0,0
"22100162","HOU","Christian Wood, Daniel Theis, David Nwaba, Eric Gordon, Kevin Porter Jr.",2,"1",12,13,12,13,409,409,0,0,0,0
"22100162","DET","Cory Joseph, Jerami Grant, Josh Jackson, Kelly Olynyk, Saddiq Bey",3,"1",13,12,13,16,409,515,0,4,-4,106
"22100162","HOU","Daniel Theis, Danuel House Jr., David Nwaba, Eric Gordon, Kevin Porter Jr.",3,"1",12,13,16,18,409,557,4,5,-1,148
"22100162","DET","Cory Joseph, Frank Jackson, Jerami Grant, Josh Jackson, Kelly Olynyk",4,"1",13,16,18,19,515,594,5,3,2,79
"22100162","HOU","Daniel Theis, Danuel House Jr., David Nwaba, Eric Gordon, Jalen Green",4,"1",16,18,16,18,557,557,0,0,0,0
"22100162","DET","Cory Joseph, Frank Jackson, Josh Jackson, Kelly Olynyk, Trey Lyles",5,"1",18,19,23,21,594,720,5,2,3,126
"22100162","DET","Cory Joseph, Frank Jackson, Josh Jackson, Kelly Olynyk, Trey Lyles",5,"2",23,21,26,23,720,818,3,2,1,98
"22100162","HOU","Christian Wood, Danuel House Jr., David Nwaba, Eric Gordon, Jalen Green",5,"1",16,18,21,23,557,720,5,5,0,163
"22100162","DET","Cade Cunningham, Cory Joseph, Frank Jackson, Kelly Olynyk, Trey Lyles",6,"2",26,23,30,29,818,911,4,6,-2,93
"22100162","HOU","Christian Wood, Danuel House Jr., Eric Gordon, Jae'Sean Tate, Jalen Green",6,"2",21,23,23,26,720,818,2,3,-1,98
"22100162","DET","Cade Cunningham, Cory Joseph, Frank Jackson, Isaiah Stewart, Trey Lyles",7,"2",30,29,33,34,911,984,3,5,-2,73
"22100162","HOU","Christian Wood, Danuel House Jr., Jae'Sean Tate, Jalen Green, Josh Christopher",7,"2",23,26,29,30,818,925,6,4,2,107
"22100162","DET","Cade Cunningham, Frank Jackson, Isaiah Stewart, Killian Hayes, Trey Lyles",8,"2",33,34,33,34,984,984,0,0,0,0
"22100162","HOU","Christian Wood, Jae'Sean Tate, Jalen Green, Josh Christopher, Kenyon Martin Jr.",8,"2",29,30,34,33,925,984,5,3,2,59
"22100162","DET","Cade Cunningham, Frank Jackson, Kelly Olynyk, Killian Hayes, Trey Lyles",9,"2",33,34,35,42,984,1082,2,8,-6,98
"22100162","HOU","Christian Wood, Jae'Sean Tate, Jalen Green, Kenyon Martin Jr., Kevin Porter Jr.",9,"2",34,33,37,33,984,1008,3,0,3,24
"22100162","DET","Cade Cunningham, Kelly Olynyk, Killian Hayes, Saddiq Bey, Trey Lyles",10,"2",35,42,35,42,1082,1082,0,0,0,0
"22100162","HOU","Christian Wood, Daniel Theis, Jalen Green, Kenyon Martin Jr., Kevin Porter Jr.",10,"2",37,33,42,35,1008,1082,5,2,3,74
"22100162","DET","Cade Cunningham, Jerami Grant, Kelly Olynyk, Killian Hayes, Saddiq Bey",11,"2",35,42,44,49,1082,1363,9,7,2,281
"22100162","HOU","Daniel Theis, Eric Gordon, Jalen Green, Kenyon Martin Jr., Kevin Porter Jr.",11,"2",42,35,45,40,1082,1247,3,5,-2,165
"22100162","DET","Jerami Grant, Josh Jackson, Kelly Olynyk, Killian Hayes, Saddiq Bey",12,"2",44,49,44,50,1363,1382,0,1,-1,19
"22100162","HOU","Christian Wood, Daniel Theis, Eric Gordon, Jalen Green, Kevin Porter Jr.",12,"2",45,40,49,44,1247,1363,4,4,0,116
"22100162","DET","Cory Joseph, Jerami Grant, Josh Jackson, Killian Hayes, Saddiq Bey",13,"2",44,50,49,50,1382,1440,5,0,5,58
"22100162","HOU","Christian Wood, Daniel Theis, Eric Gordon, Jae'Sean Tate, Kevin Porter Jr.",13,"2",49,44,50,44,1363,1391,1,0,1,28
"22100162","DET","Cade Cunningham, Isaiah Stewart, Jerami Grant, Killian Hayes, Saddiq Bey",14,"3",49,50,51,55,1440,1540,2,5,-3,100
"22100162","HOU","Christian Wood, Danuel House Jr., Eric Gordon, Jae'Sean Tate, Kevin Porter Jr.",14,"2",50,44,50,49,1391,1440,0,5,-5,49
"22100162","DET","Cade Cunningham, Jerami Grant, Kelly Olynyk, Killian Hayes, Saddiq Bey",15,"3",51,55,59,64,1540,1702,8,9,-1,162
"22100162","HOU","Christian Wood, Daniel Theis, Jae'Sean Tate, Jalen Green, Kevin Porter Jr.",15,"3",50,49,64,59,1440,1716,14,10,4,276
"22100162","DET","Cade Cunningham, Jerami Grant, Killian Hayes, Saddiq Bey, Trey Lyles",16,"3",59,64,78,73,1702,1991,19,9,10,289
"22100162","HOU","Christian Wood, Daniel Theis, Eric Gordon, Jalen Green, Kevin Porter Jr.",16,"3",64,59,66,68,1716,1810,2,9,-7,94
"22100162","DET","Cade Cunningham, Cory Joseph, Jerami Grant, Saddiq Bey, Trey Lyles",17,"3",78,73,78,73,1991,1991,0,0,0,0
"22100162","HOU","Christian Wood, Danuel House Jr., Eric Gordon, Jalen Green, Kevin Porter Jr.",17,"3",66,68,71,73,1810,1924,5,5,0,114
"22100162","DET","Cade Cunningham, Cory Joseph, Jerami Grant, Josh Jackson, Trey Lyles",18,"3",78,73,80,75,1991,2027,2,2,0,36
"22100162","HOU","Christian Wood, Danuel House Jr., David Nwaba, Eric Gordon, Jalen Green",18,"3",71,73,73,78,1924,1991,2,5,-3,67
"22100162","DET","Cory Joseph, Frank Jackson, Jerami Grant, Josh Jackson, Trey Lyles",19,"3",80,75,82,76,2027,2087,2,1,1,60
"22100162","HOU","Danuel House Jr., David Nwaba, Eric Gordon, Jae'Sean Tate, Jalen Green",19,"3",73,78,75,80,1991,2027,2,2,0,36
"22100162","DET","Cory Joseph, Frank Jackson, Isaiah Stewart, Josh Jackson, Trey Lyles",20,"3",82,76,82,79,2087,2160,0,3,-3,73
"22100162","HOU","Danuel House Jr., David Nwaba, Eric Gordon, Jae'Sean Tate, Josh Christopher",20,"3",75,80,79,82,2027,2133,4,2,2,106
"22100162","DET","Cory Joseph, Frank Jackson, Isaiah Stewart, Josh Jackson, Saddiq Bey",21,"4",82,79,87,82,2160,2229,5,3,2,69
"22100162","HOU","Daniel Theis, Danuel House Jr., David Nwaba, Eric Gordon, Jae'Sean Tate",21,"3",79,82,79,82,2133,2160,0,0,0,27
"22100162","HOU","Daniel Theis, Danuel House Jr., David Nwaba, Eric Gordon, Jae'Sean Tate",21,"4",79,82,82,87,2160,2229,3,5,-2,69
"22100162","DET","Cory Joseph, Frank Jackson, Josh Jackson, Kelly Olynyk, Saddiq Bey",22,"4",87,82,98,86,2229,2400,11,4,7,171
"22100162","HOU","Daniel Theis, Danuel House Jr., David Nwaba, Jae'Sean Tate, Kevin Porter Jr.",22,"4",82,87,82,89,2229,2240,0,2,-2,11
"22100162","DET","Cade Cunningham, Cory Joseph, Josh Jackson, Kelly Olynyk, Saddiq Bey",23,"4",98,86,98,86,2400,2400,0,0,0,0
"22100162","HOU","Daniel Theis, Danuel House Jr., David Nwaba, Kenyon Martin Jr., Kevin Porter Jr.",23,"4",82,89,84,94,2240,2318,2,5,-3,78
"22100162","DET","Cade Cunningham, Jerami Grant, Josh Jackson, Kelly Olynyk, Saddiq Bey",24,"4",98,86,100,86,2400,2442,2,0,2,42
"22100162","HOU","Christian Wood, Daniel Theis, Danuel House Jr., Kenyon Martin Jr., Kevin Porter Jr.",24,"4",84,94,84,94,2318,2351,0,0,0,33
"22100162","DET","Cade Cunningham, Jerami Grant, Kelly Olynyk, Killian Hayes, Saddiq Bey",25,"4",100,86,103,100,2442,2710,3,14,-11,268
"22100162","HOU","Christian Wood, Daniel Theis, Jalen Green, Kenyon Martin Jr., Kevin Porter Jr.",25,"4",84,94,86,100,2351,2442,2,6,-4,91
"22100162","DET","Cade Cunningham, Isaiah Stewart, Jerami Grant, Killian Hayes, Saddiq Bey",26,"4",103,100,112,104,2710,2880,9,4,5,170
"22100162","HOU","Christian Wood, Daniel Theis, Jae'Sean Tate, Jalen Green, Kevin Porter Jr.",26,"4",86,100,86,100,2442,2442,0,0,0,0
"22100162","HOU","Christian Wood, Eric Gordon, Jae'Sean Tate, Jalen Green, Kevin Porter Jr.",27,"4",86,100,104,112,2442,2867,18,12,6,425
"22100162","HOU","Christian Wood, Danuel House Jr., Eric Gordon, Jalen Green, Kevin Porter Jr.",28,"4",104,112,104,112,2867,2880,0,0,0,13
"22100163","CHI","DeMar DeRozan, Javonte Green, Lonzo Ball, Nikola Vucevic, Zach LaVine",0,"1",0,0,20,13,0,382,20,13,7,382
"22100163","DAL","Dorian Finney-Smith, Dwight Powell, Kristaps Porzingis, Luka Doncic, Tim Hardaway Jr.",0,"1",0,0,11,16,0,286,11,16,-5,286
"22100163","CHI","Alex Caruso, DeMar DeRozan, Javonte Green, Nikola Vucevic, Zach LaVine",1,"1",20,13,20,13,382,382,0,0,0,0
"22100163","DAL","Dorian Finney-Smith, Dwight Powell, Luka Doncic, Reggie Bullock, Tim Hardaway Jr.",1,"1",11,16,11,17,286,298,0,1,-1,12
"22100163","CHI","Alex Caruso, Ayo Dosunmu, Javonte Green, Nikola Vucevic, Zach LaVine",2,"1",20,13,22,13,382,426,2,0,2,44
"22100163","DAL","Dorian Finney-Smith, Dwight Powell, Jalen Brunson, Luka Doncic, Reggie Bullock",2,"1",11,17,13,20,298,382,2,3,-1,84
"22100163","CHI","Alex Caruso, Ayo Dosunmu, Derrick Jones Jr., Nikola Vucevic, Zach LaVine",3,"1",22,13,26,19,426,540,4,6,-2,114
"22100163","DAL","Dorian Finney-Smith, Jalen Brunson, Luka Doncic, Reggie Bullock, Willie Cauley-Stein",3,"1",13,20,19,26,382,540,6,6,0,158
"22100163","CHI","Alex Caruso, Ayo Dosunmu, Derrick Jones Jr., Tony Bradley, Zach LaVine",4,"1",26,19,26,24,540,586,0,5,-5,46
"22100163","DAL","Frank Ntilikina, Jalen Brunson, Luka Doncic, Reggie Bullock, Willie Cauley-Stein",4,"1",19,26,19,26,540,540,0,0,0,0
"22100163","CHI","Alex Caruso, Ayo Dosunmu, DeMar DeRozan, Derrick Jones Jr., Tony Bradley",5,"1",26,24,32,33,586,720,6,9,-3,134
"22100163","DAL","Frank Ntilikina, Jalen Brunson, Reggie Bullock, Sterling Brown, Willie Cauley-Stein",5,"1",19,26,24,26,540,586,5,0,5,46
"22100163","CHI","Ayo Dosunmu, DeMar DeRozan, Derrick Jones Jr., Lonzo Ball, Tony Bradley",6,"2",32,33,34,37,720,782,2,4,-2,62
"22100163","DAL","Frank Ntilikina, Jalen Brunson, Kristaps Porzingis, Sterling Brown, Willie Cauley-Stein",6,"1",24,26,24,26,586,586,0,0,0,0
"22100163","CHI","Alize Johnson, Ayo Dosunmu, DeMar DeRozan, Derrick Jones Jr., Lonzo Ball",7,"2",34,37,39,41,782,901,5,4,1,119
"22100163","DAL","Frank Ntilikina, Jalen Brunson, Kristaps Porzingis, Sterling Brown, Tim Hardaway Jr.",7,"1",24,26,33,32,586,720,9,6,3,134
"22100163","DAL","Frank Ntilikina, Jalen Brunson, Kristaps Porzingis, Sterling Brown, Tim Hardaway Jr.",7,"2",33,32,41,39,720,901,8,7,1,181
"22100163","CHI","Alex Caruso, Alize Johnson, Ayo Dosunmu, DeMar DeRozan, Lonzo Ball",8,"2",39,41,42,46,901,1003,3,5,-2,102
"22100163","DAL","Jalen Brunson, Kristaps Porzingis, Reggie Bullock, Sterling Brown, Tim Hardaway Jr.",8,"2",41,39,46,42,901,1003,5,3,2,102
"22100163","CHI","Alex Caruso, Alize Johnson, Ayo Dosunmu, Lonzo Ball, Nikola Vucevic",9,"2",42,46,42,46,1003,1003,0,0,0,0
"22100163","DAL","Dorian Finney-Smith, Jalen Brunson, Kristaps Porzingis, Reggie Bullock, Tim Hardaway Jr.",9,"2",46,42,46,42,1003,1003,0,0,0,0
"22100163","CHI","Alex Caruso, Ayo Dosunmu, Lonzo Ball, Nikola Vucevic, Zach LaVine",10,"2",42,46,44,46,1003,1043,2,0,2,40
"22100163","DAL","Dorian Finney-Smith, Jalen Brunson, Luka Doncic, Reggie Bullock, Tim Hardaway Jr.",10,"2",46,42,46,42,1003,1003,0,0,0,0
"22100163","CHI","Alex Caruso, Javonte Green, Lonzo Ball, Nikola Vucevic, Zach LaVine",11,"2",44,46,48,51,1043,1154,4,5,-1,111
"22100163","DAL","Dorian Finney-Smith, Dwight Powell, Jalen Brunson, Luka Doncic, Reggie Bullock",11,"2",46,42,51,48,1003,1154,5,6,-1,151
"22100163","CHI","DeMar DeRozan, Javonte Green, Lonzo Ball, Nikola Vucevic, Zach LaVine",12,"2",48,51,61,54,1154,1420,13,3,10,266
"22100163","DAL","Dorian Finney-Smith, Dwight Powell, Luka Doncic, Reggie Bullock, Tim Hardaway Jr.",12,"2",51,48,51,51,1154,1216,0,3,-3,62
"22100163","CHI","DeMar DeRozan, Lonzo Ball, Matt Thomas, Nikola Vucevic, Zach LaVine",13,"2",61,54,61,54,1420,1440,0,0,0,20
"22100163","DAL","Dorian Finney-Smith, Kristaps Porzingis, Luka Doncic, Reggie Bullock, Tim Hardaway Jr.",13,"2",51,51,52,53,1216,1270,1,2,-1,54
"22100163","CHI","DeMar DeRozan, Javonte Green, Lonzo Ball, Nikola Vucevic, Zach LaVine",14,"3",61,54,80,71,1440,1820,19,17,2,380
"22100163","DAL","Dorian Finney-Smith, Jalen Brunson, Kristaps Porzingis, Luka Doncic, Tim Hardaway Jr.",14,"2",52,53,54,61,1270,1440,2,8,-6,170
"22100163","CHI","Alex Caruso, DeMar DeRozan, Javonte Green, Nikola Vucevic, Zach LaVine",15,"3",80,71,80,71,1820,1820,0,0,0,0
"22100163","DAL","Dorian Finney-Smith, Dwight Powell, Kristaps Porzingis, Luka Doncic, Tim Hardaway Jr.",15,"3",54,61,71,80,1440,1820,17,19,-2,380
"22100163","CHI","Alex Caruso, Ayo Dosunmu, Javonte Green, Nikola Vucevic, Zach LaVine",16,"3",80,71,80,76,1820,1909,0,5,-5,89
"22100163","DAL","Dorian Finney-Smith, Dwight Powell, Jalen Brunson, Luka Doncic, Tim Hardaway Jr.",16,"3",71,80,71,80,1820,1820,0,0,0,0
"22100163","CHI","Alex Caruso, Ayo Dosunmu, Derrick Jones Jr., Nikola Vucevic, Zach LaVine",17,"3",80,76,88,80,1909,2003,8,4,4,94
"22100163","DAL","Dorian Finney-Smith, Dwight Powell, Jalen Brunson, Luka Doncic, Reggie Bullock",17,"3",71,80,78,83,1820,1956,7,3,4,136
"22100163","CHI","Alex Caruso, Ayo Dosunmu, DeMar DeRozan, Derrick Jones Jr., Nikola Vucevic",18,"3",88,80,88,80,2003,2003,0,0,0,0
"22100163","DAL","Dwight Powell, Jalen Brunson, Luka Doncic, Reggie Bullock, Sterling Brown",18,"3",78,83,78,85,1956,1963,0,2,-2,7
"22100163","CHI","Alex Caruso, DeMar DeRozan, Derrick Jones Jr., Lonzo Ball, Nikola Vucevic",19,"3",88,80,90,80,2003,2072,2,0,2,69
"22100163","DAL","Jalen Brunson, Luka Doncic, Reggie Bullock, Sterling Brown, Willie Cauley-Stein",19,"3",78,85,80,90,1963,2072,2,5,-3,109
"22100163","CHI","Alex Caruso, DeMar DeRozan, Derrick Jones Jr., Lonzo Ball, Tony Bradley",20,"3",90,80,95,80,2072,2160,5,0,5,88
"22100163","DAL","Frank Ntilikina, Jalen Brunson, Luka Doncic, Reggie Bullock, Sterling Brown",20,"3",80,90,80,90,2072,2072,0,0,0,0
"22100163","CHI","Alex Caruso, Alize Johnson, DeMar DeRozan, Derrick Jones Jr., Lonzo Ball",21,"4",95,80,102,87,2160,2374,7,7,0,214
"22100163","DAL","Boban Marjanovic, Frank Ntilikina, Jalen Brunson, Reggie Bullock, Sterling Brown",21,"3",80,90,80,95,2072,2160,0,5,-5,88
"22100163","CHI","Alize Johnson, Ayo Dosunmu, DeMar DeRozan, Derrick Jones Jr., Lonzo Ball",22,"4",102,87,109,94,2374,2518,7,7,0,144
"22100163","DAL","Jalen Brunson, Kristaps Porzingis, Reggie Bullock, Sterling Brown, Tim Hardaway Jr.",22,"4",80,95,87,102,2160,2374,7,7,0,214
"22100163","CHI","Alize Johnson, Ayo Dosunmu, Derrick Jones Jr., Lonzo Ball, Nikola Vucevic",23,"4",109,94,109,94,2518,2518,0,0,0,0
"22100163","DAL","Jalen Brunson, Kristaps Porzingis, Luka Doncic, Reggie Bullock, Tim Hardaway Jr.",23,"4",87,102,94,109,2374,2524,7,7,0,150
"22100163","CHI","Ayo Dosunmu, Derrick Jones Jr., Lonzo Ball, Nikola Vucevic, Zach LaVine",24,"4",109,94,111,99,2518,2620,2,5,-3,102
"22100163","DAL","Dorian Finney-Smith, Jalen Brunson, Kristaps Porzingis, Luka Doncic, Tim Hardaway Jr.",24,"4",94,109,94,111,2524,2563,0,2,-2,39
"22100163","CHI","Ayo Dosunmu, DeMar DeRozan, Lonzo Ball, Nikola Vucevic, Zach LaVine",25,"4",111,99,111,99,2620,2620,0,0,0,0
"22100163","DAL","Dorian Finney-Smith, Dwight Powell, Kristaps Porzingis, Luka Doncic, Tim Hardaway Jr.",25,"4",94,111,101,115,2563,2770,7,4,3,207
"22100163","CHI","Alex Caruso, DeMar DeRozan, Lonzo Ball, Nikola Vucevic, Zach LaVine",26,"4",111,99,117,105,2620,2839,6,6,0,219
"22100163","DAL","Dorian Finney-Smith, Dwight Powell, Luka Doncic, Moses Brown, Tim Hardaway Jr.",26,"4",101,115,101,115,2770,2770,0,0,0,0
"22100163","CHI","Alex Caruso, DeMar DeRozan, Nikola Vucevic, Tony Bradley, Zach LaVine",27,"4",117,105,117,105,2839,2839,0,0,0,0
"22100163","DAL","Dorian Finney-Smith, Luka Doncic, Moses Brown, Sterling Brown, Tim Hardaway Jr.",27,"4",101,115,101,115,2770,2770,0,0,0,0
"22100163","CHI","DeMar DeRozan, Nikola Vucevic, Tony Bradley, Troy Brown Jr., Zach LaVine",28,"4",117,105,117,105,2839,2839,0,0,0,0
"22100163","DAL","Frank Ntilikina, Luka Doncic, Moses Brown, Sterling Brown, Tim Hardaway Jr.",28,"4",101,115,101,115,2770,2770,0,0,0,0
"22100163","CHI","DeMar DeRozan, Matt Thomas, Nikola Vucevic, Tony Bradley, Troy Brown Jr.",29,"4",117,105,117,105,2839,2839,0,0,0,0
"22100163","DAL","Frank Ntilikina, Luka Doncic, Moses Brown, Sterling Brown, Trey Burke",29,"4",101,115,101,115,2770,2770,0,0,0,0
"22100163","CHI","Alize Johnson, DeMar DeRozan, Matt Thomas, Tony Bradley, Troy Brown Jr.",30,"4",117,105,117,105,2839,2839,0,0,0,0
"22100163","DAL","Frank Ntilikina, Josh Green, Moses Brown, Sterling Brown, Trey Burke",30,"4",101,115,107,117,2770,2880,6,2,4,110
"22100163","CHI","Alize Johnson, Ayo Dosunmu, Matt Thomas, Tony Bradley, Troy Brown Jr.",31,"4",117,105,117,107,2839,2880,0,2,-2,41
"22100164","CHA","Gordon Hayward, LaMelo Ball, Mason Plumlee, Miles Bridges, Terry Rozier",0,"1",0,0,14,20,0,285,14,20,-6,285
"22100164","MEM","De'Anthony Melton, Desmond Bane, Ja Morant, Jaren Jackson Jr., Steven Adams",0,"1",0,0,20,14,0,285,20,14,6,285
"22100164","CHA","Cody Martin, Gordon Hayward, LaMelo Ball, Mason Plumlee, Miles Bridges",1,"1",14,20,21,21,285,386,7,1,6,101
"22100164","MEM","De'Anthony Melton, Desmond Bane, Ja Morant, Kyle Anderson, Steven Adams",1,"1",20,14,21,18,285,353,1,4,-3,68
"22100164","CHA","Cody Martin, Gordon Hayward, LaMelo Ball, Miles Bridges, Nick Richards",2,"1",21,21,21,23,386,409,0,2,-2,23
"22100164","MEM","De'Anthony Melton, Dillon Brooks, Ja Morant, Kyle Anderson, Steven Adams",2,"1",21,18,23,23,353,469,2,5,-3,116
"22100164","CHA","Cody Martin, Gordon Hayward, Kelly Oubre Jr., LaMelo Ball, Nick Richards",3,"1",21,23,31,36,409,717,10,13,-3,308
"22100164","MEM","Dillon Brooks, Ja Morant, John Konchar, Kyle Anderson, Steven Adams",3,"1",23,23,25,25,469,515,2,2,0,46
"22100164","CHA","Cody Martin, Gordon Hayward, Kelly Oubre Jr., Nick Richards, Terry Rozier",4,"1",31,36,31,36,717,717,0,0,0,0
"22100164","MEM","Brandon Clarke, Dillon Brooks, Ja Morant, John Konchar, Kyle Anderson",4,"1",25,25,36,31,515,717,11,6,5,202
"22100164","CHA","Cody Martin, Gordon Hayward, Kelly Oubre Jr., Miles Bridges, Terry Rozier",5,"1",31,36,34,36,717,720,3,0,3,3
"22100164","MEM","Brandon Clarke, Dillon Brooks, Ja Morant, Jaren Jackson Jr., John Konchar",5,"1",36,31,36,31,717,717,0,0,0,0
"22100164","CHA","Jalen McDaniels, Kelly Oubre Jr., Miles Bridges, Nick Richards, Terry Rozier",6,"2",34,36,43,36,720,921,9,0,9,201
"22100164","MEM","Brandon Clarke, Dillon Brooks, Jaren Jackson Jr., John Konchar, Tyus Jones",6,"1",36,31,36,34,717,720,0,3,-3,3
"22100164","CHA","Jalen McDaniels, Kelly Oubre Jr., Mason Plumlee, Miles Bridges, Terry Rozier",7,"2",43,36,48,40,921,1098,5,4,1,177
"22100164","MEM","Brandon Clarke, Desmond Bane, Jaren Jackson Jr., John Konchar, Tyus Jones",7,"2",36,34,36,45,720,976,0,11,-11,256
"22100164","CHA","Cody Martin, Jalen McDaniels, Kelly Oubre Jr., Mason Plumlee, Terry Rozier",8,"2",48,40,48,40,1098,1098,0,0,0,0
"22100164","MEM","De'Anthony Melton, Desmond Bane, Jaren Jackson Jr., John Konchar, Tyus Jones",8,"2",36,45,36,45,976,976,0,0,0,0
"22100164","CHA","Cody Martin, Jalen McDaniels, Kelly Oubre Jr., LaMelo Ball, Mason Plumlee",9,"2",48,40,48,40,1098,1098,0,0,0,0
"22100164","MEM","De'Anthony Melton, Desmond Bane, Jaren Jackson Jr., Kyle Anderson, Tyus Jones",9,"2",36,45,38,48,976,1068,2,3,-1,92
"22100164","CHA","Cody Martin, Gordon Hayward, Jalen McDaniels, LaMelo Ball, Mason Plumlee",10,"2",48,40,58,48,1098,1321,10,8,2,223
"22100164","MEM","De'Anthony Melton, Desmond Bane, Kyle Anderson, Steven Adams, Tyus Jones",10,"2",38,48,38,48,1068,1068,0,0,0,0
"22100164","CHA","Cody Martin, Gordon Hayward, Jalen McDaniels, LaMelo Ball, Miles Bridges",11,"2",58,48,60,52,1321,1440,2,4,-2,119
"22100164","MEM","De'Anthony Melton, Dillon Brooks, Kyle Anderson, Steven Adams, Tyus Jones",11,"2",38,48,40,48,1068,1098,2,0,2,30
"22100164","CHA","Gordon Hayward, LaMelo Ball, Mason Plumlee, Miles Bridges, Terry Rozier",12,"3",60,52,62,62,1440,1713,2,10,-8,273
"22100164","MEM","De'Anthony Melton, Dillon Brooks, Ja Morant, Kyle Anderson, Steven Adams",12,"2",40,48,45,58,1098,1309,5,10,-5,211
"22100164","CHA","Gordon Hayward, LaMelo Ball, Mason Plumlee, Nick Richards, Terry Rozier",13,"3",62,62,62,62,1713,1713,0,0,0,0
"22100164","MEM","De'Anthony Melton, Dillon Brooks, Ja Morant, Jaren Jackson Jr., Steven Adams",13,"2",45,58,52,60,1309,1440,7,2,5,131
"22100164","CHA","Cody Martin, Gordon Hayward, LaMelo Ball, Nick Richards, Terry Rozier",14,"3",62,62,62,62,1713,1713,0,0,0,0
"22100164","MEM","De'Anthony Melton, Desmond Bane, Ja Morant, Jaren Jackson Jr., Steven Adams",14,"3",52,60,65,62,1440,1775,13,2,11,335
"22100164","CHA","Cody Martin, Gordon Hayward, Kelly Oubre Jr., LaMelo Ball, Nick Richards",15,"3",62,62,62,66,1713,1786,0,4,-4,73
"22100164","MEM","De'Anthony Melton, Desmond Bane, Ja Morant, Jaren Jackson Jr., Kyle Anderson",15,"3",65,62,65,62,1775,1775,0,0,0,0
"22100164","CHA","Cody Martin, Gordon Hayward, Kelly Oubre Jr., LaMelo Ball, Miles Bridges",16,"3",62,66,79,76,1786,2089,17,10,7,303
"22100164","MEM","De'Anthony Melton, Dillon Brooks, Ja Morant, Jaren Jackson Jr., Kyle Anderson",16,"3",65,62,72,65,1775,1886,7,3,4,111
"22100164","CHA","Cody Martin, Gordon Hayward, Kelly Oubre Jr., Miles Bridges, Terry Rozier",17,"3",79,76,81,78,2089,2160,2,2,0,71
"22100164","MEM","Brandon Clarke, Dillon Brooks, Ja Morant, Jaren Jackson Jr., Kyle Anderson",17,"3",72,65,72,65,1886,1886,0,0,0,0
"22100164","CHA","Jalen McDaniels, Kelly Oubre Jr., Mason Plumlee, Miles Bridges, Terry Rozier",18,"4",81,78,91,86,2160,2383,10,8,2,223
"22100164","MEM","Brandon Clarke, Dillon Brooks, Ja Morant, John Konchar, Kyle Anderson",18,"3",72,65,78,81,1886,2160,6,16,-10,274
"22100164","CHA","Gordon Hayward, Jalen McDaniels, Kelly Oubre Jr., Mason Plumlee, Terry Rozier",19,"4",91,86,102,95,2383,2639,11,9,2,256
"22100164","MEM","Desmond Bane, John Konchar, Kyle Anderson, Steven Adams, Tyus Jones",19,"4",78,81,78,85,2160,2251,0,4,-4,91
"22100164","CHA","Gordon Hayward, Jalen McDaniels, Kelly Oubre Jr., LaMelo Ball, Mason Plumlee",20,"4",102,95,106,98,2639,2744,4,3,1,105
"22100164","MEM","De'Anthony Melton, Desmond Bane, John Konchar, Steven Adams, Tyus Jones",20,"4",78,85,80,89,2251,2288,2,4,-2,37
"22100164","CHA","Gordon Hayward, Jalen McDaniels, Kelly Oubre Jr., LaMelo Ball, Miles Bridges",21,"4",106,98,106,98,2744,2744,0,0,0,0
"22100164","MEM","De'Anthony Melton, Jaren Jackson Jr., John Konchar, Steven Adams, Tyus Jones",21,"4",80,89,88,94,2288,2437,8,5,3,149
"22100164","CHA","Gordon Hayward, Kelly Oubre Jr., LaMelo Ball, Miles Bridges, Terry Rozier",22,"4",106,98,118,108,2744,2880,12,10,2,136
"22100164","MEM","De'Anthony Melton, Ja Morant, Jaren Jackson Jr., John Konchar, Steven Adams",22,"4",88,94,88,94,2437,2437,0,0,0,0
"22100164","MEM","De'Anthony Melton, Dillon Brooks, Ja Morant, Jaren Jackson Jr., Steven Adams",23,"4",88,94,90,100,2437,2559,2,6,-4,122
"22100164","MEM","Desmond Bane, Dillon Brooks, Ja Morant, Jaren Jackson Jr., Steven Adams",24,"4",90,100,95,102,2559,2639,5,2,3,80
"22100164","MEM","De'Anthony Melton, Desmond Bane, Dillon Brooks, Ja Morant, Jaren Jackson Jr.",25,"4",95,102,95,104,2639,2643,0,2,-2,4
"22100164","MEM","De'Anthony Melton, Dillon Brooks, Ja Morant, Jaren Jackson Jr., Kyle Anderson",26,"4",95,104,108,118,2643,2880,13,14,-1,237
"22100165","NOP","Devonte' Graham, Garrett Temple, Jonas Valanciunas, Josh Hart, Nickeil Alexander-Walker",0,"1",0,0,14,18,0,434,14,18,-4,434
"22100165","OKC","Darius Bazley, Derrick Favors, Josh Giddey, Luguentz Dort, Shai Gilgeous-Alexander",0,"1",0,0,13,7,0,324,13,7,6,324
"22100165","NOP","Devonte' Graham, Garrett Temple, Jaxson Hayes, Josh Hart, Nickeil Alexander-Walker",1,"1",14,18,17,20,434,473,3,2,1,39
"22100165","OKC","Aleksej Pokusevski, Darius Bazley, Derrick Favors, Luguentz Dort, Shai Gilgeous-Alexander",1,"1",13,7,18,14,324,434,5,7,-2,110
"22100165","NOP","Devonte' Graham, Herbert Jones, Jaxson Hayes, Josh Hart, Nickeil Alexander-Walker",2,"1",17,20,17,20,473,473,0,0,0,0
"22100165","OKC","Aleksej Pokusevski, Darius Bazley, Jeremiah Robinson-Earl, Luguentz Dort, Shai Gilgeous-Alexander",2,"1",18,14,22,22,434,567,4,8,-4,133
"22100165","NOP","Devonte' Graham, Herbert Jones, Jaxson Hayes, Nickeil Alexander-Walker, Tomas Satoransky",3,"1",17,20,22,22,473,567,5,2,3,94
"22100165","OKC","Aleksej Pokusevski, Darius Bazley, Jeremiah Robinson-Earl, Shai Gilgeous-Alexander, Tre Mann",3,"1",22,22,22,22,567,567,0,0,0,0
"22100165","NOP","Devonte' Graham, Herbert Jones, Jaxson Hayes, Jonas Valanciunas, Tomas Satoransky",4,"1",22,22,22,22,567,567,0,0,0,0
"22100165","OKC","Aleksej Pokusevski, Jeremiah Robinson-Earl, Kenrich Williams, Shai Gilgeous-Alexander, Tre Mann",4,"1",22,22,26,29,567,663,4,7,-3,96
"22100165","NOP","Devonte' Graham, Garrett Temple, Herbert Jones, Jonas Valanciunas, Tomas Satoransky",5,"1",22,22,29,26,567,663,7,4,3,96
"22100165","OKC","Aleksej Pokusevski, Jeremiah Robinson-Earl, Josh Giddey, Kenrich Williams, Tre Mann",5,"1",26,29,28,29,663,720,2,0,2,57
"22100165","OKC","Aleksej Pokusevski, Jeremiah Robinson-Earl, Josh Giddey, Kenrich Williams, Tre Mann",5,"2",28,29,31,35,720,882,3,6,-3,162
"22100165","NOP","Garrett Temple, Herbert Jones, Jonas Valanciunas, Kira Lewis Jr., Tomas Satoransky",6,"1",29,26,29,28,663,720,0,2,-2,57
"22100165","OKC","Aleksej Pokusevski, Josh Giddey, Kenrich Williams, Mike Muscala, Tre Mann",6,"2",31,35,31,37,882,898,0,2,-2,16
"22100165","NOP","Jonas Valanciunas, Josh Hart, Kira Lewis Jr., Tomas Satoransky, Trey Murphy III",7,"2",29,28,35,31,720,878,6,3,3,158
"22100165","OKC","Gabriel Deck, Josh Giddey, Kenrich Williams, Mike Muscala, Tre Mann",7,"2",31,37,35,39,898,1047,4,2,2,149
"22100165","NOP","Jonas Valanciunas, Josh Hart, Kira Lewis Jr., Nickeil Alexander-Walker, Trey Murphy III",8,"2",35,31,39,35,878,1047,4,4,0,169
"22100165","OKC","Gabriel Deck, Josh Giddey, Kenrich Williams, Luguentz Dort, Mike Muscala",8,"2",35,39,35,39,1047,1047,0,0,0,0
"22100165","NOP","Herbert Jones, Jonas Valanciunas, Kira Lewis Jr., Nickeil Alexander-Walker, Trey Murphy III",9,"2",39,35,39,35,1047,1047,0,0,0,0
"22100165","OKC","Darius Bazley, Josh Giddey, Kenrich Williams, Luguentz Dort, Mike Muscala",9,"2",35,39,36,39,1047,1065,1,0,1,18
"22100165","NOP","Garrett Temple, Herbert Jones, Jonas Valanciunas, Kira Lewis Jr., Nickeil Alexander-Walker",10,"2",39,35,39,41,1047,1105,0,6,-6,58
"22100165","OKC","Darius Bazley, Kenrich Williams, Luguentz Dort, Mike Muscala, Shai Gilgeous-Alexander",10,"2",36,39,41,39,1065,1105,5,0,5,40
"22100165","NOP","Devonte' Graham, Garrett Temple, Herbert Jones, Jonas Valanciunas, Nickeil Alexander-Walker",11,"2",39,41,39,41,1105,1105,0,0,0,0
"22100165","OKC","Darius Bazley, Kenrich Williams, Luguentz Dort, Shai Gilgeous-Alexander, Ty Jerome",11,"2",41,39,48,43,1105,1248,7,4,3,143
"22100165","NOP","Devonte' Graham, Garrett Temple, Herbert Jones, Jaxson Hayes, Nickeil Alexander-Walker",12,"2",39,41,39,46,1105,1184,0,5,-5,79
"22100165","OKC","Darius Bazley, Josh Giddey, Luguentz Dort, Shai Gilgeous-Alexander, Ty Jerome",12,"2",48,43,52,44,1248,1279,4,1,3,31
"22100165","NOP","Devonte' Graham, Garrett Temple, Herbert Jones, Jaxson Hayes, Josh Hart",13,"2",39,46,44,52,1184,1279,5,6,-1,95
"22100165","OKC","Darius Bazley, Derrick Favors, Josh Giddey, Luguentz Dort, Shai Gilgeous-Alexander",13,"2",52,44,56,48,1279,1440,4,4,0,161
"22100165","OKC","Darius Bazley, Derrick Favors, Josh Giddey, Luguentz Dort, Shai Gilgeous-Alexander",13,"3",56,48,62,62,1440,1751,6,14,-8,311
"22100165","NOP","Devonte' Graham, Garrett Temple, Herbert Jones, Jaxson Hayes, Trey Murphy III",14,"2",44,52,44,52,1279,1279,0,0,0,0
"22100165","OKC","Darius Bazley, Jeremiah Robinson-Earl, Josh Giddey, Luguentz Dort, Shai Gilgeous-Alexander",14,"3",62,62,67,68,1751,1915,5,6,-1,164
"22100165","NOP","Devonte' Graham, Garrett Temple, Herbert Jones, Jonas Valanciunas, Trey Murphy III",15,"2",44,52,48,56,1279,1440,4,4,0,161
"22100165","OKC","Aleksej Pokusevski, Darius Bazley, Jeremiah Robinson-Earl, Luguentz Dort, Shai Gilgeous-Alexander",15,"3",67,68,72,68,1915,1981,5,0,5,66
"22100165","NOP","Devonte' Graham, Garrett Temple, Herbert Jones, Jonas Valanciunas, Nickeil Alexander-Walker",16,"3",48,56,62,62,1440,1751,14,6,8,311
"22100165","OKC","Aleksej Pokusevski, Darius Bazley, Luguentz Dort, Mike Muscala, Shai Gilgeous-Alexander",16,"3",72,68,85,71,1981,2160,13,3,10,179
"22100165","NOP","Devonte' Graham, Garrett Temple, Herbert Jones, Jaxson Hayes, Nickeil Alexander-Walker",17,"3",62,62,62,62,1751,1751,0,0,0,0
"22100165","OKC","Aleksej Pokusevski, Josh Giddey, Kenrich Williams, Mike Muscala, Tre Mann",17,"4",85,71,96,79,2160,2455,11,8,3,295
"22100165","NOP","Devonte' Graham, Herbert Jones, Jaxson Hayes, Nickeil Alexander-Walker, Tomas Satoransky",18,"3",62,62,68,67,1751,1915,6,5,1,164
"22100165","OKC","Aleksej Pokusevski, Kenrich Williams, Mike Muscala, Shai Gilgeous-Alexander, Tre Mann",18,"4",96,79,96,79,2455,2522,0,0,0,67
"22100165","NOP","Devonte' Graham, Jaxson Hayes, Nickeil Alexander-Walker, Tomas Satoransky, Trey Murphy III",19,"3",68,67,68,67,1915,1915,0,0,0,0
"22100165","OKC","Aleksej Pokusevski, Kenrich Williams, Luguentz Dort, Mike Muscala, Shai Gilgeous-Alexander",19,"4",96,79,96,81,2522,2542,0,2,-2,20
"22100165","NOP","Devonte' Graham, Garrett Temple, Jaxson Hayes, Tomas Satoransky, Trey Murphy III",20,"3",68,67,68,72,1915,1981,0,5,-5,66
"22100165","OKC","Darius Bazley, Kenrich Williams, Luguentz Dort, Mike Muscala, Shai Gilgeous-Alexander",20,"4",96,81,96,81,2542,2551,0,0,0,9
"22100165","NOP","Garrett Temple, Jaxson Hayes, Jonas Valanciunas, Tomas Satoransky, Trey Murphy III",21,"3",68,72,68,72,1981,1981,0,0,0,0
"22100165","OKC","Darius Bazley, Derrick Favors, Kenrich Williams, Luguentz Dort, Shai Gilgeous-Alexander",21,"4",96,81,98,88,2551,2691,2,7,-5,140
"22100165","NOP","Garrett Temple, Jonas Valanciunas, Kira Lewis Jr., Tomas Satoransky, Trey Murphy III",22,"3",68,72,68,83,1981,2103,0,11,-11,122
"22100165","OKC","Darius Bazley, Derrick Favors, Josh Giddey, Luguentz Dort, Shai Gilgeous-Alexander",22,"4",98,88,103,96,2691,2829,5,8,-3,138
"22100165","NOP","Garrett Temple, Herbert Jones, Jonas Valanciunas, Kira Lewis Jr., Trey Murphy III",23,"3",68,83,71,85,2103,2160,3,2,1,57
"22100165","OKC","Darius Bazley, Derrick Favors, Kenrich Williams, Luguentz Dort, Shai Gilgeous-Alexander",23,"4",103,96,103,97,2829,2836,0,1,-1,7
"22100165","NOP","Herbert Jones, Jonas Valanciunas, Kira Lewis Jr., Nickeil Alexander-Walker, Trey Murphy III",24,"4",71,85,73,92,2160,2309,2,7,-5,149
"22100165","OKC","Darius Bazley, Derrick Favors, Josh Giddey, Luguentz Dort, Shai Gilgeous-Alexander",24,"4",103,97,104,97,2836,2848,1,0,1,12
"22100165","NOP","Herbert Jones, Jonas Valanciunas, Nickeil Alexander-Walker, Tomas Satoransky, Trey Murphy III",25,"4",73,92,75,94,2309,2393,2,2,0,84
"22100165","OKC","Darius Bazley, Derrick Favors, Kenrich Williams, Luguentz Dort, Shai Gilgeous-Alexander",25,"4",104,97,104,98,2848,2860,0,1,-1,12
"22100165","NOP","Devonte' Graham, Herbert Jones, Jonas Valanciunas, Nickeil Alexander-Walker, Tomas Satoransky",26,"4",75,94,88,98,2393,2691,13,4,9,298
"22100165","OKC","Darius Bazley, Derrick Favors, Josh Giddey, Luguentz Dort, Shai Gilgeous-Alexander",26,"4",104,98,106,98,2860,2864,2,0,2,4
"22100165","NOP","Devonte' Graham, Garrett Temple, Herbert Jones, Jonas Valanciunas, Nickeil Alexander-Walker",27,"4",88,98,100,108,2691,2880,12,10,2,189
"22100165","OKC","Darius Bazley, Derrick Favors, Kenrich Williams, Luguentz Dort, Shai Gilgeous-Alexander",27,"4",106,98,108,100,2864,2880,2,2,0,16
"22100166","SAC","Buddy Hield, De'Aaron Fox, Harrison Barnes, Maurice Harkless, Richaun Holmes",0,"1",0,0,7,17,0,297,7,17,-10,297
"22100166","SAS","Dejounte Murray, Derrick White, Doug McDermott, Drew Eubanks, Keldon Johnson",0,"1",0,0,13,7,0,232,13,7,6,232
"22100166","SAC","Buddy Hield, Chimezie Metu, De'Aaron Fox, Harrison Barnes, Richaun Holmes",1,"1",7,17,7,17,297,297,0,0,0,0
"22100166","SAS","Dejounte Murray, Derrick White, Doug McDermott, Keldon Johnson, Thaddeus Young",1,"1",13,7,19,9,232,378,6,2,4,146
"22100166","SAC","Buddy Hield, Chimezie Metu, Davion Mitchell, De'Aaron Fox, Harrison Barnes",2,"1",7,17,7,17,297,297,0,0,0,0
"22100166","SAS","Dejounte Murray, Doug McDermott, Keldon Johnson, Lonnie Walker IV, Thaddeus Young",2,"1",19,9,19,9,378,378,0,0,0,0
"22100166","SAC","Chimezie Metu, Davion Mitchell, De'Aaron Fox, Harrison Barnes, Tristan Thompson",3,"1",7,17,14,32,297,575,7,15,-8,278
"22100166","SAS","Dejounte Murray, Devin Vassell, Keldon Johnson, Lonnie Walker IV, Thaddeus Young",3,"1",19,9,32,14,378,575,13,5,8,197
"22100166","SAC","Chimezie Metu, Davion Mitchell, Harrison Barnes, Maurice Harkless, Tristan Thompson",4,"1",14,32,14,32,575,575,0,0,0,0
"22100166","SAS","Dejounte Murray, Derrick White, Devin Vassell, Lonnie Walker IV, Thaddeus Young",4,"1",32,14,32,14,575,575,0,0,0,0
"22100166","SAC","Buddy Hield, Chimezie Metu, Davion Mitchell, Maurice Harkless, Tristan Thompson",5,"1",14,32,18,32,575,678,4,0,4,103
"22100166","SAS","Derrick White, Devin Vassell, Drew Eubanks, Lonnie Walker IV, Thaddeus Young",5,"1",32,14,32,14,575,575,0,0,0,0
"22100166","SAC","Buddy Hield, Chimezie Metu, Davion Mitchell, Maurice Harkless, Richaun Holmes",6,"1",18,32,20,34,678,720,2,2,0,42
"22100166","SAS","Derrick White, Devin Vassell, Doug McDermott, Drew Eubanks, Lonnie Walker IV",6,"1",32,14,34,20,575,720,2,6,-4,145
"22100166","SAC","Buddy Hield, Davion Mitchell, Jahmi'us Ramsey, Maurice Harkless, Richaun Holmes",7,"2",20,34,20,39,720,815,0,5,-5,95
"22100166","SAS","Bryn Forbes, Derrick White, Doug McDermott, Drew Eubanks, Lonnie Walker IV",7,"2",34,20,44,26,720,925,10,6,4,205
"22100166","SAC","Buddy Hield, Damian Jones, Davion Mitchell, Jahmi'us Ramsey, Richaun Holmes",8,"2",20,39,20,39,815,815,0,0,0,0
"22100166","SAS","Bryn Forbes, Derrick White, Devin Vassell, Doug McDermott, Drew Eubanks",8,"2",44,26,44,26,925,925,0,0,0,0
"22100166","SAC","Buddy Hield, Chimezie Metu, Damian Jones, Davion Mitchell, Jahmi'us Ramsey",9,"2",20,39,26,44,815,925,6,5,1,110
"22100166","SAS","Bryn Forbes, Derrick White, Devin Vassell, Doug McDermott, Thaddeus Young",9,"2",44,26,48,33,925,1002,4,7,-3,77
"22100166","SAC","Buddy Hield, Chimezie Metu, Damian Jones, Harrison Barnes, Jahmi'us Ramsey",10,"2",26,44,26,44,925,925,0,0,0,0
"22100166","SAS","Bryn Forbes, Dejounte Murray, Devin Vassell, Doug McDermott, Thaddeus Young",10,"2",48,33,48,33,1002,1002,0,0,0,0
"22100166","SAC","Chimezie Metu, Damian Jones, De'Aaron Fox, Harrison Barnes, Jahmi'us Ramsey",11,"2",26,44,33,48,925,1002,7,4,3,77
"22100166","SAS","Bryn Forbes, Dejounte Murray, Devin Vassell, Keldon Johnson, Thaddeus Young",11,"2",48,33,56,41,1002,1140,8,8,0,138
"22100166","SAC","Buddy Hield, Damian Jones, De'Aaron Fox, Harrison Barnes, Jahmi'us Ramsey",12,"2",33,48,33,48,1002,1002,0,0,0,0
"22100166","SAS","Dejounte Murray, Devin Vassell, Keldon Johnson, Lonnie Walker IV, Thaddeus Young",12,"2",56,41,61,45,1140,1252,5,4,1,112
"22100166","SAC","Alex Len, Buddy Hield, De'Aaron Fox, Harrison Barnes, Jahmi'us Ramsey",13,"2",33,48,45,61,1002,1252,12,13,-1,250
"22100166","SAS","Dejounte Murray, Derrick White, Keldon Johnson, Lonnie Walker IV, Thaddeus Young",13,"2",61,45,71,53,1252,1429,10,8,2,177
"22100166","SAC","Alex Len, Davion Mitchell, De'Aaron Fox, Harrison Barnes, Jahmi'us Ramsey",14,"2",45,61,53,71,1252,1429,8,10,-2,177
"22100166","SAS","Derrick White, Doug McDermott, Keldon Johnson, Lonnie Walker IV, Thaddeus Young",14,"2",71,53,71,54,1429,1440,0,1,-1,11
"22100166","SAC","Alex Len, Chimezie Metu, De'Aaron Fox, Harrison Barnes, Jahmi'us Ramsey",15,"2",53,71,54,71,1429,1440,1,0,1,11
"22100166","SAS","Dejounte Murray, Derrick White, Doug McDermott, Drew Eubanks, Keldon Johnson",15,"3",71,54,78,65,1440,1702,7,11,-4,262
"22100166","SAC","Buddy Hield, De'Aaron Fox, Harrison Barnes, Maurice Harkless, Richaun Holmes",16,"3",54,71,71,85,1440,1797,17,14,3,357
"22100166","SAS","Dejounte Murray, Devin Vassell, Doug McDermott, Drew Eubanks, Keldon Johnson",16,"3",78,65,83,71,1702,1779,5,6,-1,77
"22100166","SAC","Alex Len, Buddy Hield, De'Aaron Fox, Harrison Barnes, Maurice Harkless",17,"3",71,85,75,90,1797,1863,4,5,-1,66
"22100166","SAS","Dejounte Murray, Devin Vassell, Doug McDermott, Keldon Johnson, Thaddeus Young",17,"3",83,71,90,75,1779,1863,7,4,3,84
"22100166","SAC","Alex Len, Buddy Hield, Davion Mitchell, De'Aaron Fox, Maurice Harkless",18,"3",75,90,77,90,1863,1892,2,0,2,29
"22100166","SAS","Dejounte Murray, Devin Vassell, Keldon Johnson, Lonnie Walker IV, Thaddeus Young",18,"3",90,75,95,77,1863,1966,5,2,3,103
"22100166","SAC","Alex Len, Buddy Hield, Chimezie Metu, Davion Mitchell, De'Aaron Fox",19,"3",77,90,77,90,1892,1892,0,0,0,0
"22100166","SAS","Dejounte Murray, Devin Vassell, Doug McDermott, Lonnie Walker IV, Thaddeus Young",19,"3",95,77,98,77,1966,2031,3,0,3,65
"22100166","SAC","Alex Len, Chimezie Metu, Davion Mitchell, De'Aaron Fox, Jahmi'us Ramsey",20,"3",77,90,77,98,1892,2031,0,8,-8,139
"22100166","SAS","Devin Vassell, Doug McDermott, Lonnie Walker IV, Thaddeus Young, Tre Jones",20,"3",98,77,104,87,2031,2153,6,10,-4,122
"22100166","SAC","Chimezie Metu, Davion Mitchell, De'Aaron Fox, Jahmi'us Ramsey, Richaun Holmes",21,"3",77,98,87,104,2031,2160,10,6,4,129
"22100166","SAS","Devin Vassell, Keldon Johnson, Lonnie Walker IV, Thaddeus Young, Tre Jones",21,"3",104,87,104,87,2153,2160,0,0,0,7
"22100166","SAC","Buddy Hield, Davion Mitchell, Harrison Barnes, Maurice Harkless, Richaun Holmes",22,"4",87,104,91,111,2160,2359,4,7,-3,199
"22100166","SAS","Bryn Forbes, Derrick White, Drew Eubanks, Keldon Johnson, Lonnie Walker IV",22,"4",104,87,111,91,2160,2359,7,4,3,199
"22100166","SAC","Buddy Hield, De'Aaron Fox, Harrison Barnes, Maurice Harkless, Richaun Holmes",23,"4",91,111,91,111,2359,2359,0,0,0,0
"22100166","SAS","Bryn Forbes, Dejounte Murray, Derrick White, Drew Eubanks, Keldon Johnson",23,"4",111,91,118,98,2359,2511,7,7,0,152
"22100166","SAC","Alex Len, Buddy Hield, De'Aaron Fox, Harrison Barnes, Maurice Harkless",24,"4",91,111,98,118,2359,2531,7,7,0,172
"22100166","SAS","Bryn Forbes, Dejounte Murray, Derrick White, Devin Vassell, Drew Eubanks",24,"4",118,98,118,98,2511,2511,0,0,0,0
"22100166","SAC","Alex Len, Buddy Hield, Chimezie Metu, De'Aaron Fox, Maurice Harkless",25,"4",98,118,100,121,2531,2562,2,3,-1,31
"22100166","SAS","Dejounte Murray, Derrick White, Devin Vassell, Doug McDermott, Drew Eubanks",25,"4",118,98,118,98,2511,2511,0,0,0,0
"22100166","SAC","Alex Len, Buddy Hield, Chimezie Metu, De'Aaron Fox, Jahmi'us Ramsey",26,"4",100,121,100,121,2562,2562,0,0,0,0
"22100166","SAS","Dejounte Murray, Derrick White, Devin Vassell, Doug McDermott, Thaddeus Young",26,"4",118,98,127,102,2511,2686,9,4,5,175
"22100166","SAC","Buddy Hield, Chimezie Metu, Damian Jones, De'Aaron Fox, Jahmi'us Ramsey",27,"4",100,121,102,123,2562,2635,2,2,0,73
"22100166","SAS","Dejounte Murray, Devin Vassell, Doug McDermott, Joshua Primo, Thaddeus Young",27,"4",127,102,127,102,2686,2686,0,0,0,0
"22100166","SAC","Buddy Hield, Chimezie Metu, Damian Jones, Davion Mitchell, Jahmi'us Ramsey",28,"4",102,123,117,136,2635,2880,15,13,2,245
"22100166","SAS","Devin Vassell, Doug McDermott, Drew Eubanks, Joshua Primo, Thaddeus Young",28,"4",127,102,127,102,2686,2686,0,0,0,0
"22100166","SAS","Devin Vassell, Drew Eubanks, Joshua Primo, Thaddeus Young, Tre Jones",29,"4",127,102,127,102,2686,2686,0,0,0,0
"22100166","SAS","Devin Vassell, Drew Eubanks, Joe Wieskamp, Joshua Primo, Tre Jones",30,"4",127,102,136,117,2686,2880,9,15,-6,194
"22100167","DEN","Aaron Gordon, JaMychal Green, Jeff Green, Monte Morris, Will Barton",0,"1",0,0,14,8,0,440,14,8,6,440
"22100167","IND","Chris Duarte, Domantas Sabonis, Justin Holiday, Malcolm Brogdon, Myles Turner",0,"1",0,0,6,10,0,343,6,10,-4,343
"22100167","DEN","Aaron Gordon, Jeff Green, Monte Morris, P.J. Dozier, Will Barton",1,"1",14,8,16,8,440,457,2,0,2,17
"22100167","IND","Chris Duarte, Domantas Sabonis, Justin Holiday, Myles Turner, T.J. McConnell",1,"1",6,10,6,10,343,343,0,0,0,0
"22100167","DEN","Aaron Gordon, Monte Morris, P.J. Dozier, Will Barton, Zeke Nnaji",2,"1",16,8,16,8,457,457,0,0,0,0
"22100167","IND","Domantas Sabonis, Jeremy Lamb, Justin Holiday, Myles Turner, T.J. McConnell",2,"1",6,10,6,10,343,343,0,0,0,0
"22100167","DEN","Aaron Gordon, Bones Hyland, P.J. Dozier, Will Barton, Zeke Nnaji",3,"1",16,8,21,13,457,577,5,5,0,120
"22100167","IND","Jeremy Lamb, Justin Holiday, Myles Turner, T.J. McConnell, Torrey Craig",3,"1",6,10,8,16,343,457,2,6,-4,114
"22100167","DEN","Aaron Gordon, Bones Hyland, Facundo Campazzo, P.J. Dozier, Zeke Nnaji",4,"1",21,13,21,13,577,577,0,0,0,0
"22100167","IND","Jeremy Lamb, Malcolm Brogdon, Myles Turner, T.J. McConnell, Torrey Craig",4,"1",8,16,8,16,457,457,0,0,0,0
"22100167","DEN","Austin Rivers, Bones Hyland, Facundo Campazzo, P.J. Dozier, Zeke Nnaji",5,"1",21,13,23,20,577,720,2,7,-5,143
"22100167","DEN","Austin Rivers, Bones Hyland, Facundo Campazzo, P.J. Dozier, Zeke Nnaji",5,"2",23,20,30,26,720,976,7,6,1,256
"22100167","IND","Domantas Sabonis, Jeremy Lamb, Malcolm Brogdon, T.J. McConnell, Torrey Craig",5,"1",8,16,20,23,457,720,12,7,5,263
"22100167","DEN","Bones Hyland, Facundo Campazzo, P.J. Dozier, Will Barton, Zeke Nnaji",6,"2",30,26,30,28,976,1003,0,2,-2,27
"22100167","IND","Chris Duarte, Domantas Sabonis, Kelan Martin, Malcolm Brogdon, Oshae Brissett",6,"2",20,23,22,30,720,889,2,7,-5,169
"22100167","DEN","Aaron Gordon, Bones Hyland, P.J. Dozier, Will Barton, Zeke Nnaji",7,"2",30,28,30,28,1003,1003,0,0,0,0
"22100167","IND","Chris Duarte, Domantas Sabonis, Kelan Martin, Myles Turner, Oshae Brissett",7,"2",22,30,22,30,889,889,0,0,0,0
"22100167","DEN","Aaron Gordon, Bones Hyland, Monte Morris, P.J. Dozier, Will Barton",8,"2",30,28,30,28,1003,1003,0,0,0,0
"22100167","IND","Chris Duarte, Kelan Martin, Myles Turner, Oshae Brissett, T.J. McConnell",8,"2",22,30,22,30,889,889,0,0,0,0
"22100167","DEN","Aaron Gordon, Bones Hyland, Jeff Green, Monte Morris, Will Barton",9,"2",30,28,30,28,1003,1034,0,0,0,31
"22100167","IND","Justin Holiday, Kelan Martin, Myles Turner, Oshae Brissett, T.J. McConnell",9,"2",22,30,24,30,889,957,2,0,2,68
"22100167","DEN","Aaron Gordon, JaMychal Green, Jeff Green, Monte Morris, Will Barton",10,"2",30,28,44,44,1034,1440,14,16,-2,406
"22100167","DEN","Aaron Gordon, JaMychal Green, Jeff Green, Monte Morris, Will Barton",10,"3",44,44,52,56,1440,1804,8,12,-4,364
"22100167","IND","Justin Holiday, Kelan Martin, Myles Turner, T.J. McConnell, Torrey Craig",10,"2",24,30,35,34,957,1200,11,4,7,243
"22100167","DEN","JaMychal Green, Jeff Green, Monte Morris, P.J. Dozier, Will Barton",11,"3",52,56,57,56,1804,1874,5,0,5,70
"22100167","IND","Domantas Sabonis, Justin Holiday, Kelan Martin, Myles Turner, Torrey Craig",11,"2",35,34,35,34,1200,1200,0,0,0,0
"22100167","DEN","Bones Hyland, Jeff Green, Monte Morris, P.J. Dozier, Will Barton",12,"3",57,56,57,56,1874,1914,0,0,0,40
"22100167","IND","Domantas Sabonis, Justin Holiday, Kelan Martin, Malcolm Brogdon, Torrey Craig",12,"2",35,34,38,38,1200,1322,3,4,-1,122
"22100167","DEN","Bones Hyland, Monte Morris, P.J. Dozier, Will Barton, Zeke Nnaji",13,"3",57,56,57,56,1914,1950,0,0,0,36
"22100167","IND","Domantas Sabonis, Justin Holiday, Malcolm Brogdon, T.J. McConnell, Torrey Craig",13,"2",38,38,44,44,1322,1440,6,6,0,118
"22100167","DEN","Austin Rivers, Bones Hyland, P.J. Dozier, Will Barton, Zeke Nnaji",14,"3",57,56,57,56,1950,1999,0,0,0,49
"22100167","IND","Chris Duarte, Domantas Sabonis, Justin Holiday, Malcolm Brogdon, Myles Turner",14,"3",44,44,56,52,1440,1800,12,8,4,360
"22100167","DEN","Austin Rivers, Bones Hyland, Markus Howard, P.J. Dozier, Zeke Nnaji",15,"3",57,56,69,65,1999,2160,12,9,3,161
"22100167","DEN","Austin Rivers, Bones Hyland, Markus Howard, P.J. Dozier, Zeke Nnaji",15,"4",69,65,74,71,2160,2293,5,6,-1,133
"22100167","IND","Domantas Sabonis, Justin Holiday, Malcolm Brogdon, Myles Turner, Torrey Craig",15,"3",56,52,56,52,1800,1800,0,0,0,0
"22100167","DEN","Aaron Gordon, Austin Rivers, Bones Hyland, P.J. Dozier, Zeke Nnaji",16,"4",74,71,79,78,2293,2447,5,7,-2,154
"22100167","IND","Domantas Sabonis, Justin Holiday, Malcolm Brogdon, T.J. McConnell, Torrey Craig",16,"3",56,52,56,52,1800,1826,0,0,0,26
"22100167","DEN","Aaron Gordon, Bones Hyland, P.J. Dozier, Will Barton, Zeke Nnaji",17,"4",79,78,79,78,2447,2447,0,0,0,0
"22100167","IND","Domantas Sabonis, Kelan Martin, Malcolm Brogdon, T.J. McConnell, Torrey Craig",17,"3",56,52,56,57,1826,1852,0,5,-5,26
"22100167","DEN","Aaron Gordon, Bones Hyland, Monte Morris, Will Barton, Zeke Nnaji",18,"4",79,78,90,86,2447,2596,11,8,3,149
"22100167","IND","Domantas Sabonis, Jeremy Lamb, Kelan Martin, T.J. McConnell, Torrey Craig",18,"3",56,57,56,57,1852,1852,0,0,0,0
"22100167","DEN","Aaron Gordon, Jeff Green, Monte Morris, Will Barton, Zeke Nnaji",19,"4",90,86,90,86,2596,2596,0,0,0,0
"22100167","IND","Jeremy Lamb, Kelan Martin, Myles Turner, T.J. McConnell, Torrey Craig",19,"3",56,57,58,62,1852,2083,2,5,-3,231
"22100167","DEN","Aaron Gordon, Jeff Green, Monte Morris, P.J. Dozier, Will Barton",20,"4",90,86,98,94,2596,2853,8,8,0,257
"22100167","IND","Jeremy Lamb, Justin Holiday, Kelan Martin, Myles Turner, T.J. McConnell",20,"3",58,62,58,62,2083,2083,0,0,0,0
"22100167","DEN","Aaron Gordon, JaMychal Green, Jeff Green, P.J. Dozier, Will Barton",21,"4",98,94,98,96,2853,2866,0,2,-2,13
"22100167","IND","Jeremy Lamb, Justin Holiday, Malcolm Brogdon, Myles Turner, T.J. McConnell",21,"3",58,62,65,69,2083,2159,7,7,0,76
"22100167","DEN","Aaron Gordon, JaMychal Green, Jeff Green, Monte Morris, Will Barton",22,"4",98,96,98,96,2866,2866,0,0,0,0
"22100167","IND","Domantas Sabonis, Jeremy Lamb, Justin Holiday, Malcolm Brogdon, Myles Turner",22,"3",65,69,65,69,2159,2160,0,0,0,1
"22100167","DEN","Aaron Gordon, Bones Hyland, Jeff Green, Monte Morris, Will Barton",23,"4",98,96,101,98,2866,2874,3,2,1,8
"22100167","IND","Domantas Sabonis, Justin Holiday, Kelan Martin, Malcolm Brogdon, T.J. McConnell",23,"4",65,69,73,74,2160,2305,8,5,3,145
"22100167","DEN","Aaron Gordon, Bones Hyland, Jeff Green, P.J. Dozier, Will Barton",24,"4",101,98,101,98,2874,2878,0,0,0,4
"22100167","IND","Chris Duarte, Domantas Sabonis, Justin Holiday, Kelan Martin, T.J. McConnell",24,"4",73,74,78,79,2305,2447,5,5,0,142
"22100167","DEN","Aaron Gordon, Jeff Green, Monte Morris, P.J. Dozier, Will Barton",25,"4",101,98,101,98,2878,2880,0,0,0,2
"22100167","IND","Chris Duarte, Domantas Sabonis, Justin Holiday, Kelan Martin, Torrey Craig",25,"4",78,79,78,79,2447,2447,0,0,0,0
"22100167","IND","Chris Duarte, Justin Holiday, Kelan Martin, Malcolm Brogdon, Torrey Craig",26,"4",78,79,78,79,2447,2447,0,0,0,0
"22100167","IND","Chris Duarte, Justin Holiday, Malcolm Brogdon, Myles Turner, Torrey Craig",27,"4",78,79,86,90,2447,2596,8,11,-3,149
"22100167","IND","Chris Duarte, Malcolm Brogdon, Myles Turner, T.J. McConnell, Torrey Craig",28,"4",86,90,86,90,2596,2596,0,0,0,0
"22100167","IND","Chris Duarte, Domantas Sabonis, Malcolm Brogdon, Myles Turner, T.J. McConnell",29,"4",86,90,88,94,2596,2684,2,4,-2,88
"22100167","IND","Domantas Sabonis, Justin Holiday, Malcolm Brogdon, Myles Turner, T.J. McConnell",30,"4",88,94,94,98,2684,2853,6,4,2,169
"22100167","IND","Domantas Sabonis, Jeremy Lamb, Justin Holiday, Malcolm Brogdon, Myles Turner",31,"4",94,98,94,98,2853,2853,0,0,0,0
"22100167","IND","Chris Duarte, Domantas Sabonis, Jeremy Lamb, Justin Holiday, Malcolm Brogdon",32,"4",94,98,96,98,2853,2866,2,0,2,13
"22100167","IND","Chris Duarte, Jeremy Lamb, Justin Holiday, Malcolm Brogdon, Myles Turner",33,"4",96,98,96,98,2866,2866,0,0,0,0
"22100167","IND","Chris Duarte, Justin Holiday, Malcolm Brogdon, Myles Turner, T.J. McConnell",34,"4",96,98,96,98,2866,2866,0,0,0,0
"22100167","IND","Justin Holiday, Malcolm Brogdon, Myles Turner, T.J. McConnell, Torrey Craig",35,"4",96,98,98,101,2866,2874,2,3,-1,8
"22100167","IND","Chris Duarte, Justin Holiday, Malcolm Brogdon, Myles Turner, Torrey Craig",36,"4",98,101,98,101,2874,2874,0,0,0,0
"22100167","IND","Chris Duarte, Jeremy Lamb, Justin Holiday, Malcolm Brogdon, Myles Turner",37,"4",98,101,98,101,2874,2880,0,0,0,6
"22100168","PHX","Chris Paul, Devin Booker, Jae Crowder, JaVale McGee, Mikal Bridges",0,"1",0,0,11,14,0,358,11,14,-3,358
"22100168","POR","CJ McCollum, Damian Lillard, Jusuf Nurkic, Norman Powell, Robert Covington",0,"1",0,0,14,11,0,358,14,11,3,358
"22100168","PHX","Chris Paul, Devin Booker, Frank Kaminsky, Jae Crowder, Mikal Bridges",1,"1",11,14,13,14,358,374,2,0,2,16
"22100168","POR","Anfernee Simons, Damian Lillard, Jusuf Nurkic, Norman Powell, Robert Covington",1,"1",14,11,14,11,358,358,0,0,0,0
"22100168","PHX","Cameron Johnson, Devin Booker, Frank Kaminsky, Jae Crowder, Mikal Bridges",2,"1",13,14,13,14,374,374,0,0,0,0
"22100168","POR","Anfernee Simons, Cody Zeller, Damian Lillard, Norman Powell, Robert Covington",2,"1",14,11,14,13,358,374,0,2,-2,16
"22100168","PHX","Cameron Johnson, Cameron Payne, Devin Booker, Frank Kaminsky, Mikal Bridges",3,"1",13,14,21,22,374,599,8,8,0,225
"22100168","POR","Anfernee Simons, Cody Zeller, Damian Lillard, Nassir Little, Robert Covington",3,"1",14,13,14,13,374,374,0,0,0,0
"22100168","PHX","Abdel Nader, Cameron Johnson, Cameron Payne, Devin Booker, Frank Kaminsky",4,"1",21,22,23,26,599,656,2,4,-2,57
"22100168","POR","Anfernee Simons, Cody Zeller, Damian Lillard, Larry Nance Jr., Nassir Little",4,"1",14,13,20,21,374,565,6,8,-2,191
"22100168","PHX","Abdel Nader, Cameron Johnson, Cameron Payne, Chris Paul, Frank Kaminsky",5,"1",23,26,27,26,656,720,4,0,4,64
"22100168","POR","Anfernee Simons, CJ McCollum, Cody Zeller, Larry Nance Jr., Nassir Little",5,"1",20,21,26,27,565,720,6,6,0,155
"22100168","PHX","Abdel Nader, Cameron Johnson, Cameron Payne, Chris Paul, JaVale McGee",6,"2",27,26,30,26,720,788,3,0,3,68
"22100168","POR","Anfernee Simons, CJ McCollum, Larry Nance Jr., Nassir Little, Tony Snell",6,"2",26,27,30,34,720,909,4,7,-3,189
"22100168","PHX","Abdel Nader, Cameron Johnson, Chris Paul, Jae Crowder, JaVale McGee",7,"2",30,26,34,30,788,909,4,4,0,121
"22100168","POR","CJ McCollum, Jusuf Nurkic, Larry Nance Jr., Nassir Little, Tony Snell",7,"2",30,34,30,34,909,909,0,0,0,0
"22100168","PHX","Abdel Nader, Chris Paul, Jae Crowder, JaVale McGee, Mikal Bridges",8,"2",34,30,34,30,909,918,0,0,0,9
"22100168","POR","CJ McCollum, Damian Lillard, Jusuf Nurkic, Nassir Little, Tony Snell",8,"2",30,34,33,34,909,960,3,0,3,51
"22100168","PHX","Chris Paul, Devin Booker, Jae Crowder, JaVale McGee, Mikal Bridges",9,"2",34,30,34,33,918,960,0,3,-3,42
"22100168","POR","CJ McCollum, Damian Lillard, Jusuf Nurkic, Nassir Little, Norman Powell",9,"2",33,34,35,38,960,1022,2,4,-2,62
"22100168","PHX","Chris Paul, Devin Booker, Frank Kaminsky, Jae Crowder, Mikal Bridges",10,"2",34,33,53,43,960,1249,19,10,9,289
"22100168","POR","CJ McCollum, Damian Lillard, Jusuf Nurkic, Norman Powell, Robert Covington",10,"2",35,38,43,53,1022,1268,8,15,-7,246
"22100168","PHX","Cameron Payne, Devin Booker, Frank Kaminsky, Jae Crowder, Mikal Bridges",11,"2",53,43,53,43,1249,1249,0,0,0,0
"22100168","POR","CJ McCollum, Damian Lillard, Larry Nance Jr., Norman Powell, Robert Covington",11,"2",43,53,47,60,1268,1440,4,7,-3,172
"22100168","PHX","Cameron Johnson, Cameron Payne, Devin Booker, Frank Kaminsky, Mikal Bridges",12,"2",53,43,60,45,1249,1377,7,2,5,128
"22100168","POR","CJ McCollum, Damian Lillard, Jusuf Nurkic, Norman Powell, Robert Covington",12,"3",47,60,54,67,1440,1630,7,7,0,190
"22100168","PHX","Cameron Johnson, Chris Paul, Devin Booker, Frank Kaminsky, Mikal Bridges",13,"2",60,45,60,47,1377,1440,0,2,-2,63
"22100168","POR","CJ McCollum, Damian Lillard, Larry Nance Jr., Norman Powell, Robert Covington",13,"3",54,67,54,67,1630,1630,0,0,0,0
"22100168","PHX","Chris Paul, Devin Booker, Jae Crowder, JaVale McGee, Mikal Bridges",14,"3",60,47,65,51,1440,1524,5,4,1,84
"22100168","POR","CJ McCollum, Cody Zeller, Damian Lillard, Larry Nance Jr., Norman Powell",14,"3",54,67,62,69,1630,1766,8,2,6,136
"22100168","PHX","Chris Paul, Devin Booker, Frank Kaminsky, Jae Crowder, Mikal Bridges",15,"3",65,51,76,69,1524,1889,11,18,-7,365
"22100168","POR","Anfernee Simons, Cody Zeller, Damian Lillard, Larry Nance Jr., Norman Powell",15,"3",62,69,69,76,1766,1889,7,7,0,123
"22100168","PHX","Cameron Johnson, Devin Booker, Frank Kaminsky, Jae Crowder, Mikal Bridges",16,"3",76,69,76,69,1889,1889,0,0,0,0
"22100168","POR","Anfernee Simons, Cody Zeller, Damian Lillard, Larry Nance Jr., Nassir Little",16,"3",69,76,75,82,1889,2027,6,6,0,138
"22100168","PHX","Cameron Johnson, Cameron Payne, Devin Booker, Frank Kaminsky, Mikal Bridges",17,"3",76,69,87,75,1889,2095,11,6,5,206
"22100168","POR","Anfernee Simons, CJ McCollum, Cody Zeller, Damian Lillard, Nassir Little",17,"3",75,82,75,82,2027,2027,0,0,0,0
"22100168","PHX","Abdel Nader, Cameron Johnson, Cameron Payne, Frank Kaminsky, Mikal Bridges",18,"3",87,75,87,77,2095,2160,0,2,-2,65
"22100168","POR","Anfernee Simons, CJ McCollum, Damian Lillard, Jusuf Nurkic, Nassir Little",18,"3",75,82,77,87,2027,2160,2,5,-3,133
"22100168","PHX","Abdel Nader, Cameron Johnson, Cameron Payne, Chris Paul, JaVale McGee",19,"4",87,77,91,84,2160,2308,4,7,-3,148
"22100168","POR","Anfernee Simons, CJ McCollum, Larry Nance Jr., Nassir Little, Tony Snell",19,"4",77,87,89,93,2160,2413,12,6,6,253
"22100168","PHX","Abdel Nader, Cameron Johnson, Chris Paul, Jae Crowder, JaVale McGee",20,"4",91,84,93,89,2308,2413,2,5,-3,105
"22100168","POR","Anfernee Simons, CJ McCollum, Damian Lillard, Larry Nance Jr., Nassir Little",20,"4",89,93,90,96,2413,2467,1,3,-2,54
"22100168","PHX","Cameron Johnson, Chris Paul, Jae Crowder, JaVale McGee, Mikal Bridges",21,"4",93,89,96,90,2413,2467,3,1,2,54
"22100168","POR","CJ McCollum, Damian Lillard, Larry Nance Jr., Nassir Little, Robert Covington",21,"4",90,96,90,96,2467,2467,0,0,0,0
"22100168","PHX","Cameron Johnson, Chris Paul, Devin Booker, Jae Crowder, Mikal Bridges",22,"4",96,90,96,90,2467,2467,0,0,0,0
"22100168","POR","CJ McCollum, Damian Lillard, Larry Nance Jr., Norman Powell, Robert Covington",22,"4",90,96,92,103,2467,2552,2,7,-5,85
"22100168","PHX","Chris Paul, Devin Booker, Frank Kaminsky, Jae Crowder, Mikal Bridges",23,"4",96,90,119,109,2467,2880,23,19,4,413
"22100168","POR","CJ McCollum, Damian Lillard, Jusuf Nurkic, Norman Powell, Robert Covington",23,"4",92,103,97,108,2552,2674,5,5,0,122
"22100168","POR","CJ McCollum, Damian Lillard, Larry Nance Jr., Norman Powell, Robert Covington",24,"4",97,108,101,114,2674,2770,4,6,-2,96
"22100168","POR","CJ McCollum, Damian Lillard, Nassir Little, Norman Powell, Robert Covington",25,"4",101,114,109,119,2770,2880,8,5,3,110
"22100169","GSW","Andrew Wiggins, Draymond Green, Jordan Poole, Kevon Looney, Stephen Curry",0,"1",0,0,19,16,0,419,19,16,3,419
"22100169","MIN","Anthony Edwards, D'Angelo Russell, Jaden McDaniels, Karl-Anthony Towns, Patrick Beverley",0,"1",0,0,13,17,0,311,13,17,-4,311
"22100169","GSW","Andrew Wiggins, Draymond Green, Jordan Poole, Nemanja Bjelica, Stephen Curry",1,"1",19,16,19,16,419,419,0,0,0,0
"22100169","MIN","Anthony Edwards, D'Angelo Russell, Jarred Vanderbilt, Karl-Anthony Towns, Patrick Beverley",1,"1",13,17,13,17,311,311,0,0,0,0
"22100169","GSW","Andrew Wiggins, Draymond Green, Gary Payton II, Jordan Poole, Nemanja Bjelica",2,"1",19,16,21,19,419,481,2,3,-1,62
"22100169","MIN","Anthony Edwards, Jarred Vanderbilt, Karl-Anthony Towns, Malik Beasley, Patrick Beverley",2,"1",13,17,19,21,311,481,6,4,2,170
"22100169","GSW","Andre Iguodala, Draymond Green, Gary Payton II, Jordan Poole, Nemanja Bjelica",3,"1",21,19,25,24,481,579,4,5,-1,98
"22100169","MIN","Anthony Edwards, Jarred Vanderbilt, Jordan McLaughlin, Karl-Anthony Towns, Malik Beasley",3,"1",19,21,24,25,481,626,5,4,1,145
"22100169","GSW","Andre Iguodala, Draymond Green, Gary Payton II, Nemanja Bjelica, Otto Porter Jr.",4,"1",25,24,25,24,579,579,0,0,0,0
"22100169","MIN","Anthony Edwards, Jarred Vanderbilt, Jordan McLaughlin, Malik Beasley, Naz Reid",4,"1",24,25,28,31,626,709,4,6,-2,83
"22100169","GSW","Andre Iguodala, Gary Payton II, Nemanja Bjelica, Otto Porter Jr., Stephen Curry",5,"1",25,24,31,28,579,709,6,4,2,130
"22100169","MIN","Anthony Edwards, D'Angelo Russell, Jordan McLaughlin, Malik Beasley, Naz Reid",5,"1",28,31,28,31,709,720,0,0,0,11
"22100169","GSW","Andre Iguodala, Gary Payton II, Kevon Looney, Otto Porter Jr., Stephen Curry",6,"1",31,28,31,28,709,709,0,0,0,0
"22100169","MIN","D'Angelo Russell, Jarred Vanderbilt, Josh Okogie, Malik Beasley, Naz Reid",6,"2",28,31,32,42,720,888,4,11,-7,168
"22100169","GSW","Andre Iguodala, Draymond Green, Gary Payton II, Kevon Looney, Otto Porter Jr.",7,"1",31,28,31,28,709,709,0,0,0,0
"22100169","MIN","D'Angelo Russell, Jaden McDaniels, Josh Okogie, Malik Beasley, Naz Reid",7,"2",32,42,32,43,888,906,0,1,-1,18
"22100169","GSW","Andre Iguodala, Draymond Green, Gary Payton II, Juan Toscano-Anderson, Kevon Looney",8,"1",31,28,31,28,709,720,0,0,0,11
"22100169","MIN","D'Angelo Russell, Josh Okogie, Karl-Anthony Towns, Malik Beasley, Naz Reid",8,"2",32,43,34,47,906,969,2,4,-2,63
"22100169","GSW","Andre Iguodala, Gary Payton II, Nemanja Bjelica, Otto Porter Jr., Stephen Curry",9,"2",31,28,47,34,720,969,16,6,10,249
"22100169","MIN","Anthony Edwards, D'Angelo Russell, Josh Okogie, Karl-Anthony Towns, Naz Reid",9,"2",34,47,34,47,969,969,0,0,0,0
"22100169","GSW","Andre Iguodala, Andrew Wiggins, Gary Payton II, Otto Porter Jr., Stephen Curry",10,"2",47,34,47,34,969,969,0,0,0,0
"22100169","MIN","Anthony Edwards, D'Angelo Russell, Karl-Anthony Towns, Naz Reid, Patrick Beverley",10,"2",34,47,40,58,969,1224,6,11,-5,255
"22100169","GSW","Andre Iguodala, Andrew Wiggins, Gary Payton II, Jordan Poole, Otto Porter Jr.",11,"2",47,34,47,34,969,969,0,0,0,0
"22100169","MIN","Anthony Edwards, Karl-Anthony Towns, Malik Beasley, Naz Reid, Patrick Beverley",11,"2",40,58,48,63,1224,1327,8,5,3,103
"22100169","GSW","Andre Iguodala, Andrew Wiggins, Gary Payton II, Jordan Poole, Kevon Looney",12,"2",47,34,47,34,969,969,0,0,0,0
"22100169","MIN","Anthony Edwards, Jarred Vanderbilt, Karl-Anthony Towns, Malik Beasley, Patrick Beverley",12,"2",48,63,48,67,1327,1379,0,4,-4,52
"22100169","GSW","Andre Iguodala, Andrew Wiggins, Jordan Poole, Kevon Looney, Moses Moody",13,"2",47,34,52,36,969,1087,5,2,3,118
"22100169","MIN","Anthony Edwards, Jarred Vanderbilt, Jordan McLaughlin, Karl-Anthony Towns, Malik Beasley",13,"2",48,67,54,69,1379,1440,6,2,4,61
"22100169","GSW","Andrew Wiggins, Draymond Green, Jordan Poole, Kevon Looney, Moses Moody",14,"2",52,36,58,40,1087,1224,6,4,2,137
"22100169","MIN","Anthony Edwards, D'Angelo Russell, Jaden McDaniels, Karl-Anthony Towns, Patrick Beverley",14,"3",54,69,60,79,1440,1755,6,10,-4,315
"22100169","GSW","Andrew Wiggins, Draymond Green, Jordan Poole, Kevon Looney, Stephen Curry",15,"2",58,40,67,52,1224,1418,9,12,-3,194
"22100169","MIN","Anthony Edwards, D'Angelo Russell, Jarred Vanderbilt, Karl-Anthony Towns, Patrick Beverley",15,"3",60,79,71,84,1755,1924,11,5,6,169
"22100169","GSW","Andrew Wiggins, Draymond Green, Jordan Poole, Nemanja Bjelica, Stephen Curry",16,"2",67,52,69,54,1418,1440,2,2,0,22
"22100169","MIN","Anthony Edwards, D'Angelo Russell, Jarred Vanderbilt, Karl-Anthony Towns, Malik Beasley",16,"3",71,84,80,88,1924,2069,9,4,5,145
"22100169","GSW","Andrew Wiggins, Draymond Green, Jordan Poole, Kevon Looney, Stephen Curry",17,"3",69,54,79,63,1440,1771,10,9,1,331
"22100169","MIN","Anthony Edwards, D'Angelo Russell, Jarred Vanderbilt, Malik Beasley, Naz Reid",17,"3",80,88,84,93,2069,2127,4,5,-1,58
"22100169","GSW","Andrew Wiggins, Jordan Poole, Juan Toscano-Anderson, Kevon Looney, Stephen Curry",18,"3",79,63,81,71,1771,1894,2,8,-6,123
"22100169","MIN","D'Angelo Russell, Jarred Vanderbilt, Josh Okogie, Malik Beasley, Naz Reid",18,"3",84,93,84,93,2127,2160,0,0,0,33
"22100169","GSW","Andrew Wiggins, Jordan Poole, Juan Toscano-Anderson, Nemanja Bjelica, Stephen Curry",19,"3",81,71,81,71,1894,1894,0,0,0,0
"22100169","MIN","Jaden McDaniels, Josh Okogie, Malik Beasley, Naz Reid, Patrick Beverley",19,"4",84,93,86,95,2160,2252,2,2,0,92
"22100169","GSW","Andre Iguodala, Jordan Poole, Juan Toscano-Anderson, Nemanja Bjelica, Stephen Curry",20,"3",81,71,86,71,1894,1937,5,0,5,43
"22100169","MIN","Anthony Edwards, Jaden McDaniels, Malik Beasley, Naz Reid, Patrick Beverley",20,"4",86,95,90,103,2252,2379,4,8,-4,127
"22100169","GSW","Andre Iguodala, Gary Payton II, Juan Toscano-Anderson, Nemanja Bjelica, Stephen Curry",21,"3",86,71,88,80,1937,2069,2,9,-7,132
"22100169","MIN","Anthony Edwards, Karl-Anthony Towns, Malik Beasley, Naz Reid, Patrick Beverley",21,"4",90,103,90,103,2379,2379,0,0,0,0
"22100169","GSW","Andre Iguodala, Gary Payton II, Nemanja Bjelica, Otto Porter Jr., Stephen Curry",22,"3",88,80,93,84,2069,2127,5,4,1,58
"22100169","MIN","Anthony Edwards, D'Angelo Russell, Karl-Anthony Towns, Naz Reid, Patrick Beverley",22,"4",90,103,110,123,2379,2880,20,20,0,501
"22100169","GSW","Andre Iguodala, Gary Payton II, Jordan Poole, Nemanja Bjelica, Otto Porter Jr.",23,"3",93,84,93,84,2127,2160,0,0,0,33
"22100169","GSW","Andre Iguodala, Gary Payton II, Jordan Poole, Nemanja Bjelica, Otto Porter Jr.",23,"4",93,84,98,90,2160,2324,5,6,-1,164
"22100169","GSW","Andre Iguodala, Andrew Wiggins, Jordan Poole, Nemanja Bjelica, Otto Porter Jr.",24,"4",98,90,105,95,2324,2476,7,5,2,152
"22100169","GSW","Andre Iguodala, Andrew Wiggins, Nemanja Bjelica, Otto Porter Jr., Stephen Curry",25,"4",105,95,105,95,2476,2476,0,0,0,0
"22100169","GSW","Andre Iguodala, Andrew Wiggins, Kevon Looney, Otto Porter Jr., Stephen Curry",26,"4",105,95,105,98,2476,2560,0,3,-3,84
"22100169","GSW","Andre Iguodala, Andrew Wiggins, Jordan Poole, Kevon Looney, Stephen Curry",27,"4",105,98,118,103,2560,2782,13,5,8,222
"22100169","GSW","Andrew Wiggins, Jordan Poole, Juan Toscano-Anderson, Kevon Looney, Stephen Curry",28,"4",118,103,120,105,2782,2822,2,2,0,40
"22100169","GSW","Chris Chiozza, Jordan Poole, Juan Toscano-Anderson, Kevon Looney, Stephen Curry",29,"4",120,105,120,105,2822,2822,0,0,0,0
"22100169","GSW","Chris Chiozza, Jordan Poole, Juan Toscano-Anderson, Kevon Looney, Moses Moody",30,"4",120,105,123,110,2822,2880,3,5,-2,58
"22100170","LAL","Anthony Davis, Avery Bradley, DeAndre Jordan, Kent Bazemore, Russell Westbrook",0,"1",0,0,3,4,0,252,3,4,-1,252
"22100170","MIA","Bam Adebayo, Duncan Robinson, Jimmy Butler, Kyle Lowry, P.J. Tucker",0,"1",0,0,6,3,0,321,6,3,3,321
"22100170","LAL","Anthony Davis, DeAndre Jordan, Kent Bazemore, Malik Monk, Russell Westbrook",1,"1",3,4,5,6,252,343,2,2,0,91
"22100170","MIA","Dewayne Dedmon, Duncan Robinson, Jimmy Butler, Kyle Lowry, P.J. Tucker",1,"1",6,3,11,13,321,411,5,10,-5,90
"22100170","LAL","Anthony Davis, Carmelo Anthony, Kent Bazemore, Malik Monk, Russell Westbrook",2,"1",5,6,13,11,343,411,8,5,3,68
"22100170","MIA","Dewayne Dedmon, Duncan Robinson, Jimmy Butler, P.J. Tucker, Tyler Herro",2,"1",11,13,16,17,411,511,5,4,1,100
"22100170","LAL","Anthony Davis, Carmelo Anthony, Malik Monk, Russell Westbrook, Wayne Ellington",3,"1",13,11,13,16,411,469,0,5,-5,58
"22100170","MIA","Caleb Martin, Dewayne Dedmon, Duncan Robinson, Jimmy Butler, Tyler Herro",3,"1",16,17,25,28,511,720,9,11,-2,209
"22100170","LAL","Anthony Davis, Avery Bradley, Carmelo Anthony, Malik Monk, Wayne Ellington",4,"1",13,16,28,25,469,720,15,9,6,251
"22100170","MIA","Bam Adebayo, Caleb Martin, Gabe Vincent, Kyle Lowry, Tyler Herro",4,"2",25,28,27,31,720,817,2,3,-1,97
"22100170","LAL","Avery Bradley, Carmelo Anthony, Dwight Howard, Russell Westbrook, Wayne Ellington",5,"2",28,25,33,32,720,890,5,7,-2,170
"22100170","MIA","Caleb Martin, Dewayne Dedmon, Gabe Vincent, Kyle Lowry, Tyler Herro",5,"2",27,31,30,31,817,874,3,0,3,57
"22100170","LAL","Avery Bradley, Carmelo Anthony, Dwight Howard, Malik Monk, Russell Westbrook",6,"2",33,32,33,32,890,890,0,0,0,0
"22100170","MIA","Caleb Martin, Gabe Vincent, Kyle Lowry, Tyler Herro, Udonis Haslem",6,"2",30,31,34,35,874,1002,4,4,0,128
"22100170","LAL","Carmelo Anthony, Dwight Howard, Kent Bazemore, Malik Monk, Russell Westbrook",7,"2",33,32,37,34,890,1046,4,2,2,156
"22100170","MIA","Caleb Martin, Kyle Lowry, P.J. Tucker, Tyler Herro, Udonis Haslem",7,"2",34,35,34,35,1002,1002,0,0,0,0
"22100170","LAL","Anthony Davis, Dwight Howard, Kent Bazemore, Malik Monk, Russell Westbrook",8,"2",37,34,44,38,1046,1179,7,4,3,133
"22100170","MIA","Duncan Robinson, Kyle Lowry, P.J. Tucker, Tyler Herro, Udonis Haslem",8,"2",34,35,38,44,1002,1179,4,9,-5,177
"22100170","LAL","Anthony Davis, Dwight Howard, Kent Bazemore, Malik Monk, Wayne Ellington",9,"2",44,38,44,41,1179,1212,0,3,-3,33
"22100170","MIA","Duncan Robinson, Kyle Lowry, Omer Yurtseven, P.J. Tucker, Tyler Herro",9,"2",38,44,57,55,1179,1440,19,11,8,261
"22100170","LAL","Anthony Davis, Carmelo Anthony, Dwight Howard, Malik Monk, Wayne Ellington",10,"2",44,41,44,41,1212,1212,0,0,0,0
"22100170","MIA","Bam Adebayo, Duncan Robinson, Kyle Lowry, P.J. Tucker, Tyler Herro",10,"3",57,55,67,68,1440,1871,10,13,-3,431
"22100170","LAL","Anthony Davis, Avery Bradley, Carmelo Anthony, Malik Monk, Wayne Ellington",11,"2",44,41,47,47,1212,1285,3,6,-3,73
"22100170","MIA","Bam Adebayo, Duncan Robinson, Gabe Vincent, Kyle Lowry, P.J. Tucker",11,"3",67,68,75,71,1871,1959,8,3,5,88
"22100170","LAL","Anthony Davis, Avery Bradley, Carmelo Anthony, Russell Westbrook, Wayne Ellington",12,"2",47,47,55,57,1285,1440,8,10,-2,155
"22100170","MIA","Bam Adebayo, Caleb Martin, Duncan Robinson, Gabe Vincent, Kyle Lowry",12,"3",75,71,82,76,1959,2093,7,5,2,134
"22100170","LAL","Anthony Davis, Avery Bradley, DeAndre Jordan, Kent Bazemore, Russell Westbrook",13,"3",55,57,64,65,1440,1766,9,8,1,326
"22100170","MIA","Bam Adebayo, Caleb Martin, Duncan Robinson, Gabe Vincent, Tyler Herro",13,"3",82,76,86,82,2093,2160,4,6,-2,67
"22100170","MIA","Bam Adebayo, Caleb Martin, Duncan Robinson, Gabe Vincent, Tyler Herro",13,"4",86,82,86,82,2160,2173,0,0,0,13
"22100170","LAL","Anthony Davis, Avery Bradley, DeAndre Jordan, Russell Westbrook, Wayne Ellington",14,"3",64,65,64,65,1766,1766,0,0,0,0
"22100170","MIA","Bam Adebayo, Caleb Martin, Gabe Vincent, Kyle Lowry, Tyler Herro",14,"4",86,82,86,84,2173,2219,0,2,-2,46
"22100170","LAL","Anthony Davis, Avery Bradley, Carmelo Anthony, Russell Westbrook, Wayne Ellington",15,"3",64,65,68,67,1766,1871,4,2,2,105
"22100170","MIA","Caleb Martin, Dewayne Dedmon, Gabe Vincent, Kyle Lowry, Tyler Herro",15,"4",86,84,90,93,2219,2342,4,9,-5,123
"22100170","LAL","Anthony Davis, Avery Bradley, Carmelo Anthony, Malik Monk, Wayne Ellington",16,"3",68,67,71,73,1871,1940,3,6,-3,69
"22100170","MIA","Bam Adebayo, Dewayne Dedmon, Gabe Vincent, Kyle Lowry, Tyler Herro",16,"4",90,93,90,93,2342,2342,0,0,0,0
"22100170","LAL","Anthony Davis, Carmelo Anthony, Kent Bazemore, Malik Monk, Wayne Ellington",17,"3",71,73,76,82,1940,2093,5,9,-4,153
"22100170","MIA","Bam Adebayo, Gabe Vincent, Kyle Lowry, P.J. Tucker, Tyler Herro",17,"4",90,93,92,93,2342,2350,2,0,2,8
"22100170","LAL","Anthony Davis, Carmelo Anthony, Malik Monk, Russell Westbrook, Wayne Ellington",18,"3",76,82,82,86,2093,2160,6,4,2,67
"22100170","MIA","Bam Adebayo, Duncan Robinson, Kyle Lowry, P.J. Tucker, Tyler Herro",18,"4",92,93,112,112,2350,2880,20,19,1,530
"22100170","MIA","Bam Adebayo, Duncan Robinson, Kyle Lowry, P.J. Tucker, Tyler Herro",18,"5",112,112,114,115,2880,2959,2,3,-1,79
"22100170","LAL","Carmelo Anthony, Dwight Howard, Malik Monk, Russell Westbrook, Wayne Ellington",19,"4",82,86,87,86,2160,2259,5,0,5,99
"22100170","MIA","Bam Adebayo, Duncan Robinson, Gabe Vincent, Kyle Lowry, P.J. Tucker",19,"5",114,115,114,115,2959,2985,0,0,0,26
"22100170","LAL","Avery Bradley, Carmelo Anthony, Dwight Howard, Malik Monk, Russell Westbrook",20,"4",87,86,91,88,2259,2314,4,2,2,55
"22100170","MIA","Bam Adebayo, Duncan Robinson, Kyle Lowry, P.J. Tucker, Tyler Herro",20,"5",114,115,117,119,2985,3159,3,4,-1,174
"22100170","LAL","Avery Bradley, Carmelo Anthony, Dwight Howard, Kent Bazemore, Russell Westbrook",21,"4",91,88,93,90,2314,2342,2,2,0,28
"22100170","MIA","Bam Adebayo, Caleb Martin, Kyle Lowry, P.J. Tucker, Tyler Herro",21,"5",117,119,117,119,3159,3162,0,0,0,3
"22100170","LAL","Anthony Davis, Avery Bradley, Dwight Howard, Kent Bazemore, Russell Westbrook",22,"4",93,90,93,92,2342,2350,0,2,-2,8
"22100170","MIA","Caleb Martin, Gabe Vincent, Kyle Lowry, P.J. Tucker, Tyler Herro",22,"5",117,119,117,119,3162,3162,0,0,0,0
"22100170","LAL","Anthony Davis, Avery Bradley, Kent Bazemore, Russell Westbrook, Wayne Ellington",23,"4",93,92,93,97,2350,2413,0,5,-5,63
"22100170","MIA","Duncan Robinson, Gabe Vincent, Kyle Lowry, P.J. Tucker, Tyler Herro",23,"5",117,119,117,120,3162,3174,0,1,-1,12
"22100170","LAL","Anthony Davis, Avery Bradley, Malik Monk, Russell Westbrook, Wayne Ellington",24,"4",93,97,93,100,2413,2427,0,3,-3,14
"22100170","MIA","Dewayne Dedmon, Duncan Robinson, Kyle Lowry, P.J. Tucker, Tyler Herro",24,"5",117,120,117,120,3174,3178,0,0,0,4
"22100170","LAL","Anthony Davis, Avery Bradley, Carmelo Anthony, Malik Monk, Russell Westbrook",25,"4",93,100,112,112,2427,2880,19,12,7,453
"22100170","LAL","Anthony Davis, Avery Bradley, Carmelo Anthony, Malik Monk, Russell Westbrook",25,"5",112,112,120,117,2880,3180,8,5,3,300
"22100170","MIA","Dewayne Dedmon, Kyle Lowry, Omer Yurtseven, P.J. Tucker, Tyler Herro",25,"5",117,120,117,120,3178,3180,0,0,0,2
